89736501
57871644
25802222
42204356
63235925
27849822
12698682
81472369
90579194
91337586
61464897
84982249
68480273
43993520
54688152
95750684
15761308
97059278
95716695
48537565
80028047
96488854
14188634
42176128
91573553
79220733
95949243
65574070
84912931
93399325
67873515
75774013
74313247
39222702
65547789
17118669
70604609
27692298
82345783
69482862
31709948
95022205
43874436
38155846
76551679
79519990
18687260
71998867
59333113
92399521
19307182
31116964
52752070
80519911
65616489
63765240
10259213
57055522
97903221
99118477
86301266
35712000
57332104
52860127
24501775
94208815
92455937
63723740
48315106
61770764
29436413
61484055
72085935
91075742
94551614
94481733
32060746
10423542
16427030
91497442
40147409
78514394
57934696
72673576
34554793
96193865
76730801
62006776
98163974
28522306
85266279
24256247
76397445
68554272
31781582
81660052
97626964
24582714
82586307
72816777
77615002
98955592
66363881
99067747
90089143
14117909
39616447
13804205
74959297
22667356
15614329
71243488
16760611
46296662
85717718
51943426
60892367
