ZONE MED VOL(cm3) MASS(g)
1	1	  0.3750    0.3750
2	1	  0.3750    0.3750
3	1	  0.3750    0.3750
4	1	  0.3750    0.3750
5	1	  0.3750    0.3750
6	1	  0.3750    0.3750
7	1	  0.3750    0.3750
8	1	  0.3750    0.3750
9	1	  0.3750    0.3750
10	1	  0.3750    0.3750
11	1	  0.3750    0.3750
12	1	  0.3750    0.3750
13	1	  0.3750    0.3750
14	1	  0.3750    0.3750
15	1	  0.3750    0.3750
16	1	  0.3750    0.3750
17	1	  0.3750    0.3750
18	1	  0.3750    0.3750
19	1	  0.3750    0.3750
20	1	  0.3750    0.3750
21	1	  0.3750    0.3750
22	1	  0.3750    0.3750
23	1	  0.3750    0.3750
24	1	  0.3750    0.3750
25	1	  0.3750    0.3750
26	1	  0.3750    0.3750
27	1	  0.3750    0.3750
28	1	  0.3750    0.3750
29	1	  0.3750    0.3750
30	1	  0.3750    0.3750
31	1	  0.3750    0.3750
32	1	  0.3750    0.3750
33	1	  0.3750    0.3750
34	1	  0.3750    0.3750
35	1	  0.3750    0.3750
36	1	  0.3750    0.3750
37	1	  0.3750    0.3750
38	1	  0.3750    0.3750
39	1	  0.3750    0.3750
40	1	  0.3750    0.3750
41	1	  0.3750    0.3750
42	1	  0.3750    0.3750
43	1	  0.3750    0.3750
44	1	  0.3750    0.3750
45	1	  0.3750    0.3750
46	1	  0.3750    0.3750
47	1	  0.3750    0.3750
48	1	  0.3750    0.3750
49	1	  0.3750    0.3750
50	1	  0.3750    0.3750
51	1	  0.3750    0.3750
52	1	  0.3750    0.3750
53	1	  0.3750    0.3750
54	1	  0.3750    0.3750
55	1	  0.3750    0.3750
56	1	  0.3750    0.3750
57	1	  0.3750    0.3750
58	1	  0.3750    0.3750
59	1	  0.3750    0.3750
60	1	  0.3750    0.3750
61	1	  0.3750    0.3750
62	1	  0.3750    0.3750
63	1	  0.3750    0.3750
64	1	  0.3750    0.3750
65	1	  0.3750    0.3750
66	1	  0.3750    0.3750
67	1	  0.3750    0.3750
68	1	  0.3750    0.3750
69	1	  0.3750    0.3750
70	1	  0.3750    0.3750
71	1	  0.3750    0.3750
72	1	  0.3750    0.3750
73	1	  0.3750    0.3750
74	1	  0.3750    0.3750
75	1	  0.3750    0.3750
76	1	  0.3750    0.3750
77	1	  0.3750    0.3750
78	1	  0.3750    0.3750
79	1	  0.3750    0.3750
80	1	  0.3750    0.3750
81	1	  0.3750    0.3750
82	1	  0.3750    0.3750
83	1	  0.3750    0.3750
84	1	  0.3750    0.3750
85	1	  0.3750    0.3750
86	1	  0.3750    0.3750
87	1	  0.3750    0.3750
88	1	  0.3750    0.3750
89	1	  0.3750    0.3750
90	1	  0.3750    0.3750
91	1	  0.3750    0.3750
92	1	  0.3750    0.3750
93	1	  0.3750    0.3750
94	1	  0.3750    0.3750
95	1	  0.3750    0.3750
96	1	  0.3750    0.3750
97	1	  0.3750    0.3750
98	1	  0.3750    0.3750
99	1	  0.3750    0.3750
100	1	  0.3750    0.3750
101	1	  0.3750    0.3750
102	1	  0.3750    0.3750
103	1	  0.3750    0.3750
104	1	  0.3750    0.3750
105	1	  0.3750    0.3750
106	1	  0.3750    0.3750
107	1	  0.3750    0.3750
108	1	  0.3750    0.3750
109	1	  0.3750    0.3750
110	1	  0.3750    0.3750
111	1	  0.3750    0.3750
112	1	  0.3750    0.3750
113	1	  0.3750    0.3750
114	1	  0.3750    0.3750
115	1	  0.3750    0.3750
116	1	  0.3750    0.3750
117	1	  0.3750    0.3750
118	1	  0.3750    0.3750
119	1	  0.3750    0.3750
120	1	  0.3750    0.3750
121	1	  0.3750    0.3750
122	1	  0.3750    0.3750
123	1	  0.3750    0.3750
124	1	  0.3750    0.3750
125	1	  0.3750    0.3750
126	1	  0.3750    0.3750
127	1	  0.3750    0.3750
128	1	  0.3750    0.3750
129	1	  0.3750    0.3750
130	1	  0.3750    0.3750
131	1	  0.3750    0.3750
132	1	  0.3750    0.3750
133	1	  0.3750    0.3750
134	1	  0.3750    0.3750
135	1	  0.3750    0.3750
136	1	  0.3750    0.3750
137	1	  0.3750    0.3750
138	1	  0.3750    0.3750
139	1	  0.3750    0.3750
140	1	  0.3750    0.3750
141	1	  0.3750    0.3750
142	1	  0.3750    0.3750
143	1	  0.3750    0.3750
144	1	  0.3750    0.3750
145	1	  0.3750    0.3750
146	1	  0.3750    0.3750
147	1	  0.3750    0.3750
148	1	  0.3750    0.3750
149	1	  0.3750    0.3750
150	1	  0.3750    0.3750
151	1	  0.3750    0.3750
152	1	  0.3750    0.3750
153	1	  0.3750    0.3750
154	1	  0.3750    0.3750
155	1	  0.3750    0.3750
156	1	  0.3750    0.3750
157	1	  0.3750    0.3750
158	1	  0.3750    0.3750
159	1	  0.3750    0.3750
160	1	  0.3750    0.3750
161	1	  0.3750    0.3750
162	1	  0.3750    0.3750
163	1	  0.3750    0.3750
164	1	  0.3750    0.3750
165	1	  0.3750    0.3750
166	1	  0.3750    0.3750
167	1	  0.3750    0.3750
168	1	  0.3750    0.3750
169	1	  0.3750    0.3750
170	1	  0.3750    0.3750
171	1	  0.3750    0.3750
172	1	  0.3750    0.3750
173	1	  0.3750    0.3750
174	1	  0.3750    0.3750
175	1	  0.3750    0.3750
176	1	  0.3750    0.3750
177	1	  0.3750    0.3750
178	1	  0.3750    0.3750
179	1	  0.3750    0.3750
180	1	  0.3750    0.3750
181	1	  0.3750    0.3750
182	1	  0.3750    0.3750
183	1	  0.3750    0.3750
184	1	  0.3750    0.3750
185	1	  0.3750    0.3750
186	1	  0.3750    0.3750
187	1	  0.3750    0.3750
188	1	  0.3750    0.3750
189	1	  0.3750    0.3750
190	1	  0.3750    0.3750
191	1	  0.3750    0.3750
192	1	  0.3750    0.3750
193	1	  0.3750    0.3750
194	1	  0.3750    0.3750
195	1	  0.3750    0.3750
196	1	  0.3750    0.3750
197	1	  0.3750    0.3750
198	1	  0.3750    0.3750
199	1	  0.3750    0.3750
200	1	  0.3750    0.3750
201	1	  0.3750    0.3750
202	1	  0.3750    0.3750
203	1	  0.3750    0.3750
204	1	  0.3750    0.3750
205	1	  0.3750    0.3750
206	1	  0.3750    0.3750
207	1	  0.3750    0.3750
208	1	  0.3750    0.3750
209	1	  0.3750    0.3750
210	1	  0.3750    0.3750
211	1	  0.3750    0.3750
212	1	  0.3750    0.3750
213	1	  0.3750    0.3750
214	1	  0.3750    0.3750
215	1	  0.3750    0.3750
216	1	  0.3750    0.3750
217	1	  0.3750    0.3750
218	1	  0.3750    0.3750
219	1	  0.3750    0.3750
220	1	  0.3750    0.3750
221	1	  0.3750    0.3750
222	1	  0.3750    0.3750
223	1	  0.3750    0.3750
224	1	  0.3750    0.3750
225	1	  0.3750    0.3750
226	1	  0.3750    0.3750
227	1	  0.3750    0.3750
228	1	  0.3750    0.3750
229	1	  0.3750    0.3750
230	1	  0.3750    0.3750
231	1	  0.3750    0.3750
232	1	  0.3750    0.3750
233	1	  0.3750    0.3750
234	1	  0.3750    0.3750
235	1	  0.3750    0.3750
236	1	  0.3750    0.3750
237	1	  0.3750    0.3750
238	1	  0.3750    0.3750
239	1	  0.3750    0.3750
240	1	  0.3750    0.3750
241	1	  0.3750    0.3750
242	1	  0.3750    0.3750
243	1	  0.3750    0.3750
244	1	  0.3750    0.3750
245	1	  0.3750    0.3750
246	1	  0.3750    0.3750
247	1	  0.3750    0.3750
248	1	  0.3750    0.3750
249	1	  0.3750    0.3750
250	1	  0.3750    0.3750
251	1	  0.3750    0.3750
252	1	  0.3750    0.3750
253	1	  0.3750    0.3750
254	1	  0.3750    0.3750
255	1	  0.3750    0.3750
256	1	  0.3750    0.3750
257	1	  0.3750    0.3750
258	1	  0.3750    0.3750
259	1	  0.3750    0.3750
260	1	  0.3750    0.3750
261	1	  0.3750    0.3750
262	1	  0.3750    0.3750
263	1	  0.3750    0.3750
264	1	  0.3750    0.3750
265	1	  0.3750    0.3750
266	1	  0.3750    0.3750
267	1	  0.3750    0.3750
268	1	  0.3750    0.3750
269	1	  0.3750    0.3750
270	1	  0.3750    0.3750
271	1	  0.3750    0.3750
272	1	  0.3750    0.3750
273	1	  0.3750    0.3750
274	1	  0.3750    0.3750
275	1	  0.3750    0.3750
276	1	  0.3750    0.3750
277	1	  0.3750    0.3750
278	1	  0.3750    0.3750
279	1	  0.3750    0.3750
280	1	  0.3750    0.3750
281	1	  0.3750    0.3750
282	1	  0.3750    0.3750
283	1	  0.3750    0.3750
284	1	  0.3750    0.3750
285	1	  0.3750    0.3750
286	1	  0.3750    0.3750
287	1	  0.3750    0.3750
288	1	  0.3750    0.3750
289	1	  0.3750    0.3750
290	1	  0.3750    0.3750
291	1	  0.3750    0.3750
292	1	  0.3750    0.3750
293	1	  0.3750    0.3750
294	1	  0.3750    0.3750
295	1	  0.3750    0.3750
296	1	  0.3750    0.3750
297	1	  0.3750    0.3750
298	1	  0.3750    0.3750
299	1	  0.3750    0.3750
300	1	  0.3750    0.3750
301	1	  0.3750    0.3750
302	1	  0.3750    0.3750
303	1	  0.3750    0.3750
304	1	  0.3750    0.3750
305	1	  0.3750    0.3750
306	1	  0.3750    0.3750
307	1	  0.3750    0.3750
308	1	  0.3750    0.3750
309	1	  0.3750    0.3750
310	1	  0.3750    0.3750
311	1	  0.3750    0.3750
312	1	  0.3750    0.3750
313	1	  0.3750    0.3750
314	1	  0.3750    0.3750
315	1	  0.3750    0.3750
316	1	  0.3750    0.3750
317	1	  0.3750    0.3750
318	1	  0.3750    0.3750
319	1	  0.3750    0.3750
320	1	  0.3750    0.3750
321	1	  0.3750    0.3750
322	1	  0.3750    0.3750
323	1	  0.3750    0.3750
324	1	  0.3750    0.3750
325	1	  0.3750    0.3750
326	1	  0.3750    0.3750
327	1	  0.3750    0.3750
328	1	  0.3750    0.3750
329	1	  0.3750    0.3750
330	1	  0.3750    0.3750
331	1	  0.3750    0.3750
332	1	  0.3750    0.3750
333	1	  0.3750    0.3750
334	1	  0.3750    0.3750
335	1	  0.3750    0.3750
336	1	  0.3750    0.3750
337	1	  0.3750    0.3750
338	1	  0.3750    0.3750
339	1	  0.3750    0.3750
340	1	  0.3750    0.3750
341	1	  0.3750    0.3750
342	1	  0.3750    0.3750
343	1	  0.3750    0.3750
344	1	  0.3750    0.3750
345	1	  0.3750    0.3750
346	1	  0.3750    0.3750
347	1	  0.3750    0.3750
348	1	  0.3750    0.3750
349	1	  0.3750    0.3750
350	1	  0.3750    0.3750
351	1	  0.3750    0.3750
352	1	  0.3750    0.3750
353	1	  0.3750    0.3750
354	1	  0.3750    0.3750
355	1	  0.3750    0.3750
356	1	  0.3750    0.3750
357	1	  0.3750    0.3750
358	1	  0.3750    0.3750
359	1	  0.3750    0.3750
360	1	  0.3750    0.3750
361	1	  0.3750    0.3750
362	1	  0.3750    0.3750
363	1	  0.3750    0.3750
364	1	  0.3750    0.3750
365	1	  0.3750    0.3750
366	1	  0.3750    0.3750
367	1	  0.3750    0.3750
368	1	  0.3750    0.3750
369	1	  0.3750    0.3750
370	1	  0.3750    0.3750
371	1	  0.3750    0.3750
372	1	  0.3750    0.3750
373	1	  0.3750    0.3750
374	1	  0.3750    0.3750
375	1	  0.3750    0.3750
376	1	  0.3750    0.3750
377	1	  0.3750    0.3750
378	1	  0.3750    0.3750
379	1	  0.3750    0.3750
380	1	  0.3750    0.3750
381	1	  0.3750    0.3750
382	1	  0.3750    0.3750
383	1	  0.3750    0.3750
384	1	  0.3750    0.3750
385	1	  0.3750    0.3750
386	1	  0.3750    0.3750
387	1	  0.3750    0.3750
388	1	  0.3750    0.3750
389	1	  0.3750    0.3750
390	1	  0.3750    0.3750
391	1	  0.3750    0.3750
392	1	  0.3750    0.3750
393	1	  0.3750    0.3750
394	1	  0.3750    0.3750
395	1	  0.3750    0.3750
396	1	  0.3750    0.3750
397	1	  0.3750    0.3750
398	1	  0.3750    0.3750
399	1	  0.3750    0.3750
400	1	  0.3750    0.3750
401	1	  0.3750    0.3750
402	1	  0.3750    0.3750
403	1	  0.3750    0.3750
404	1	  0.3750    0.3750
405	1	  0.3750    0.3750
406	1	  0.3750    0.3750
407	1	  0.3750    0.3750
408	1	  0.3750    0.3750
409	1	  0.3750    0.3750
410	1	  0.3750    0.3750
411	1	  0.3750    0.3750
412	1	  0.3750    0.3750
413	1	  0.3750    0.3750
414	1	  0.3750    0.3750
415	1	  0.3750    0.3750
416	1	  0.3750    0.3750
417	1	  0.3750    0.3750
418	1	  0.3750    0.3750
419	1	  0.3750    0.3750
420	1	  0.3750    0.3750
421	1	  0.3750    0.3750
422	1	  0.3750    0.3750
423	1	  0.3750    0.3750
424	1	  0.3750    0.3750
425	1	  0.3750    0.3750
426	1	  0.3750    0.3750
427	1	  0.3750    0.3750
428	1	  0.3750    0.3750
429	1	  0.3750    0.3750
430	1	  0.3750    0.3750
431	1	  0.3750    0.3750
432	1	  0.3750    0.3750
433	1	  0.3750    0.3750
434	1	  0.3750    0.3750
435	1	  0.3750    0.3750
436	1	  0.3750    0.3750
437	1	  0.3750    0.3750
438	1	  0.3750    0.3750
439	1	  0.3750    0.3750
440	1	  0.3750    0.3750
441	1	  0.3750    0.3750
442	1	  0.3750    0.3750
443	1	  0.3750    0.3750
444	1	  0.3750    0.3750
445	1	  0.3750    0.3750
446	1	  0.3750    0.3750
447	1	  0.3750    0.3750
448	1	  0.3750    0.3750
449	1	  0.3750    0.3750
450	1	  0.3750    0.3750
451	1	  0.3750    0.3750
452	1	  0.3750    0.3750
453	1	  0.3750    0.3750
454	1	  0.3750    0.3750
455	1	  0.3750    0.3750
456	1	  0.3750    0.3750
457	1	  0.3750    0.3750
458	1	  0.3750    0.3750
459	1	  0.3750    0.3750
460	1	  0.3750    0.3750
461	1	  0.3750    0.3750
462	1	  0.3750    0.3750
463	1	  0.3750    0.3750
464	1	  0.3750    0.3750
465	1	  0.3750    0.3750
466	1	  0.3750    0.3750
467	1	  0.3750    0.3750
468	1	  0.3750    0.3750
469	1	  0.3750    0.3750
470	1	  0.3750    0.3750
471	1	  0.3750    0.3750
472	1	  0.3750    0.3750
473	1	  0.3750    0.3750
474	1	  0.3750    0.3750
475	1	  0.3750    0.3750
476	1	  0.3750    0.3750
477	1	  0.3750    0.3750
478	1	  0.3750    0.3750
479	1	  0.3750    0.3750
480	1	  0.3750    0.3750
481	1	  0.3750    0.3750
482	1	  0.3750    0.3750
483	1	  0.3750    0.3750
484	1	  0.3750    0.3750
485	1	  0.3750    0.3750
486	1	  0.3750    0.3750
487	1	  0.3750    0.3750
488	1	  0.3750    0.3750
489	1	  0.3750    0.3750
490	1	  0.3750    0.3750
491	1	  0.3750    0.3750
492	1	  0.3750    0.3750
493	1	  0.3750    0.3750
494	1	  0.3750    0.3750
495	1	  0.3750    0.3750
496	1	  0.3750    0.3750
497	1	  0.3750    0.3750
498	1	  0.3750    0.3750
499	1	  0.3750    0.3750
500	1	  0.3750    0.3750
501	1	  0.3750    0.3750
502	1	  0.3750    0.3750
503	1	  0.3750    0.3750
504	1	  0.3750    0.3750
505	1	  0.3750    0.3750
506	1	  0.3750    0.3750
507	1	  0.3750    0.3750
508	1	  0.3750    0.3750
509	1	  0.3750    0.3750
510	1	  0.3750    0.3750
511	1	  0.3750    0.3750
512	1	  0.3750    0.3750
513	1	  0.3750    0.3750
514	1	  0.3750    0.3750
515	1	  0.3750    0.3750
516	1	  0.3750    0.3750
517	1	  0.3750    0.3750
518	1	  0.3750    0.3750
519	1	  0.3750    0.3750
520	1	  0.3750    0.3750
521	1	  0.3750    0.3750
522	1	  0.3750    0.3750
523	1	  0.3750    0.3750
524	1	  0.3750    0.3750
525	1	  0.3750    0.3750
526	1	  0.3750    0.3750
527	1	  0.3750    0.3750
528	1	  0.3750    0.3750
529	1	  0.3750    0.3750
530	1	  0.3750    0.3750
531	1	  0.3750    0.3750
532	1	  0.3750    0.3750
533	1	  0.3750    0.3750
534	1	  0.3750    0.3750
535	1	  0.3750    0.3750
536	1	  0.3750    0.3750
537	1	  0.3750    0.3750
538	1	  0.3750    0.3750
539	1	  0.3750    0.3750
540	1	  0.3750    0.3750
541	1	  0.3750    0.3750
542	1	  0.3750    0.3750
543	1	  0.3750    0.3750
544	1	  0.3750    0.3750
545	1	  0.3750    0.3750
546	1	  0.3750    0.3750
547	1	  0.3750    0.3750
548	1	  0.3750    0.3750
549	1	  0.3750    0.3750
550	1	  0.3750    0.3750
551	1	  0.3750    0.3750
552	1	  0.3750    0.3750
553	1	  0.3750    0.3750
554	1	  0.3750    0.3750
555	1	  0.3750    0.3750
556	1	  0.3750    0.3750
557	1	  0.3750    0.3750
558	1	  0.3750    0.3750
559	1	  0.3750    0.3750
560	1	  0.3750    0.3750
561	1	  0.3750    0.3750
562	1	  0.3750    0.3750
563	1	  0.3750    0.3750
564	1	  0.3750    0.3750
565	1	  0.3750    0.3750
566	1	  0.3750    0.3750
567	1	  0.3750    0.3750
568	1	  0.3750    0.3750
569	1	  0.3750    0.3750
570	1	  0.3750    0.3750
571	1	  0.3750    0.3750
572	1	  0.3750    0.3750
573	1	  0.3750    0.3750
574	1	  0.3750    0.3750
575	1	  0.3750    0.3750
576	1	  0.3750    0.3750
577	1	  0.3750    0.3750
578	1	  0.3750    0.3750
579	1	  0.3750    0.3750
580	1	  0.3750    0.3750
581	1	  0.3750    0.3750
582	1	  0.3750    0.3750
583	1	  0.3750    0.3750
584	1	  0.3750    0.3750
585	1	  0.3750    0.3750
586	1	  0.3750    0.3750
587	1	  0.3750    0.3750
588	1	  0.3750    0.3750
589	1	  0.3750    0.3750
590	1	  0.3750    0.3750
591	1	  0.3750    0.3750
592	1	  0.3750    0.3750
593	1	  0.3750    0.3750
594	1	  0.3750    0.3750
595	1	  0.3750    0.3750
596	1	  0.3750    0.3750
597	1	  0.3750    0.3750
598	1	  0.3750    0.3750
599	1	  0.3750    0.3750
600	1	  0.3750    0.3750
601	1	  0.3750    0.3750
602	1	  0.3750    0.3750
603	1	  0.3750    0.3750
604	1	  0.3750    0.3750
605	1	  0.3750    0.3750
606	1	  0.3750    0.3750
607	1	  0.3750    0.3750
608	1	  0.3750    0.3750
609	1	  0.3750    0.3750
610	1	  0.3750    0.3750
611	1	  0.3750    0.3750
612	1	  0.3750    0.3750
613	1	  0.3750    0.3750
614	1	  0.3750    0.3750
615	1	  0.3750    0.3750
616	1	  0.3750    0.3750
617	1	  0.3750    0.3750
618	1	  0.3750    0.3750
619	1	  0.3750    0.3750
620	1	  0.3750    0.3750
621	1	  0.3750    0.3750
622	1	  0.3750    0.3750
623	1	  0.3750    0.3750
624	1	  0.3750    0.3750
625	1	  0.3750    0.3750
626	1	  0.3750    0.3750
627	1	  0.3750    0.3750
628	1	  0.3750    0.3750
629	1	  0.3750    0.3750
630	1	  0.3750    0.3750
631	1	  0.3750    0.3750
632	1	  0.3750    0.3750
633	1	  0.3750    0.3750
634	1	  0.3750    0.3750
635	1	  0.3750    0.3750
636	1	  0.3750    0.3750
637	1	  0.3750    0.3750
638	1	  0.3750    0.3750
639	1	  0.3750    0.3750
640	1	  0.3750    0.3750
641	1	  0.3750    0.3750
642	1	  0.3750    0.3750
643	1	  0.3750    0.3750
644	1	  0.3750    0.3750
645	1	  0.3750    0.3750
646	1	  0.3750    0.3750
647	1	  0.3750    0.3750
648	1	  0.3750    0.3750
649	1	  0.3750    0.3750
650	1	  0.3750    0.3750
651	1	  0.3750    0.3750
652	1	  0.3750    0.3750
653	1	  0.3750    0.3750
654	1	  0.3750    0.3750
655	1	  0.3750    0.3750
656	1	  0.3750    0.3750
657	1	  0.3750    0.3750
658	1	  0.3750    0.3750
659	1	  0.3750    0.3750
660	1	  0.3750    0.3750
661	1	  0.3750    0.3750
662	1	  0.3750    0.3750
663	1	  0.3750    0.3750
664	1	  0.3750    0.3750
665	1	  0.3750    0.3750
666	1	  0.3750    0.3750
667	1	  0.3750    0.3750
668	1	  0.3750    0.3750
669	1	  0.3750    0.3750
670	1	  0.3750    0.3750
671	1	  0.3750    0.3750
672	1	  0.3750    0.3750
673	1	  0.3750    0.3750
674	1	  0.3750    0.3750
675	1	  0.3750    0.3750
676	1	  0.3750    0.3750
677	1	  0.3750    0.3750
678	1	  0.3750    0.3750
679	1	  0.3750    0.3750
680	1	  0.3750    0.3750
681	1	  0.3750    0.3750
682	1	  0.3750    0.3750
683	1	  0.3750    0.3750
684	1	  0.3750    0.3750
685	1	  0.3750    0.3750
686	1	  0.3750    0.3750
687	1	  0.3750    0.3750
688	1	  0.3750    0.3750
689	1	  0.3750    0.3750
690	1	  0.3750    0.3750
691	1	  0.3750    0.3750
692	1	  0.3750    0.3750
693	1	  0.3750    0.3750
694	1	  0.3750    0.3750
695	1	  0.3750    0.3750
696	1	  0.3750    0.3750
697	1	  0.3750    0.3750
698	1	  0.3750    0.3750
699	1	  0.3750    0.3750
700	1	  0.3750    0.3750
701	1	  0.3750    0.3750
702	1	  0.3750    0.3750
703	1	  0.3750    0.3750
704	1	  0.3750    0.3750
705	1	  0.3750    0.3750
706	1	  0.3750    0.3750
707	1	  0.3750    0.3750
708	1	  0.3750    0.3750
709	1	  0.3750    0.3750
710	1	  0.3750    0.3750
711	1	  0.3750    0.3750
712	1	  0.3750    0.3750
713	1	  0.3750    0.3750
714	1	  0.3750    0.3750
715	1	  0.3750    0.3750
716	1	  0.3750    0.3750
717	1	  0.3750    0.3750
718	1	  0.3750    0.3750
719	1	  0.3750    0.3750
720	1	  0.3750    0.3750
721	1	  0.3750    0.3750
722	1	  0.3750    0.3750
723	1	  0.3750    0.3750
724	1	  0.3750    0.3750
725	1	  0.3750    0.3750
726	1	  0.3750    0.3750
727	1	  0.3750    0.3750
728	1	  0.3750    0.3750
729	1	  0.3750    0.3750
730	1	  0.3750    0.3750
731	1	  0.3750    0.3750
732	1	  0.3750    0.3750
733	1	  0.3750    0.3750
734	1	  0.3750    0.3750
735	1	  0.3750    0.3750
736	1	  0.3750    0.3750
737	1	  0.3750    0.3750
738	1	  0.3750    0.3750
739	1	  0.3750    0.3750
740	1	  0.3750    0.3750
741	1	  0.3750    0.3750
742	1	  0.3750    0.3750
743	1	  0.3750    0.3750
744	1	  0.3750    0.3750
745	1	  0.3750    0.3750
746	1	  0.3750    0.3750
747	1	  0.3750    0.3750
748	1	  0.3750    0.3750
749	1	  0.3750    0.3750
750	1	  0.3750    0.3750
751	1	  0.3750    0.3750
752	1	  0.3750    0.3750
753	1	  0.3750    0.3750
754	1	  0.3750    0.3750
755	1	  0.3750    0.3750
756	1	  0.3750    0.3750
757	1	  0.3750    0.3750
758	1	  0.3750    0.3750
759	1	  0.3750    0.3750
760	1	  0.3750    0.3750
761	1	  0.3750    0.3750
762	1	  0.3750    0.3750
763	1	  0.3750    0.3750
764	1	  0.3750    0.3750
765	1	  0.3750    0.3750
766	1	  0.3750    0.3750
767	1	  0.3750    0.3750
768	1	  0.3750    0.3750
769	1	  0.3750    0.3750
770	1	  0.3750    0.3750
771	1	  0.3750    0.3750
772	1	  0.3750    0.3750
773	1	  0.3750    0.3750
774	1	  0.3750    0.3750
775	1	  0.3750    0.3750
776	1	  0.3750    0.3750
777	1	  0.3750    0.3750
778	1	  0.3750    0.3750
779	1	  0.3750    0.3750
780	1	  0.3750    0.3750
781	1	  0.3750    0.3750
782	1	  0.3750    0.3750
783	1	  0.3750    0.3750
784	1	  0.3750    0.3750
785	1	  0.3750    0.3750
786	1	  0.3750    0.3750
787	1	  0.3750    0.3750
788	1	  0.3750    0.3750
789	1	  0.3750    0.3750
790	1	  0.3750    0.3750
791	1	  0.3750    0.3750
792	1	  0.3750    0.3750
793	1	  0.3750    0.3750
794	1	  0.3750    0.3750
795	1	  0.3750    0.3750
796	1	  0.3750    0.3750
797	1	  0.3750    0.3750
798	1	  0.3750    0.3750
799	1	  0.3750    0.3750
800	1	  0.3750    0.3750
801	1	  0.3750    0.3750
802	1	  0.3750    0.3750
803	1	  0.3750    0.3750
804	1	  0.3750    0.3750
805	1	  0.3750    0.3750
806	1	  0.3750    0.3750
807	1	  0.3750    0.3750
808	1	  0.3750    0.3750
809	1	  0.3750    0.3750
810	1	  0.3750    0.3750
811	1	  0.3750    0.3750
812	1	  0.3750    0.3750
813	1	  0.3750    0.3750
814	1	  0.3750    0.3750
815	1	  0.3750    0.3750
816	1	  0.3750    0.3750
817	1	  0.3750    0.3750
818	1	  0.3750    0.3750
819	1	  0.3750    0.3750
820	1	  0.3750    0.3750
821	1	  0.3750    0.3750
822	1	  0.3750    0.3750
823	1	  0.3750    0.3750
824	1	  0.3750    0.3750
825	1	  0.3750    0.3750
826	1	  0.3750    0.3750
827	1	  0.3750    0.3750
828	1	  0.3750    0.3750
829	1	  0.3750    0.3750
830	1	  0.3750    0.3750
831	1	  0.3750    0.3750
832	1	  0.3750    0.3750
833	1	  0.3750    0.3750
834	1	  0.3750    0.3750
835	1	  0.3750    0.3750
836	1	  0.3750    0.3750
837	1	  0.3750    0.3750
838	1	  0.3750    0.3750
839	1	  0.3750    0.3750
840	1	  0.3750    0.3750
841	1	  0.3750    0.3750
842	1	  0.3750    0.3750
843	1	  0.3750    0.3750
844	1	  0.3750    0.3750
845	1	  0.3750    0.3750
846	1	  0.3750    0.3750
847	1	  0.3750    0.3750
848	1	  0.3750    0.3750
849	1	  0.3750    0.3750
850	1	  0.3750    0.3750
851	1	  0.3750    0.3750
852	1	  0.3750    0.3750
853	1	  0.3750    0.3750
854	1	  0.3750    0.3750
855	1	  0.3750    0.3750
856	1	  0.3750    0.3750
857	1	  0.3750    0.3750
858	1	  0.3750    0.3750
859	1	  0.3750    0.3750
860	1	  0.3750    0.3750
861	1	  0.3750    0.3750
862	1	  0.3750    0.3750
863	1	  0.3750    0.3750
864	1	  0.3750    0.3750
865	1	  0.3750    0.3750
866	1	  0.3750    0.3750
867	1	  0.3750    0.3750
868	1	  0.3750    0.3750
869	1	  0.3750    0.3750
870	1	  0.3750    0.3750
871	1	  0.3750    0.3750
872	1	  0.3750    0.3750
873	1	  0.3750    0.3750
874	1	  0.3750    0.3750
875	1	  0.3750    0.3750
876	1	  0.3750    0.3750
877	1	  0.3750    0.3750
878	1	  0.3750    0.3750
879	1	  0.3750    0.3750
880	1	  0.3750    0.3750
881	1	  0.3750    0.3750
882	1	  0.3750    0.3750
883	1	  0.3750    0.3750
884	1	  0.3750    0.3750
885	1	  0.3750    0.3750
886	1	  0.3750    0.3750
887	1	  0.3750    0.3750
888	1	  0.3750    0.3750
889	1	  0.3750    0.3750
890	1	  0.3750    0.3750
891	1	  0.3750    0.3750
892	1	  0.3750    0.3750
893	1	  0.3750    0.3750
894	1	  0.3750    0.3750
895	1	  0.3750    0.3750
896	1	  0.3750    0.3750
897	1	  0.3750    0.3750
898	1	  0.3750    0.3750
899	1	  0.3750    0.3750
900	1	  0.3750    0.3750
901	1	  0.3750    0.3750
902	1	  0.3750    0.3750
903	1	  0.3750    0.3750
904	1	  0.3750    0.3750
905	1	  0.3750    0.3750
906	1	  0.3750    0.3750
907	1	  0.3750    0.3750
908	1	  0.3750    0.3750
909	1	  0.3750    0.3750
910	1	  0.3750    0.3750
911	1	  0.3750    0.3750
912	1	  0.3750    0.3750
913	1	  0.3750    0.3750
914	1	  0.3750    0.3750
915	1	  0.3750    0.3750
916	1	  0.3750    0.3750
917	1	  0.3750    0.3750
918	1	  0.3750    0.3750
919	1	  0.3750    0.3750
920	1	  0.3750    0.3750
921	1	  0.3750    0.3750
922	1	  0.3750    0.3750
923	1	  0.3750    0.3750
924	1	  0.3750    0.3750
925	1	  0.3750    0.3750
926	1	  0.3750    0.3750
927	1	  0.3750    0.3750
928	1	  0.3750    0.3750
929	1	  0.3750    0.3750
930	1	  0.3750    0.3750
931	1	  0.3750    0.3750
932	1	  0.3750    0.3750
933	1	  0.3750    0.3750
934	1	  0.3750    0.3750
935	1	  0.3750    0.3750
936	1	  0.3750    0.3750
937	1	  0.3750    0.3750
938	1	  0.3750    0.3750
939	1	  0.3750    0.3750
940	1	  0.3750    0.3750
941	1	  0.3750    0.3750
942	1	  0.3750    0.3750
943	1	  0.3750    0.3750
944	1	  0.3750    0.3750
945	1	  0.3750    0.3750
946	1	  0.3750    0.3750
947	1	  0.3750    0.3750
948	1	  0.3750    0.3750
949	1	  0.3750    0.3750
950	1	  0.3750    0.3750
951	1	  0.3750    0.3750
952	1	  0.3750    0.3750
953	1	  0.3750    0.3750
954	1	  0.3750    0.3750
955	1	  0.3750    0.3750
956	1	  0.3750    0.3750
957	1	  0.3750    0.3750
958	1	  0.3750    0.3750
959	1	  0.3750    0.3750
960	1	  0.3750    0.3750
961	1	  0.3750    0.3750
962	1	  0.3750    0.3750
963	1	  0.3750    0.3750
964	1	  0.3750    0.3750
965	1	  0.3750    0.3750
966	1	  0.3750    0.3750
967	1	  0.3750    0.3750
968	1	  0.3750    0.3750
969	1	  0.3750    0.3750
970	1	  0.3750    0.3750
971	1	  0.3750    0.3750
972	1	  0.3750    0.3750
973	1	  0.3750    0.3750
974	1	  0.3750    0.3750
975	1	  0.3750    0.3750
976	1	  0.3750    0.3750
977	1	  0.3750    0.3750
978	1	  0.3750    0.3750
979	1	  0.3750    0.3750
980	1	  0.3750    0.3750
981	1	  0.3750    0.3750
982	1	  0.3750    0.3750
983	1	  0.3750    0.3750
984	1	  0.3750    0.3750
985	1	  0.3750    0.3750
986	1	  0.3750    0.3750
987	1	  0.3750    0.3750
988	1	  0.3750    0.3750
989	1	  0.3750    0.3750
990	1	  0.3750    0.3750
991	1	  0.3750    0.3750
992	1	  0.3750    0.3750
993	1	  0.3750    0.3750
994	1	  0.3750    0.3750
995	1	  0.3750    0.3750
996	1	  0.3750    0.3750
997	1	  0.3750    0.3750
998	1	  0.3750    0.3750
999	1	  0.3750    0.3750
1000	1	  0.3750    0.3750
1001	1	  0.3750    0.3750
1002	1	  0.3750    0.3750
1003	1	  0.3750    0.3750
1004	1	  0.3750    0.3750
1005	1	  0.3750    0.3750
1006	1	  0.3750    0.3750
1007	1	  0.3750    0.3750
1008	1	  0.3750    0.3750
1009	1	  0.3750    0.3750
1010	1	  0.3750    0.3750
1011	1	  0.3750    0.3750
1012	1	  0.3750    0.3750
1013	1	  0.3750    0.3750
1014	1	  0.3750    0.3750
1015	1	  0.3750    0.3750
1016	1	  0.3750    0.3750
1017	1	  0.3750    0.3750
1018	1	  0.3750    0.3750
1019	1	  0.3750    0.3750
1020	1	  0.3750    0.3750
1021	1	  0.3750    0.3750
1022	1	  0.3750    0.3750
1023	1	  0.3750    0.3750
1024	1	  0.3750    0.3750
1025	1	  0.3750    0.3750
1026	1	  0.3750    0.3750
1027	1	  0.3750    0.3750
1028	1	  0.3750    0.3750
1029	1	  0.3750    0.3750
1030	1	  0.3750    0.3750
1031	1	  0.3750    0.3750
1032	1	  0.3750    0.3750
1033	1	  0.3750    0.3750
1034	1	  0.3750    0.3750
1035	1	  0.3750    0.3750
1036	1	  0.3750    0.3750
1037	1	  0.3750    0.3750
1038	1	  0.3750    0.3750
1039	1	  0.3750    0.3750
1040	1	  0.3750    0.3750
1041	1	  0.3750    0.3750
1042	1	  0.3750    0.3750
1043	1	  0.3750    0.3750
1044	1	  0.3750    0.3750
1045	1	  0.3750    0.3750
1046	1	  0.3750    0.3750
1047	1	  0.3750    0.3750
1048	1	  0.3750    0.3750
1049	1	  0.3750    0.3750
1050	1	  0.3750    0.3750
1051	1	  0.3750    0.3750
1052	1	  0.3750    0.3750
1053	1	  0.3750    0.3750
1054	1	  0.3750    0.3750
1055	1	  0.3750    0.3750
1056	1	  0.3750    0.3750
1057	1	  0.3750    0.3750
1058	1	  0.3750    0.3750
1059	1	  0.3750    0.3750
1060	1	  0.3750    0.3750
1061	1	  0.3750    0.3750
1062	1	  0.3750    0.3750
1063	1	  0.3750    0.3750
1064	1	  0.3750    0.3750
1065	1	  0.3750    0.3750
1066	1	  0.3750    0.3750
1067	1	  0.3750    0.3750
1068	1	  0.3750    0.3750
1069	1	  0.3750    0.3750
1070	1	  0.3750    0.3750
1071	1	  0.3750    0.3750
1072	1	  0.3750    0.3750
1073	1	  0.3750    0.3750
1074	1	  0.3750    0.3750
1075	1	  0.3750    0.3750
1076	1	  0.3750    0.3750
1077	1	  0.3750    0.3750
1078	1	  0.3750    0.3750
1079	1	  0.3750    0.3750
1080	1	  0.3750    0.3750
1081	1	  0.3750    0.3750
1082	1	  0.3750    0.3750
1083	1	  0.3750    0.3750
1084	1	  0.3750    0.3750
1085	1	  0.3750    0.3750
1086	1	  0.3750    0.3750
1087	1	  0.3750    0.3750
1088	1	  0.3750    0.3750
1089	1	  0.3750    0.3750
1090	1	  0.3750    0.3750
1091	1	  0.3750    0.3750
1092	1	  0.3750    0.3750
1093	1	  0.3750    0.3750
1094	1	  0.3750    0.3750
1095	1	  0.3750    0.3750
1096	1	  0.3750    0.3750
1097	1	  0.3750    0.3750
1098	1	  0.3750    0.3750
1099	1	  0.3750    0.3750
1100	1	  0.3750    0.3750
1101	1	  0.3750    0.3750
1102	1	  0.3750    0.3750
1103	1	  0.3750    0.3750
1104	1	  0.3750    0.3750
1105	1	  0.3750    0.3750
1106	1	  0.3750    0.3750
1107	1	  0.3750    0.3750
1108	1	  0.3750    0.3750
1109	1	  0.3750    0.3750
1110	1	  0.3750    0.3750
1111	1	  0.3750    0.3750
1112	1	  0.3750    0.3750
1113	1	  0.3750    0.3750
1114	1	  0.3750    0.3750
1115	1	  0.3750    0.3750
1116	1	  0.3750    0.3750
1117	1	  0.3750    0.3750
1118	1	  0.3750    0.3750
1119	1	  0.3750    0.3750
1120	1	  0.3750    0.3750
1121	1	  0.3750    0.3750
1122	1	  0.3750    0.3750
1123	1	  0.3750    0.3750
1124	1	  0.3750    0.3750
1125	1	  0.3750    0.3750
1126	1	  0.3750    0.3750
1127	1	  0.3750    0.3750
1128	1	  0.3750    0.3750
1129	1	  0.3750    0.3750
1130	1	  0.3750    0.3750
1131	1	  0.3750    0.3750
1132	1	  0.3750    0.3750
1133	1	  0.3750    0.3750
1134	1	  0.3750    0.3750
1135	1	  0.3750    0.3750
1136	1	  0.3750    0.3750
1137	1	  0.3750    0.3750
1138	1	  0.3750    0.3750
1139	1	  0.3750    0.3750
1140	1	  0.3750    0.3750
1141	1	  0.3750    0.3750
1142	1	  0.3750    0.3750
1143	1	  0.3750    0.3750
1144	1	  0.3750    0.3750
1145	1	  0.3750    0.3750
1146	1	  0.3750    0.3750
1147	1	  0.3750    0.3750
1148	1	  0.3750    0.3750
1149	1	  0.3750    0.3750
1150	1	  0.3750    0.3750
1151	1	  0.3750    0.3750
1152	1	  0.3750    0.3750
1153	1	  0.3750    0.3750
1154	1	  0.3750    0.3750
1155	1	  0.3750    0.3750
1156	1	  0.3750    0.3750
1157	1	  0.3750    0.3750
1158	1	  0.3750    0.3750
1159	1	  0.3750    0.3750
1160	1	  0.3750    0.3750
1161	1	  0.3750    0.3750
1162	1	  0.3750    0.3750
1163	1	  0.3750    0.3750
1164	1	  0.3750    0.3750
1165	1	  0.3750    0.3750
1166	1	  0.3750    0.3750
1167	1	  0.3750    0.3750
1168	1	  0.3750    0.3750
1169	1	  0.3750    0.3750
1170	1	  0.3750    0.3750
1171	1	  0.3750    0.3750
1172	1	  0.3750    0.3750
1173	1	  0.3750    0.3750
1174	1	  0.3750    0.3750
1175	1	  0.3750    0.3750
1176	1	  0.3750    0.3750
1177	1	  0.3750    0.3750
1178	1	  0.3750    0.3750
1179	1	  0.3750    0.3750
1180	1	  0.3750    0.3750
1181	1	  0.3750    0.3750
1182	1	  0.3750    0.3750
1183	1	  0.3750    0.3750
1184	1	  0.3750    0.3750
1185	1	  0.3750    0.3750
1186	1	  0.3750    0.3750
1187	1	  0.3750    0.3750
1188	1	  0.3750    0.3750
1189	1	  0.3750    0.3750
1190	1	  0.3750    0.3750
1191	1	  0.3750    0.3750
1192	1	  0.3750    0.3750
1193	1	  0.3750    0.3750
1194	1	  0.3750    0.3750
1195	1	  0.3750    0.3750
1196	1	  0.3750    0.3750
1197	1	  0.3750    0.3750
1198	1	  0.3750    0.3750
1199	1	  0.3750    0.3750
1200	1	  0.3750    0.3750
1201	1	  0.3750    0.3750
1202	1	  0.3750    0.3750
1203	1	  0.3750    0.3750
1204	1	  0.3750    0.3750
1205	1	  0.3750    0.3750
1206	1	  0.3750    0.3750
1207	1	  0.3750    0.3750
1208	1	  0.3750    0.3750
1209	1	  0.3750    0.3750
1210	1	  0.3750    0.3750
1211	1	  0.3750    0.3750
1212	1	  0.3750    0.3750
1213	1	  0.3750    0.3750
1214	1	  0.3750    0.3750
1215	1	  0.3750    0.3750
1216	1	  0.3750    0.3750
1217	1	  0.3750    0.3750
1218	1	  0.3750    0.3750
1219	1	  0.3750    0.3750
1220	1	  0.3750    0.3750
1221	1	  0.3750    0.3750
1222	1	  0.3750    0.3750
1223	1	  0.3750    0.3750
1224	1	  0.3750    0.3750
1225	1	  0.3750    0.3750
1226	1	  0.3750    0.3750
1227	1	  0.3750    0.3750
1228	1	  0.3750    0.3750
1229	1	  0.3750    0.3750
1230	1	  0.3750    0.3750
1231	1	  0.3750    0.3750
1232	1	  0.3750    0.3750
1233	1	  0.3750    0.3750
1234	1	  0.3750    0.3750
1235	1	  0.3750    0.3750
1236	1	  0.3750    0.3750
1237	1	  0.3750    0.3750
1238	1	  0.3750    0.3750
1239	1	  0.3750    0.3750
1240	1	  0.3750    0.3750
1241	1	  0.3750    0.3750
1242	1	  0.3750    0.3750
1243	1	  0.3750    0.3750
1244	1	  0.3750    0.3750
1245	1	  0.3750    0.3750
1246	1	  0.3750    0.3750
1247	1	  0.3750    0.3750
1248	1	  0.3750    0.3750
1249	1	  0.3750    0.3750
1250	1	  0.3750    0.3750
1251	1	  0.3750    0.3750
1252	1	  0.3750    0.3750
1253	1	  0.3750    0.3750
1254	1	  0.3750    0.3750
1255	1	  0.3750    0.3750
1256	1	  0.3750    0.3750
1257	1	  0.3750    0.3750
1258	1	  0.3750    0.3750
1259	1	  0.3750    0.3750
1260	1	  0.3750    0.3750
1261	1	  0.3750    0.3750
1262	1	  0.3750    0.3750
1263	1	  0.3750    0.3750
1264	1	  0.3750    0.3750
1265	1	  0.3750    0.3750
1266	1	  0.3750    0.3750
1267	1	  0.3750    0.3750
1268	1	  0.3750    0.3750
1269	1	  0.3750    0.3750
1270	1	  0.3750    0.3750
1271	1	  0.3750    0.3750
1272	1	  0.3750    0.3750
1273	1	  0.3750    0.3750
1274	1	  0.3750    0.3750
1275	1	  0.3750    0.3750
1276	1	  0.3750    0.3750
1277	1	  0.3750    0.3750
1278	1	  0.3750    0.3750
1279	1	  0.3750    0.3750
1280	1	  0.3750    0.3750
1281	1	  0.3750    0.3750
1282	1	  0.3750    0.3750
1283	1	  0.3750    0.3750
1284	1	  0.3750    0.3750
1285	1	  0.3750    0.3750
1286	1	  0.3750    0.3750
1287	1	  0.3750    0.3750
1288	1	  0.3750    0.3750
1289	1	  0.3750    0.3750
1290	1	  0.3750    0.3750
1291	1	  0.3750    0.3750
1292	1	  0.3750    0.3750
1293	1	  0.3750    0.3750
1294	1	  0.3750    0.3750
1295	1	  0.3750    0.3750
1296	1	  0.3750    0.3750
1297	1	  0.3750    0.3750
1298	1	  0.3750    0.3750
1299	1	  0.3750    0.3750
1300	1	  0.3750    0.3750
1301	1	  0.3750    0.3750
1302	1	  0.3750    0.3750
1303	1	  0.3750    0.3750
1304	1	  0.3750    0.3750
1305	1	  0.3750    0.3750
1306	1	  0.3750    0.3750
1307	1	  0.3750    0.3750
1308	1	  0.3750    0.3750
1309	1	  0.3750    0.3750
1310	1	  0.3750    0.3750
1311	1	  0.3750    0.3750
1312	1	  0.3750    0.3750
1313	1	  0.3750    0.3750
1314	1	  0.3750    0.3750
1315	1	  0.3750    0.3750
1316	1	  0.3750    0.3750
1317	1	  0.3750    0.3750
1318	1	  0.3750    0.3750
1319	1	  0.3750    0.3750
1320	1	  0.3750    0.3750
1321	1	  0.3750    0.3750
1322	1	  0.3750    0.3750
1323	1	  0.3750    0.3750
1324	1	  0.3750    0.3750
1325	1	  0.3750    0.3750
1326	1	  0.3750    0.3750
1327	1	  0.3750    0.3750
1328	1	  0.3750    0.3750
1329	1	  0.3750    0.3750
1330	1	  0.3750    0.3750
1331	1	  0.3750    0.3750
1332	1	  0.3750    0.3750
1333	1	  0.3750    0.3750
1334	1	  0.3750    0.3750
1335	1	  0.3750    0.3750
1336	1	  0.3750    0.3750
1337	1	  0.3750    0.3750
1338	1	  0.3750    0.3750
1339	1	  0.3750    0.3750
1340	1	  0.3750    0.3750
1341	1	  0.3750    0.3750
1342	1	  0.3750    0.3750
1343	1	  0.3750    0.3750
1344	1	  0.3750    0.3750
1345	1	  0.3750    0.3750
1346	1	  0.3750    0.3750
1347	1	  0.3750    0.3750
1348	1	  0.3750    0.3750
1349	1	  0.3750    0.3750
1350	1	  0.3750    0.3750
1351	1	  0.3750    0.3750
1352	1	  0.3750    0.3750
1353	1	  0.3750    0.3750
1354	1	  0.3750    0.3750
1355	1	  0.3750    0.3750
1356	1	  0.3750    0.3750
1357	1	  0.3750    0.3750
1358	1	  0.3750    0.3750
1359	1	  0.3750    0.3750
1360	1	  0.3750    0.3750
1361	1	  0.3750    0.3750
1362	1	  0.3750    0.3750
1363	1	  0.3750    0.3750
1364	1	  0.3750    0.3750
1365	1	  0.3750    0.3750
1366	1	  0.3750    0.3750
1367	1	  0.3750    0.3750
1368	1	  0.3750    0.3750
1369	1	  0.3750    0.3750
1370	1	  0.3750    0.3750
1371	1	  0.3750    0.3750
1372	1	  0.3750    0.3750
1373	1	  0.3750    0.3750
1374	1	  0.3750    0.3750
1375	1	  0.3750    0.3750
1376	1	  0.3750    0.3750
1377	1	  0.3750    0.3750
1378	1	  0.3750    0.3750
1379	1	  0.3750    0.3750
1380	1	  0.3750    0.3750
1381	1	  0.3750    0.3750
1382	1	  0.3750    0.3750
1383	1	  0.3750    0.3750
1384	1	  0.3750    0.3750
1385	1	  0.3750    0.3750
1386	1	  0.3750    0.3750
1387	1	  0.3750    0.3750
1388	1	  0.3750    0.3750
1389	1	  0.3750    0.3750
1390	1	  0.3750    0.3750
1391	1	  0.3750    0.3750
1392	1	  0.3750    0.3750
1393	1	  0.3750    0.3750
1394	1	  0.3750    0.3750
1395	1	  0.3750    0.3750
1396	1	  0.3750    0.3750
1397	1	  0.3750    0.3750
1398	1	  0.3750    0.3750
1399	1	  0.3750    0.3750
1400	1	  0.3750    0.3750
1401	1	  0.3750    0.3750
1402	1	  0.3750    0.3750
1403	1	  0.3750    0.3750
1404	1	  0.3750    0.3750
1405	1	  0.3750    0.3750
1406	1	  0.3750    0.3750
1407	1	  0.3750    0.3750
1408	1	  0.3750    0.3750
1409	1	  0.3750    0.3750
1410	1	  0.3750    0.3750
1411	1	  0.3750    0.3750
1412	1	  0.3750    0.3750
1413	1	  0.3750    0.3750
1414	1	  0.3750    0.3750
1415	1	  0.3750    0.3750
1416	1	  0.3750    0.3750
1417	1	  0.3750    0.3750
1418	1	  0.3750    0.3750
1419	1	  0.3750    0.3750
1420	1	  0.3750    0.3750
1421	1	  0.3750    0.3750
1422	1	  0.3750    0.3750
1423	1	  0.3750    0.3750
1424	1	  0.3750    0.3750
1425	1	  0.3750    0.3750
1426	1	  0.3750    0.3750
1427	1	  0.3750    0.3750
1428	1	  0.3750    0.3750
1429	1	  0.3750    0.3750
1430	1	  0.3750    0.3750
1431	1	  0.3750    0.3750
1432	1	  0.3750    0.3750
1433	1	  0.3750    0.3750
1434	1	  0.3750    0.3750
1435	1	  0.3750    0.3750
1436	1	  0.3750    0.3750
1437	1	  0.3750    0.3750
1438	1	  0.3750    0.3750
1439	1	  0.3750    0.3750
1440	1	  0.3750    0.3750
1441	1	  0.3750    0.3750
1442	1	  0.3750    0.3750
1443	1	  0.3750    0.3750
1444	1	  0.3750    0.3750
1445	1	  0.3750    0.3750
1446	1	  0.3750    0.3750
1447	1	  0.3750    0.3750
1448	1	  0.3750    0.3750
1449	1	  0.3750    0.3750
1450	1	  0.3750    0.3750
1451	1	  0.3750    0.3750
1452	1	  0.3750    0.3750
1453	1	  0.3750    0.3750
1454	1	  0.3750    0.3750
1455	1	  0.3750    0.3750
1456	1	  0.3750    0.3750
1457	1	  0.3750    0.3750
1458	1	  0.3750    0.3750
1459	1	  0.3750    0.3750
1460	1	  0.3750    0.3750
1461	1	  0.3750    0.3750
1462	1	  0.3750    0.3750
1463	1	  0.3750    0.3750
1464	1	  0.3750    0.3750
1465	1	  0.3750    0.3750
1466	1	  0.3750    0.3750
1467	1	  0.3750    0.3750
1468	1	  0.3750    0.3750
1469	1	  0.3750    0.3750
1470	1	  0.3750    0.3750
1471	1	  0.3750    0.3750
1472	1	  0.3750    0.3750
1473	1	  0.3750    0.3750
1474	1	  0.3750    0.3750
1475	1	  0.3750    0.3750
1476	1	  0.3750    0.3750
1477	1	  0.3750    0.3750
1478	1	  0.3750    0.3750
1479	1	  0.3750    0.3750
1480	1	  0.3750    0.3750
1481	1	  0.3750    0.3750
1482	1	  0.3750    0.3750
1483	1	  0.3750    0.3750
1484	1	  0.3750    0.3750
1485	1	  0.3750    0.3750
1486	1	  0.3750    0.3750
1487	1	  0.3750    0.3750
1488	1	  0.3750    0.3750
1489	1	  0.3750    0.3750
1490	1	  0.3750    0.3750
1491	1	  0.3750    0.3750
1492	1	  0.3750    0.3750
1493	1	  0.3750    0.3750
1494	1	  0.3750    0.3750
1495	1	  0.3750    0.3750
1496	1	  0.3750    0.3750
1497	1	  0.3750    0.3750
1498	1	  0.3750    0.3750
1499	1	  0.3750    0.3750
1500	1	  0.3750    0.3750
1501	1	  0.3750    0.3750
1502	1	  0.3750    0.3750
1503	1	  0.3750    0.3750
1504	1	  0.3750    0.3750
1505	1	  0.3750    0.3750
1506	1	  0.3750    0.3750
1507	1	  0.3750    0.3750
1508	1	  0.3750    0.3750
1509	1	  0.3750    0.3750
1510	1	  0.3750    0.3750
1511	1	  0.3750    0.3750
1512	1	  0.3750    0.3750
1513	1	  0.3750    0.3750
1514	1	  0.3750    0.3750
1515	1	  0.3750    0.3750
1516	1	  0.3750    0.3750
1517	1	  0.3750    0.3750
1518	1	  0.3750    0.3750
1519	1	  0.3750    0.3750
1520	1	  0.3750    0.3750
1521	1	  0.3750    0.3750
1522	1	  0.3750    0.3750
1523	1	  0.3750    0.3750
1524	1	  0.3750    0.3750
1525	1	  0.3750    0.3750
1526	1	  0.3750    0.3750
1527	1	  0.3750    0.3750
1528	1	  0.3750    0.3750
1529	1	  0.3750    0.3750
1530	1	  0.3750    0.3750
1531	1	  0.3750    0.3750
1532	1	  0.3750    0.3750
1533	1	  0.3750    0.3750
1534	1	  0.3750    0.3750
1535	1	  0.3750    0.3750
1536	1	  0.3750    0.3750
1537	1	  0.3750    0.3750
1538	1	  0.3750    0.3750
1539	1	  0.3750    0.3750
1540	1	  0.3750    0.3750
1541	1	  0.3750    0.3750
1542	1	  0.3750    0.3750
1543	1	  0.3750    0.3750
1544	1	  0.3750    0.3750
1545	1	  0.3750    0.3750
1546	1	  0.3750    0.3750
1547	1	  0.3750    0.3750
1548	1	  0.3750    0.3750
1549	1	  0.3750    0.3750
1550	1	  0.3750    0.3750
1551	1	  0.3750    0.3750
1552	1	  0.3750    0.3750
1553	1	  0.3750    0.3750
1554	1	  0.3750    0.3750
1555	1	  0.3750    0.3750
1556	1	  0.3750    0.3750
1557	1	  0.3750    0.3750
1558	1	  0.3750    0.3750
1559	1	  0.3750    0.3750
1560	1	  0.3750    0.3750
1561	1	  0.3750    0.3750
1562	1	  0.3750    0.3750
1563	1	  0.3750    0.3750
1564	1	  0.3750    0.3750
1565	1	  0.3750    0.3750
1566	1	  0.3750    0.3750
1567	1	  0.3750    0.3750
1568	1	  0.3750    0.3750
1569	1	  0.3750    0.3750
1570	1	  0.3750    0.3750
1571	1	  0.3750    0.3750
1572	1	  0.3750    0.3750
1573	1	  0.3750    0.3750
1574	1	  0.3750    0.3750
1575	1	  0.3750    0.3750
1576	1	  0.3750    0.3750
1577	1	  0.3750    0.3750
1578	1	  0.3750    0.3750
1579	1	  0.3750    0.3750
1580	1	  0.3750    0.3750
1581	1	  0.3750    0.3750
1582	1	  0.3750    0.3750
1583	1	  0.3750    0.3750
1584	1	  0.3750    0.3750
1585	1	  0.3750    0.3750
1586	1	  0.3750    0.3750
1587	1	  0.3750    0.3750
1588	1	  0.3750    0.3750
1589	1	  0.3750    0.3750
1590	1	  0.3750    0.3750
1591	1	  0.3750    0.3750
1592	1	  0.3750    0.3750
1593	1	  0.3750    0.3750
1594	1	  0.3750    0.3750
1595	1	  0.3750    0.3750
1596	1	  0.3750    0.3750
1597	1	  0.3750    0.3750
1598	1	  0.3750    0.3750
1599	1	  0.3750    0.3750
1600	1	  0.3750    0.3750
1601	1	  0.3750    0.3750
1602	1	  0.3750    0.3750
1603	1	  0.3750    0.3750
1604	1	  0.3750    0.3750
1605	1	  0.3750    0.3750
1606	1	  0.3750    0.3750
1607	1	  0.3750    0.3750
1608	1	  0.3750    0.3750
1609	1	  0.3750    0.3750
1610	1	  0.3750    0.3750
1611	1	  0.3750    0.3750
1612	1	  0.3750    0.3750
1613	1	  0.3750    0.3750
1614	1	  0.3750    0.3750
1615	1	  0.3750    0.3750
1616	1	  0.3750    0.3750
1617	1	  0.3750    0.3750
1618	1	  0.3750    0.3750
1619	1	  0.3750    0.3750
1620	1	  0.3750    0.3750
1621	1	  0.3750    0.3750
1622	1	  0.3750    0.3750
1623	1	  0.3750    0.3750
1624	1	  0.3750    0.3750
1625	1	  0.3750    0.3750
1626	1	  0.3750    0.3750
1627	1	  0.3750    0.3750
1628	1	  0.3750    0.3750
1629	1	  0.3750    0.3750
1630	1	  0.3750    0.3750
1631	1	  0.3750    0.3750
1632	1	  0.3750    0.3750
1633	1	  0.3750    0.3750
1634	1	  0.3750    0.3750
1635	1	  0.3750    0.3750
1636	1	  0.3750    0.3750
1637	1	  0.3750    0.3750
1638	1	  0.3750    0.3750
1639	1	  0.3750    0.3750
1640	1	  0.3750    0.3750
1641	1	  0.3750    0.3750
1642	1	  0.3750    0.3750
1643	1	  0.3750    0.3750
1644	1	  0.3750    0.3750
1645	1	  0.3750    0.3750
1646	1	  0.3750    0.3750
1647	1	  0.3750    0.3750
1648	1	  0.3750    0.3750
1649	1	  0.3750    0.3750
1650	1	  0.3750    0.3750
1651	1	  0.3750    0.3750
1652	1	  0.3750    0.3750
1653	1	  0.3750    0.3750
1654	1	  0.3750    0.3750
1655	1	  0.3750    0.3750
1656	1	  0.3750    0.3750
1657	1	  0.3750    0.3750
1658	1	  0.3750    0.3750
1659	1	  0.3750    0.3750
1660	1	  0.3750    0.3750
1661	1	  0.3750    0.3750
1662	1	  0.3750    0.3750
1663	1	  0.3750    0.3750
1664	1	  0.3750    0.3750
1665	1	  0.3750    0.3750
1666	1	  0.3750    0.3750
1667	1	  0.3750    0.3750
1668	1	  0.3750    0.3750
1669	1	  0.3750    0.3750
1670	1	  0.3750    0.3750
1671	1	  0.3750    0.3750
1672	1	  0.3750    0.3750
1673	1	  0.3750    0.3750
1674	1	  0.3750    0.3750
1675	1	  0.3750    0.3750
1676	1	  0.3750    0.3750
1677	1	  0.3750    0.3750
1678	1	  0.3750    0.3750
1679	1	  0.3750    0.3750
1680	1	  0.3750    0.3750
1681	1	  0.3750    0.3750
1682	1	  0.3750    0.3750
1683	1	  0.3750    0.3750
1684	1	  0.3750    0.3750
1685	1	  0.3750    0.3750
1686	1	  0.3750    0.3750
1687	1	  0.3750    0.3750
1688	1	  0.3750    0.3750
1689	1	  0.3750    0.3750
1690	1	  0.3750    0.3750
1691	1	  0.3750    0.3750
1692	1	  0.3750    0.3750
1693	1	  0.3750    0.3750
1694	1	  0.3750    0.3750
1695	1	  0.3750    0.3750
1696	1	  0.3750    0.3750
1697	1	  0.3750    0.3750
1698	1	  0.3750    0.3750
1699	1	  0.3750    0.3750
1700	1	  0.3750    0.3750
1701	1	  0.3750    0.3750
1702	1	  0.3750    0.3750
1703	1	  0.3750    0.3750
1704	1	  0.3750    0.3750
1705	1	  0.3750    0.3750
1706	1	  0.3750    0.3750
1707	1	  0.3750    0.3750
1708	1	  0.3750    0.3750
1709	1	  0.3750    0.3750
1710	1	  0.3750    0.3750
1711	1	  0.3750    0.3750
1712	1	  0.3750    0.3750
1713	1	  0.3750    0.3750
1714	1	  0.3750    0.3750
1715	1	  0.3750    0.3750
1716	1	  0.3750    0.3750
1717	1	  0.3750    0.3750
1718	1	  0.3750    0.3750
1719	1	  0.3750    0.3750
1720	1	  0.3750    0.3750
1721	1	  0.3750    0.3750
1722	1	  0.3750    0.3750
1723	1	  0.3750    0.3750
1724	1	  0.3750    0.3750
1725	1	  0.3750    0.3750
1726	1	  0.3750    0.3750
1727	1	  0.3750    0.3750
1728	1	  0.3750    0.3750
1729	1	  0.3750    0.3750
1730	1	  0.3750    0.3750
1731	1	  0.3750    0.3750
1732	1	  0.3750    0.3750
1733	1	  0.3750    0.3750
1734	1	  0.3750    0.3750
1735	1	  0.3750    0.3750
1736	1	  0.3750    0.3750
1737	1	  0.3750    0.3750
1738	1	  0.3750    0.3750
1739	1	  0.3750    0.3750
1740	1	  0.3750    0.3750
1741	1	  0.3750    0.3750
1742	1	  0.3750    0.3750
1743	1	  0.3750    0.3750
1744	1	  0.3750    0.3750
1745	1	  0.3750    0.3750
1746	1	  0.3750    0.3750
1747	1	  0.3750    0.3750
1748	1	  0.3750    0.3750
1749	1	  0.3750    0.3750
1750	1	  0.3750    0.3750
1751	1	  0.3750    0.3750
1752	1	  0.3750    0.3750
1753	1	  0.3750    0.3750
1754	1	  0.3750    0.3750
1755	1	  0.3750    0.3750
1756	1	  0.3750    0.3750
1757	1	  0.3750    0.3750
1758	1	  0.3750    0.3750
1759	1	  0.3750    0.3750
1760	1	  0.3750    0.3750
1761	1	  0.3750    0.3750
1762	1	  0.3750    0.3750
1763	1	  0.3750    0.3750
1764	1	  0.3750    0.3750
1765	1	  0.3750    0.3750
1766	1	  0.3750    0.3750
1767	1	  0.3750    0.3750
1768	1	  0.3750    0.3750
1769	1	  0.3750    0.3750
1770	1	  0.3750    0.3750
1771	1	  0.3750    0.3750
1772	1	  0.3750    0.3750
1773	1	  0.3750    0.3750
1774	1	  0.3750    0.3750
1775	1	  0.3750    0.3750
1776	1	  0.3750    0.3750
1777	1	  0.3750    0.3750
1778	1	  0.3750    0.3750
1779	1	  0.3750    0.3750
1780	1	  0.3750    0.3750
1781	1	  0.3750    0.3750
1782	1	  0.3750    0.3750
1783	1	  0.3750    0.3750
1784	1	  0.3750    0.3750
1785	1	  0.3750    0.3750
1786	1	  0.3750    0.3750
1787	1	  0.3750    0.3750
1788	1	  0.3750    0.3750
1789	1	  0.3750    0.3750
1790	1	  0.3750    0.3750
1791	1	  0.3750    0.3750
1792	1	  0.3750    0.3750
1793	1	  0.3750    0.3750
1794	1	  0.3750    0.3750
1795	1	  0.3750    0.3750
1796	1	  0.3750    0.3750
1797	1	  0.3750    0.3750
1798	1	  0.3750    0.3750
1799	1	  0.3750    0.3750
1800	1	  0.3750    0.3750
1801	1	  0.3750    0.3750
1802	1	  0.3750    0.3750
1803	1	  0.3750    0.3750
1804	1	  0.3750    0.3750
1805	1	  0.3750    0.3750
1806	1	  0.3750    0.3750
1807	1	  0.3750    0.3750
1808	1	  0.3750    0.3750
1809	1	  0.3750    0.3750
1810	1	  0.3750    0.3750
1811	1	  0.3750    0.3750
1812	1	  0.3750    0.3750
1813	1	  0.3750    0.3750
1814	1	  0.3750    0.3750
1815	1	  0.3750    0.3750
1816	1	  0.3750    0.3750
1817	1	  0.3750    0.3750
1818	1	  0.3750    0.3750
1819	1	  0.3750    0.3750
1820	1	  0.3750    0.3750
1821	1	  0.3750    0.3750
1822	1	  0.3750    0.3750
1823	1	  0.3750    0.3750
1824	1	  0.3750    0.3750
1825	1	  0.3750    0.3750
1826	1	  0.3750    0.3750
1827	1	  0.3750    0.3750
1828	1	  0.3750    0.3750
1829	1	  0.3750    0.3750
1830	1	  0.3750    0.3750
1831	1	  0.3750    0.3750
1832	1	  0.3750    0.3750
1833	1	  0.3750    0.3750
1834	1	  0.3750    0.3750
1835	1	  0.3750    0.3750
1836	1	  0.3750    0.3750
1837	1	  0.3750    0.3750
1838	1	  0.3750    0.3750
1839	1	  0.3750    0.3750
1840	1	  0.3750    0.3750
1841	1	  0.3750    0.3750
1842	1	  0.3750    0.3750
1843	1	  0.3750    0.3750
1844	1	  0.3750    0.3750
1845	1	  0.3750    0.3750
1846	1	  0.3750    0.3750
1847	1	  0.3750    0.3750
1848	1	  0.3750    0.3750
1849	1	  0.3750    0.3750
1850	1	  0.3750    0.3750
1851	1	  0.3750    0.3750
1852	1	  0.3750    0.3750
1853	1	  0.3750    0.3750
1854	1	  0.3750    0.3750
1855	1	  0.3750    0.3750
1856	1	  0.3750    0.3750
1857	1	  0.3750    0.3750
1858	1	  0.3750    0.3750
1859	1	  0.3750    0.3750
1860	1	  0.3750    0.3750
1861	1	  0.3750    0.3750
1862	1	  0.3750    0.3750
1863	1	  0.3750    0.3750
1864	1	  0.3750    0.3750
1865	1	  0.3750    0.3750
1866	1	  0.3750    0.3750
1867	1	  0.3750    0.3750
1868	1	  0.3750    0.3750
1869	1	  0.3750    0.3750
1870	1	  0.3750    0.3750
1871	1	  0.3750    0.3750
1872	1	  0.3750    0.3750
1873	1	  0.3750    0.3750
1874	1	  0.3750    0.3750
1875	1	  0.3750    0.3750
1876	1	  0.3750    0.3750
1877	1	  0.3750    0.3750
1878	1	  0.3750    0.3750
1879	1	  0.3750    0.3750
1880	1	  0.3750    0.3750
1881	1	  0.3750    0.3750
1882	1	  0.3750    0.3750
1883	1	  0.3750    0.3750
1884	1	  0.3750    0.3750
1885	1	  0.3750    0.3750
1886	1	  0.3750    0.3750
1887	1	  0.3750    0.3750
1888	1	  0.3750    0.3750
1889	1	  0.3750    0.3750
1890	1	  0.3750    0.3750
1891	1	  0.3750    0.3750
1892	1	  0.3750    0.3750
1893	1	  0.3750    0.3750
1894	1	  0.3750    0.3750
1895	1	  0.3750    0.3750
1896	1	  0.3750    0.3750
1897	1	  0.3750    0.3750
1898	1	  0.3750    0.3750
1899	1	  0.3750    0.3750
1900	1	  0.3750    0.3750
1901	1	  0.3750    0.3750
1902	1	  0.3750    0.3750
1903	1	  0.3750    0.3750
1904	1	  0.3750    0.3750
1905	1	  0.3750    0.3750
1906	1	  0.3750    0.3750
1907	1	  0.3750    0.3750
1908	1	  0.3750    0.3750
1909	1	  0.3750    0.3750
1910	1	  0.3750    0.3750
1911	1	  0.3750    0.3750
1912	1	  0.3750    0.3750
1913	1	  0.3750    0.3750
1914	1	  0.3750    0.3750
1915	1	  0.3750    0.3750
1916	1	  0.3750    0.3750
1917	1	  0.3750    0.3750
1918	1	  0.3750    0.3750
1919	1	  0.3750    0.3750
1920	1	  0.3750    0.3750
1921	1	  0.3750    0.3750
1922	1	  0.3750    0.3750
1923	1	  0.3750    0.3750
1924	1	  0.3750    0.3750
1925	1	  0.3750    0.3750
1926	1	  0.3750    0.3750
1927	1	  0.3750    0.3750
1928	1	  0.3750    0.3750
1929	1	  0.3750    0.3750
1930	1	  0.3750    0.3750
1931	1	  0.3750    0.3750
1932	1	  0.3750    0.3750
1933	1	  0.3750    0.3750
1934	1	  0.3750    0.3750
1935	1	  0.3750    0.3750
1936	1	  0.3750    0.3750
1937	1	  0.3750    0.3750
1938	1	  0.3750    0.3750
1939	1	  0.3750    0.3750
1940	1	  0.3750    0.3750
1941	1	  0.3750    0.3750
1942	1	  0.3750    0.3750
1943	1	  0.3750    0.3750
1944	1	  0.3750    0.3750
1945	1	  0.3750    0.3750
1946	1	  0.3750    0.3750
1947	1	  0.3750    0.3750
1948	1	  0.3750    0.3750
1949	1	  0.3750    0.3750
1950	1	  0.3750    0.3750
1951	1	  0.3750    0.3750
1952	1	  0.3750    0.3750
1953	1	  0.3750    0.3750
1954	1	  0.3750    0.3750
1955	1	  0.3750    0.3750
1956	1	  0.3750    0.3750
1957	1	  0.3750    0.3750
1958	1	  0.3750    0.3750
1959	1	  0.3750    0.3750
1960	1	  0.3750    0.3750
1961	1	  0.3750    0.3750
1962	1	  0.3750    0.3750
1963	1	  0.3750    0.3750
1964	1	  0.3750    0.3750
1965	1	  0.3750    0.3750
1966	1	  0.3750    0.3750
1967	1	  0.3750    0.3750
1968	1	  0.3750    0.3750
1969	1	  0.3750    0.3750
1970	1	  0.3750    0.3750
1971	1	  0.3750    0.3750
1972	1	  0.3750    0.3750
1973	1	  0.3750    0.3750
1974	1	  0.3750    0.3750
1975	1	  0.3750    0.3750
1976	1	  0.3750    0.3750
1977	1	  0.3750    0.3750
1978	1	  0.3750    0.3750
1979	1	  0.3750    0.3750
1980	1	  0.3750    0.3750
1981	1	  0.3750    0.3750
1982	1	  0.3750    0.3750
1983	1	  0.3750    0.3750
1984	1	  0.3750    0.3750
1985	1	  0.3750    0.3750
1986	1	  0.3750    0.3750
1987	1	  0.3750    0.3750
1988	1	  0.3750    0.3750
1989	1	  0.3750    0.3750
1990	1	  0.3750    0.3750
1991	1	  0.3750    0.3750
1992	1	  0.3750    0.3750
1993	1	  0.3750    0.3750
1994	1	  0.3750    0.3750
1995	1	  0.3750    0.3750
1996	1	  0.3750    0.3750
1997	1	  0.3750    0.3750
1998	1	  0.3750    0.3750
1999	1	  0.3750    0.3750
2000	1	  0.3750    0.3750
2001	1	  0.3750    0.3750
2002	1	  0.3750    0.3750
2003	1	  0.3750    0.3750
2004	1	  0.3750    0.3750
2005	1	  0.3750    0.3750
2006	1	  0.3750    0.3750
2007	1	  0.3750    0.3750
2008	1	  0.3750    0.3750
2009	1	  0.3750    0.3750
2010	1	  0.3750    0.3750
2011	1	  0.3750    0.3750
2012	1	  0.3750    0.3750
2013	1	  0.3750    0.3750
2014	1	  0.3750    0.3750
2015	1	  0.3750    0.3750
2016	1	  0.3750    0.3750
2017	1	  0.3750    0.3750
2018	1	  0.3750    0.3750
2019	1	  0.3750    0.3750
2020	1	  0.3750    0.3750
2021	1	  0.3750    0.3750
2022	1	  0.3750    0.3750
2023	1	  0.3750    0.3750
2024	1	  0.3750    0.3750
2025	1	  0.3750    0.3750
2026	1	  0.3750    0.3750
2027	1	  0.3750    0.3750
2028	1	  0.3750    0.3750
2029	1	  0.3750    0.3750
2030	1	  0.3750    0.3750
2031	1	  0.3750    0.3750
2032	1	  0.3750    0.3750
2033	1	  0.3750    0.3750
2034	1	  0.3750    0.3750
2035	1	  0.3750    0.3750
2036	1	  0.3750    0.3750
2037	1	  0.3750    0.3750
2038	1	  0.3750    0.3750
2039	1	  0.3750    0.3750
2040	1	  0.3750    0.3750
2041	1	  0.3750    0.3750
2042	1	  0.3750    0.3750
2043	1	  0.3750    0.3750
2044	1	  0.3750    0.3750
2045	1	  0.3750    0.3750
2046	1	  0.3750    0.3750
2047	1	  0.3750    0.3750
2048	1	  0.3750    0.3750
2049	1	  0.3750    0.3750
2050	1	  0.3750    0.3750
2051	1	  0.3750    0.3750
2052	1	  0.3750    0.3750
2053	1	  0.3750    0.3750
2054	1	  0.3750    0.3750
2055	1	  0.3750    0.3750
2056	1	  0.3750    0.3750
2057	1	  0.3750    0.3750
2058	1	  0.3750    0.3750
2059	1	  0.3750    0.3750
2060	1	  0.3750    0.3750
2061	1	  0.3750    0.3750
2062	1	  0.3750    0.3750
2063	1	  0.3750    0.3750
2064	1	  0.3750    0.3750
2065	1	  0.3750    0.3750
2066	1	  0.3750    0.3750
2067	1	  0.3750    0.3750
2068	1	  0.3750    0.3750
2069	1	  0.3750    0.3750
2070	1	  0.3750    0.3750
2071	1	  0.3750    0.3750
2072	1	  0.3750    0.3750
2073	1	  0.3750    0.3750
2074	1	  0.3750    0.3750
2075	1	  0.3750    0.3750
2076	1	  0.3750    0.3750
2077	1	  0.3750    0.3750
2078	1	  0.3750    0.3750
2079	1	  0.3750    0.3750
2080	1	  0.3750    0.3750
2081	1	  0.3750    0.3750
2082	1	  0.3750    0.3750
2083	1	  0.3750    0.3750
2084	1	  0.3750    0.3750
2085	1	  0.3750    0.3750
2086	1	  0.3750    0.3750
2087	1	  0.3750    0.3750
2088	1	  0.3750    0.3750
2089	1	  0.3750    0.3750
2090	1	  0.3750    0.3750
2091	1	  0.3750    0.3750
2092	1	  0.3750    0.3750
2093	1	  0.3750    0.3750
2094	1	  0.3750    0.3750
2095	1	  0.3750    0.3750
2096	1	  0.3750    0.3750
2097	1	  0.3750    0.3750
2098	1	  0.3750    0.3750
2099	1	  0.3750    0.3750
2100	1	  0.3750    0.3750
2101	1	  0.3750    0.3750
2102	1	  0.3750    0.3750
2103	1	  0.3750    0.3750
2104	1	  0.3750    0.3750
2105	1	  0.3750    0.3750
2106	1	  0.3750    0.3750
2107	1	  0.3750    0.3750
2108	1	  0.3750    0.3750
2109	1	  0.3750    0.3750
2110	1	  0.3750    0.3750
2111	1	  0.3750    0.3750
2112	1	  0.3750    0.3750
2113	1	  0.3750    0.3750
2114	1	  0.3750    0.3750
2115	1	  0.3750    0.3750
2116	1	  0.3750    0.3750
2117	1	  0.3750    0.3750
2118	1	  0.3750    0.3750
2119	1	  0.3750    0.3750
2120	1	  0.3750    0.3750
2121	1	  0.3750    0.3750
2122	1	  0.3750    0.3750
2123	1	  0.3750    0.3750
2124	1	  0.3750    0.3750
2125	1	  0.3750    0.3750
2126	1	  0.3750    0.3750
2127	1	  0.3750    0.3750
2128	1	  0.3750    0.3750
2129	1	  0.3750    0.3750
2130	1	  0.3750    0.3750
2131	1	  0.3750    0.3750
2132	1	  0.3750    0.3750
2133	1	  0.3750    0.3750
2134	1	  0.3750    0.3750
2135	1	  0.3750    0.3750
2136	1	  0.3750    0.3750
2137	1	  0.3750    0.3750
2138	1	  0.3750    0.3750
2139	1	  0.3750    0.3750
2140	1	  0.3750    0.3750
2141	1	  0.3750    0.3750
2142	1	  0.3750    0.3750
2143	1	  0.3750    0.3750
2144	1	  0.3750    0.3750
2145	1	  0.3750    0.3750
2146	1	  0.3750    0.3750
2147	1	  0.3750    0.3750
2148	1	  0.3750    0.3750
2149	1	  0.3750    0.3750
2150	1	  0.3750    0.3750
2151	1	  0.3750    0.3750
2152	1	  0.3750    0.3750
2153	1	  0.3750    0.3750
2154	1	  0.3750    0.3750
2155	1	  0.3750    0.3750
2156	1	  0.3750    0.3750
2157	1	  0.3750    0.3750
2158	1	  0.3750    0.3750
2159	1	  0.3750    0.3750
2160	1	  0.3750    0.3750
2161	1	  0.3750    0.3750
2162	1	  0.3750    0.3750
2163	1	  0.3750    0.3750
2164	1	  0.3750    0.3750
2165	1	  0.3750    0.3750
2166	1	  0.3750    0.3750
2167	1	  0.3750    0.3750
2168	1	  0.3750    0.3750
2169	1	  0.3750    0.3750
2170	1	  0.3750    0.3750
2171	1	  0.3750    0.3750
2172	1	  0.3750    0.3750
2173	1	  0.3750    0.3750
2174	1	  0.3750    0.3750
2175	1	  0.3750    0.3750
2176	1	  0.3750    0.3750
2177	1	  0.3750    0.3750
2178	1	  0.3750    0.3750
2179	1	  0.3750    0.3750
2180	1	  0.3750    0.3750
2181	1	  0.3750    0.3750
2182	1	  0.3750    0.3750
2183	1	  0.3750    0.3750
2184	1	  0.3750    0.3750
2185	1	  0.3750    0.3750
2186	1	  0.3750    0.3750
2187	1	  0.3750    0.3750
2188	1	  0.3750    0.3750
2189	1	  0.3750    0.3750
2190	1	  0.3750    0.3750
2191	1	  0.3750    0.3750
2192	1	  0.3750    0.3750
2193	1	  0.3750    0.3750
2194	1	  0.3750    0.3750
2195	1	  0.3750    0.3750
2196	1	  0.3750    0.3750
2197	1	  0.3750    0.3750
2198	1	  0.3750    0.3750
2199	1	  0.3750    0.3750
2200	1	  0.3750    0.3750
2201	1	  0.3750    0.3750
2202	1	  0.3750    0.3750
2203	1	  0.3750    0.3750
2204	1	  0.3750    0.3750
2205	1	  0.3750    0.3750
2206	1	  0.3750    0.3750
2207	1	  0.3750    0.3750
2208	1	  0.3750    0.3750
2209	1	  0.3750    0.3750
2210	1	  0.3750    0.3750
2211	1	  0.3750    0.3750
2212	1	  0.3750    0.3750
2213	1	  0.3750    0.3750
2214	1	  0.3750    0.3750
2215	1	  0.3750    0.3750
2216	1	  0.3750    0.3750
2217	1	  0.3750    0.3750
2218	1	  0.3750    0.3750
2219	1	  0.3750    0.3750
2220	1	  0.3750    0.3750
2221	1	  0.3750    0.3750
2222	1	  0.3750    0.3750
2223	1	  0.3750    0.3750
2224	1	  0.3750    0.3750
2225	1	  0.3750    0.3750
2226	1	  0.3750    0.3750
2227	1	  0.3750    0.3750
2228	1	  0.3750    0.3750
2229	1	  0.3750    0.3750
2230	1	  0.3750    0.3750
2231	1	  0.3750    0.3750
2232	1	  0.3750    0.3750
2233	1	  0.3750    0.3750
2234	1	  0.3750    0.3750
2235	1	  0.3750    0.3750
2236	1	  0.3750    0.3750
2237	1	  0.3750    0.3750
2238	1	  0.3750    0.3750
2239	1	  0.3750    0.3750
2240	1	  0.3750    0.3750
2241	1	  0.3750    0.3750
2242	1	  0.3750    0.3750
2243	1	  0.3750    0.3750
2244	1	  0.3750    0.3750
2245	1	  0.3750    0.3750
2246	1	  0.3750    0.3750
2247	1	  0.3750    0.3750
2248	1	  0.3750    0.3750
2249	1	  0.3750    0.3750
2250	1	  0.3750    0.3750
2251	1	  0.3750    0.3750
2252	1	  0.3750    0.3750
2253	1	  0.3750    0.3750
2254	1	  0.3750    0.3750
2255	1	  0.3750    0.3750
2256	1	  0.3750    0.3750
2257	1	  0.3750    0.3750
2258	1	  0.3750    0.3750
2259	1	  0.3750    0.3750
2260	1	  0.3750    0.3750
2261	1	  0.3750    0.3750
2262	1	  0.3750    0.3750
2263	1	  0.3750    0.3750
2264	1	  0.3750    0.3750
2265	1	  0.3750    0.3750
2266	1	  0.3750    0.3750
2267	1	  0.3750    0.3750
2268	1	  0.3750    0.3750
2269	1	  0.3750    0.3750
2270	1	  0.3750    0.3750
2271	1	  0.3750    0.3750
2272	1	  0.3750    0.3750
2273	1	  0.3750    0.3750
2274	1	  0.3750    0.3750
2275	1	  0.3750    0.3750
2276	1	  0.3750    0.3750
2277	1	  0.3750    0.3750
2278	1	  0.3750    0.3750
2279	1	  0.3750    0.3750
2280	1	  0.3750    0.3750
2281	1	  0.3750    0.3750
2282	1	  0.3750    0.3750
2283	1	  0.3750    0.3750
2284	1	  0.3750    0.3750
2285	1	  0.3750    0.3750
2286	1	  0.3750    0.3750
2287	1	  0.3750    0.3750
2288	1	  0.3750    0.3750
2289	1	  0.3750    0.3750
2290	1	  0.3750    0.3750
2291	1	  0.3750    0.3750
2292	1	  0.3750    0.3750
2293	1	  0.3750    0.3750
2294	1	  0.3750    0.3750
2295	1	  0.3750    0.3750
2296	1	  0.3750    0.3750
2297	1	  0.3750    0.3750
2298	1	  0.3750    0.3750
2299	1	  0.3750    0.3750
2300	1	  0.3750    0.3750
2301	1	  0.3750    0.3750
2302	1	  0.3750    0.3750
2303	1	  0.3750    0.3750
2304	1	  0.3750    0.3750
2305	1	  0.3750    0.3750
2306	1	  0.3750    0.3750
2307	1	  0.3750    0.3750
2308	1	  0.3750    0.3750
2309	1	  0.3750    0.3750
2310	1	  0.3750    0.3750
2311	1	  0.3750    0.3750
2312	1	  0.3750    0.3750
2313	1	  0.3750    0.3750
2314	1	  0.3750    0.3750
2315	1	  0.3750    0.3750
2316	1	  0.3750    0.3750
2317	1	  0.3750    0.3750
2318	1	  0.3750    0.3750
2319	1	  0.3750    0.3750
2320	1	  0.3750    0.3750
2321	1	  0.3750    0.3750
2322	1	  0.3750    0.3750
2323	1	  0.3750    0.3750
2324	1	  0.3750    0.3750
2325	1	  0.3750    0.3750
2326	1	  0.3750    0.3750
2327	1	  0.3750    0.3750
2328	1	  0.3750    0.3750
2329	1	  0.3750    0.3750
2330	1	  0.3750    0.3750
2331	1	  0.3750    0.3750
2332	1	  0.3750    0.3750
2333	1	  0.3750    0.3750
2334	1	  0.3750    0.3750
2335	1	  0.3750    0.3750
2336	1	  0.3750    0.3750
2337	1	  0.3750    0.3750
2338	1	  0.3750    0.3750
2339	1	  0.3750    0.3750
2340	1	  0.3750    0.3750
2341	1	  0.3750    0.3750
2342	1	  0.3750    0.3750
2343	1	  0.3750    0.3750
2344	1	  0.3750    0.3750
2345	1	  0.3750    0.3750
2346	1	  0.3750    0.3750
2347	1	  0.3750    0.3750
2348	1	  0.3750    0.3750
2349	1	  0.3750    0.3750
2350	1	  0.3750    0.3750
2351	1	  0.3750    0.3750
2352	1	  0.3750    0.3750
2353	1	  0.3750    0.3750
2354	1	  0.3750    0.3750
2355	1	  0.3750    0.3750
2356	1	  0.3750    0.3750
2357	1	  0.3750    0.3750
2358	1	  0.3750    0.3750
2359	1	  0.3750    0.3750
2360	1	  0.3750    0.3750
2361	1	  0.3750    0.3750
2362	1	  0.3750    0.3750
2363	1	  0.3750    0.3750
2364	1	  0.3750    0.3750
2365	1	  0.3750    0.3750
2366	1	  0.3750    0.3750
2367	1	  0.3750    0.3750
2368	1	  0.3750    0.3750
2369	1	  0.3750    0.3750
2370	1	  0.3750    0.3750
2371	1	  0.3750    0.3750
2372	1	  0.3750    0.3750
2373	1	  0.3750    0.3750
2374	1	  0.3750    0.3750
2375	1	  0.3750    0.3750
2376	1	  0.3750    0.3750
2377	1	  0.3750    0.3750
2378	1	  0.3750    0.3750
2379	1	  0.3750    0.3750
2380	1	  0.3750    0.3750
2381	1	  0.3750    0.3750
2382	1	  0.3750    0.3750
2383	1	  0.3750    0.3750
2384	1	  0.3750    0.3750
2385	1	  0.3750    0.3750
2386	1	  0.3750    0.3750
2387	1	  0.3750    0.3750
2388	1	  0.3750    0.3750
2389	1	  0.3750    0.3750
2390	1	  0.3750    0.3750
2391	1	  0.3750    0.3750
2392	1	  0.3750    0.3750
2393	1	  0.3750    0.3750
2394	1	  0.3750    0.3750
2395	1	  0.3750    0.3750
2396	1	  0.3750    0.3750
2397	1	  0.3750    0.3750
2398	1	  0.3750    0.3750
2399	1	  0.3750    0.3750
2400	1	  0.3750    0.3750
2401	1	  0.3750    0.3750
2402	1	  0.3750    0.3750
2403	1	  0.3750    0.3750
2404	1	  0.3750    0.3750
2405	1	  0.3750    0.3750
2406	1	  0.3750    0.3750
2407	1	  0.3750    0.3750
2408	1	  0.3750    0.3750
2409	1	  0.3750    0.3750
2410	1	  0.3750    0.3750
2411	1	  0.3750    0.3750
2412	1	  0.3750    0.3750
2413	1	  0.3750    0.3750
2414	1	  0.3750    0.3750
2415	1	  0.3750    0.3750
2416	1	  0.3750    0.3750
2417	1	  0.3750    0.3750
2418	1	  0.3750    0.3750
2419	1	  0.3750    0.3750
2420	1	  0.3750    0.3750
2421	1	  0.3750    0.3750
2422	1	  0.3750    0.3750
2423	1	  0.3750    0.3750
2424	1	  0.3750    0.3750
2425	1	  0.3750    0.3750
2426	1	  0.3750    0.3750
2427	1	  0.3750    0.3750
2428	1	  0.3750    0.3750
2429	1	  0.3750    0.3750
2430	1	  0.3750    0.3750
2431	1	  0.3750    0.3750
2432	1	  0.3750    0.3750
2433	1	  0.3750    0.3750
2434	1	  0.3750    0.3750
2435	1	  0.3750    0.3750
2436	1	  0.3750    0.3750
2437	1	  0.3750    0.3750
2438	1	  0.3750    0.3750
2439	1	  0.3750    0.3750
2440	1	  0.3750    0.3750
2441	1	  0.3750    0.3750
2442	1	  0.3750    0.3750
2443	1	  0.3750    0.3750
2444	1	  0.3750    0.3750
2445	1	  0.3750    0.3750
2446	1	  0.3750    0.3750
2447	1	  0.3750    0.3750
2448	1	  0.3750    0.3750
2449	1	  0.3750    0.3750
2450	1	  0.3750    0.3750
2451	1	  0.3750    0.3750
2452	1	  0.3750    0.3750
2453	1	  0.3750    0.3750
2454	1	  0.3750    0.3750
2455	1	  0.3750    0.3750
2456	1	  0.3750    0.3750
2457	1	  0.3750    0.3750
2458	1	  0.3750    0.3750
2459	1	  0.3750    0.3750
2460	1	  0.3750    0.3750
2461	1	  0.3750    0.3750
2462	1	  0.3750    0.3750
2463	1	  0.3750    0.3750
2464	1	  0.3750    0.3750
2465	1	  0.3750    0.3750
2466	1	  0.3750    0.3750
2467	1	  0.3750    0.3750
2468	1	  0.3750    0.3750
2469	1	  0.3750    0.3750
2470	1	  0.3750    0.3750
2471	1	  0.3750    0.3750
2472	1	  0.3750    0.3750
2473	1	  0.3750    0.3750
2474	1	  0.3750    0.3750
2475	1	  0.3750    0.3750
2476	1	  0.3750    0.3750
2477	1	  0.3750    0.3750
2478	1	  0.3750    0.3750
2479	1	  0.3750    0.3750
2480	1	  0.3750    0.3750
2481	1	  0.3750    0.3750
2482	1	  0.3750    0.3750
2483	1	  0.3750    0.3750
2484	1	  0.3750    0.3750
2485	1	  0.3750    0.3750
2486	1	  0.3750    0.3750
2487	1	  0.3750    0.3750
2488	1	  0.3750    0.3750
2489	1	  0.3750    0.3750
2490	1	  0.3750    0.3750
2491	1	  0.3750    0.3750
2492	1	  0.3750    0.3750
2493	1	  0.3750    0.3750
2494	1	  0.3750    0.3750
2495	1	  0.3750    0.3750
2496	1	  0.3750    0.3750
2497	1	  0.3750    0.3750
2498	1	  0.3750    0.3750
2499	1	  0.3750    0.3750
2500	1	  0.3750    0.3750
2501	1	  0.3750    0.3750
2502	1	  0.3750    0.3750
2503	1	  0.3750    0.3750
2504	1	  0.3750    0.3750
2505	1	  0.3750    0.3750
2506	1	  0.3750    0.3750
2507	1	  0.3750    0.3750
2508	1	  0.3750    0.3750
2509	1	  0.3750    0.3750
2510	1	  0.3750    0.3750
2511	1	  0.3750    0.3750
2512	1	  0.3750    0.3750
2513	1	  0.3750    0.3750
2514	1	  0.3750    0.3750
2515	1	  0.3750    0.3750
2516	1	  0.3750    0.3750
2517	1	  0.3750    0.3750
2518	1	  0.3750    0.3750
2519	1	  0.3750    0.3750
2520	1	  0.3750    0.3750
2521	1	  0.3750    0.3750
2522	1	  0.3750    0.3750
2523	1	  0.3750    0.3750
2524	1	  0.3750    0.3750
2525	1	  0.3750    0.3750
2526	1	  0.3750    0.3750
2527	1	  0.3750    0.3750
2528	1	  0.3750    0.3750
2529	1	  0.3750    0.3750
2530	1	  0.3750    0.3750
2531	1	  0.3750    0.3750
2532	1	  0.3750    0.3750
2533	1	  0.3750    0.3750
2534	1	  0.3750    0.3750
2535	1	  0.3750    0.3750
2536	1	  0.3750    0.3750
2537	1	  0.3750    0.3750
2538	1	  0.3750    0.3750
2539	1	  0.3750    0.3750
2540	1	  0.3750    0.3750
2541	1	  0.3750    0.3750
2542	1	  0.3750    0.3750
2543	1	  0.3750    0.3750
2544	1	  0.3750    0.3750
2545	1	  0.3750    0.3750
2546	1	  0.3750    0.3750
2547	1	  0.3750    0.3750
2548	1	  0.3750    0.3750
2549	1	  0.3750    0.3750
2550	1	  0.3750    0.3750
2551	1	  0.3750    0.3750
2552	1	  0.3750    0.3750
2553	1	  0.3750    0.3750
2554	1	  0.3750    0.3750
2555	1	  0.3750    0.3750
2556	1	  0.3750    0.3750
2557	1	  0.3750    0.3750
2558	1	  0.3750    0.3750
2559	1	  0.3750    0.3750
2560	1	  0.3750    0.3750
2561	1	  0.3750    0.3750
2562	1	  0.3750    0.3750
2563	1	  0.3750    0.3750
2564	1	  0.3750    0.3750
2565	1	  0.3750    0.3750
2566	1	  0.3750    0.3750
2567	1	  0.3750    0.3750
2568	1	  0.3750    0.3750
2569	1	  0.3750    0.3750
2570	1	  0.3750    0.3750
2571	1	  0.3750    0.3750
2572	1	  0.3750    0.3750
2573	1	  0.3750    0.3750
2574	1	  0.3750    0.3750
2575	1	  0.3750    0.3750
2576	1	  0.3750    0.3750
2577	1	  0.3750    0.3750
2578	1	  0.3750    0.3750
2579	1	  0.3750    0.3750
2580	1	  0.3750    0.3750
2581	1	  0.3750    0.3750
2582	1	  0.3750    0.3750
2583	1	  0.3750    0.3750
2584	1	  0.3750    0.3750
2585	1	  0.3750    0.3750
2586	1	  0.3750    0.3750
2587	1	  0.3750    0.3750
2588	1	  0.3750    0.3750
2589	1	  0.3750    0.3750
2590	1	  0.3750    0.3750
2591	1	  0.3750    0.3750
2592	1	  0.3750    0.3750
2593	1	  0.3750    0.3750
2594	1	  0.3750    0.3750
2595	1	  0.3750    0.3750
2596	1	  0.3750    0.3750
2597	1	  0.3750    0.3750
2598	1	  0.3750    0.3750
2599	1	  0.3750    0.3750
2600	1	  0.3750    0.3750
2601	1	  0.3750    0.3750
2602	1	  0.3750    0.3750
2603	1	  0.3750    0.3750
2604	1	  0.3750    0.3750
2605	1	  0.3750    0.3750
2606	1	  0.3750    0.3750
2607	1	  0.3750    0.3750
2608	1	  0.3750    0.3750
2609	1	  0.3750    0.3750
2610	1	  0.3750    0.3750
2611	1	  0.3750    0.3750
2612	1	  0.3750    0.3750
2613	1	  0.3750    0.3750
2614	1	  0.3750    0.3750
2615	1	  0.3750    0.3750
2616	1	  0.3750    0.3750
2617	1	  0.3750    0.3750
2618	1	  0.3750    0.3750
2619	1	  0.3750    0.3750
2620	1	  0.3750    0.3750
2621	1	  0.3750    0.3750
2622	1	  0.3750    0.3750
2623	1	  0.3750    0.3750
2624	1	  0.3750    0.3750
2625	1	  0.3750    0.3750
2626	1	  0.3750    0.3750
2627	1	  0.3750    0.3750
2628	1	  0.3750    0.3750
2629	1	  0.3750    0.3750
2630	1	  0.3750    0.3750
2631	1	  0.3750    0.3750
2632	1	  0.3750    0.3750
2633	1	  0.3750    0.3750
2634	1	  0.3750    0.3750
2635	1	  0.3750    0.3750
2636	1	  0.3750    0.3750
2637	1	  0.3750    0.3750
2638	1	  0.3750    0.3750
2639	1	  0.3750    0.3750
2640	1	  0.3750    0.3750
2641	1	  0.3750    0.3750
2642	1	  0.3750    0.3750
2643	1	  0.3750    0.3750
2644	1	  0.3750    0.3750
2645	1	  0.3750    0.3750
2646	1	  0.3750    0.3750
2647	1	  0.3750    0.3750
2648	1	  0.3750    0.3750
2649	1	  0.3750    0.3750
2650	1	  0.3750    0.3750
2651	1	  0.3750    0.3750
2652	1	  0.3750    0.3750
2653	1	  0.3750    0.3750
2654	1	  0.3750    0.3750
2655	1	  0.3750    0.3750
2656	1	  0.3750    0.3750
2657	1	  0.3750    0.3750
2658	1	  0.3750    0.3750
2659	1	  0.3750    0.3750
2660	1	  0.3750    0.3750
2661	1	  0.3750    0.3750
2662	1	  0.3750    0.3750
2663	1	  0.3750    0.3750
2664	1	  0.3750    0.3750
2665	1	  0.3750    0.3750
2666	1	  0.3750    0.3750
2667	1	  0.3750    0.3750
2668	1	  0.3750    0.3750
2669	1	  0.3750    0.3750
2670	1	  0.3750    0.3750
2671	1	  0.3750    0.3750
2672	1	  0.3750    0.3750
2673	1	  0.3750    0.3750
2674	1	  0.3750    0.3750
2675	1	  0.3750    0.3750
2676	1	  0.3750    0.3750
2677	1	  0.3750    0.3750
2678	1	  0.3750    0.3750
2679	1	  0.3750    0.3750
2680	1	  0.3750    0.3750
2681	1	  0.3750    0.3750
2682	1	  0.3750    0.3750
2683	1	  0.3750    0.3750
2684	1	  0.3750    0.3750
2685	1	  0.3750    0.3750
2686	1	  0.3750    0.3750
2687	1	  0.3750    0.3750
2688	1	  0.3750    0.3750
2689	1	  0.3750    0.3750
2690	1	  0.3750    0.3750
2691	1	  0.3750    0.3750
2692	1	  0.3750    0.3750
2693	1	  0.3750    0.3750
2694	1	  0.3750    0.3750
2695	1	  0.3750    0.3750
2696	1	  0.3750    0.3750
2697	1	  0.3750    0.3750
2698	1	  0.3750    0.3750
2699	1	  0.3750    0.3750
2700	1	  0.3750    0.3750
2701	1	  0.3750    0.3750
2702	1	  0.3750    0.3750
2703	1	  0.3750    0.3750
2704	1	  0.3750    0.3750
2705	1	  0.3750    0.3750
2706	1	  0.3750    0.3750
2707	1	  0.3750    0.3750
2708	1	  0.3750    0.3750
2709	1	  0.3750    0.3750
2710	1	  0.3750    0.3750
2711	1	  0.3750    0.3750
2712	1	  0.3750    0.3750
2713	1	  0.3750    0.3750
2714	1	  0.3750    0.3750
2715	1	  0.3750    0.3750
2716	1	  0.3750    0.3750
2717	1	  0.3750    0.3750
2718	1	  0.3750    0.3750
2719	1	  0.3750    0.3750
2720	1	  0.3750    0.3750
2721	1	  0.3750    0.3750
2722	1	  0.3750    0.3750
2723	1	  0.3750    0.3750
2724	1	  0.3750    0.3750
2725	1	  0.3750    0.3750
2726	1	  0.3750    0.3750
2727	1	  0.3750    0.3750
2728	1	  0.3750    0.3750
2729	1	  0.3750    0.3750
2730	1	  0.3750    0.3750
2731	1	  0.3750    0.3750
2732	1	  0.3750    0.3750
2733	1	  0.3750    0.3750
2734	1	  0.3750    0.3750
2735	1	  0.3750    0.3750
2736	1	  0.3750    0.3750
2737	1	  0.3750    0.3750
2738	1	  0.3750    0.3750
2739	1	  0.3750    0.3750
2740	1	  0.3750    0.3750
2741	1	  0.3750    0.3750
2742	1	  0.3750    0.3750
2743	1	  0.3750    0.3750
2744	1	  0.3750    0.3750
2745	1	  0.3750    0.3750
2746	1	  0.3750    0.3750
2747	1	  0.3750    0.3750
2748	1	  0.3750    0.3750
2749	1	  0.3750    0.3750
2750	1	  0.3750    0.3750
2751	1	  0.3750    0.3750
2752	1	  0.3750    0.3750
2753	1	  0.3750    0.3750
2754	1	  0.3750    0.3750
2755	1	  0.3750    0.3750
2756	1	  0.3750    0.3750
2757	1	  0.3750    0.3750
2758	1	  0.3750    0.3750
2759	1	  0.3750    0.3750
2760	1	  0.3750    0.3750
2761	1	  0.3750    0.3750
2762	1	  0.3750    0.3750
2763	1	  0.3750    0.3750
2764	1	  0.3750    0.3750
2765	1	  0.3750    0.3750
2766	1	  0.3750    0.3750
2767	1	  0.3750    0.3750
2768	1	  0.3750    0.3750
2769	1	  0.3750    0.3750
2770	1	  0.3750    0.3750
2771	1	  0.3750    0.3750
2772	1	  0.3750    0.3750
2773	1	  0.3750    0.3750
2774	1	  0.3750    0.3750
2775	1	  0.3750    0.3750
2776	1	  0.3750    0.3750
2777	1	  0.3750    0.3750
2778	1	  0.3750    0.3750
2779	1	  0.3750    0.3750
2780	1	  0.3750    0.3750
2781	1	  0.3750    0.3750
2782	1	  0.3750    0.3750
2783	1	  0.3750    0.3750
2784	1	  0.3750    0.3750
2785	1	  0.3750    0.3750
2786	1	  0.3750    0.3750
2787	1	  0.3750    0.3750
2788	1	  0.3750    0.3750
2789	1	  0.3750    0.3750
2790	1	  0.3750    0.3750
2791	1	  0.3750    0.3750
2792	1	  0.3750    0.3750
2793	1	  0.3750    0.3750
2794	1	  0.3750    0.3750
2795	1	  0.3750    0.3750
2796	1	  0.3750    0.3750
2797	1	  0.3750    0.3750
2798	1	  0.3750    0.3750
2799	1	  0.3750    0.3750
2800	1	  0.3750    0.3750
2801	1	  0.3750    0.3750
2802	1	  0.3750    0.3750
2803	1	  0.3750    0.3750
2804	1	  0.3750    0.3750
2805	1	  0.3750    0.3750
2806	1	  0.3750    0.3750
2807	1	  0.3750    0.3750
2808	1	  0.3750    0.3750
2809	1	  0.3750    0.3750
2810	1	  0.3750    0.3750
2811	1	  0.3750    0.3750
2812	1	  0.3750    0.3750
2813	1	  0.3750    0.3750
2814	1	  0.3750    0.3750
2815	1	  0.3750    0.3750
2816	1	  0.3750    0.3750
2817	1	  0.3750    0.3750
2818	1	  0.3750    0.3750
2819	1	  0.3750    0.3750
2820	1	  0.3750    0.3750
2821	1	  0.3750    0.3750
2822	1	  0.3750    0.3750
2823	1	  0.3750    0.3750
2824	1	  0.3750    0.3750
2825	1	  0.3750    0.3750
2826	1	  0.3750    0.3750
2827	1	  0.3750    0.3750
2828	1	  0.3750    0.3750
2829	1	  0.3750    0.3750
2830	1	  0.3750    0.3750
2831	1	  0.3750    0.3750
2832	1	  0.3750    0.3750
2833	1	  0.3750    0.3750
2834	1	  0.3750    0.3750
2835	1	  0.3750    0.3750
2836	1	  0.3750    0.3750
2837	1	  0.3750    0.3750
2838	1	  0.3750    0.3750
2839	1	  0.3750    0.3750
2840	1	  0.3750    0.3750
2841	1	  0.3750    0.3750
2842	1	  0.3750    0.3750
2843	1	  0.3750    0.3750
2844	1	  0.3750    0.3750
2845	1	  0.3750    0.3750
2846	1	  0.3750    0.3750
2847	1	  0.3750    0.3750
2848	1	  0.3750    0.3750
2849	1	  0.3750    0.3750
2850	1	  0.3750    0.3750
2851	1	  0.3750    0.3750
2852	1	  0.3750    0.3750
2853	1	  0.3750    0.3750
2854	1	  0.3750    0.3750
2855	1	  0.3750    0.3750
2856	1	  0.3750    0.3750
2857	1	  0.3750    0.3750
2858	1	  0.3750    0.3750
2859	1	  0.3750    0.3750
2860	1	  0.3750    0.3750
2861	1	  0.3750    0.3750
2862	1	  0.3750    0.3750
2863	1	  0.3750    0.3750
2864	1	  0.3750    0.3750
2865	1	  0.3750    0.3750
2866	1	  0.3750    0.3750
2867	1	  0.3750    0.3750
2868	1	  0.3750    0.3750
2869	1	  0.3750    0.3750
2870	1	  0.3750    0.3750
2871	1	  0.3750    0.3750
2872	1	  0.3750    0.3750
2873	1	  0.3750    0.3750
2874	1	  0.3750    0.3750
2875	1	  0.3750    0.3750
2876	1	  0.3750    0.3750
2877	1	  0.3750    0.3750
2878	1	  0.3750    0.3750
2879	1	  0.3750    0.3750
2880	1	  0.3750    0.3750
2881	1	  0.3750    0.3750
2882	1	  0.3750    0.3750
2883	1	  0.3750    0.3750
2884	1	  0.3750    0.3750
2885	1	  0.3750    0.3750
2886	1	  0.3750    0.3750
2887	1	  0.3750    0.3750
2888	1	  0.3750    0.3750
2889	1	  0.3750    0.3750
2890	1	  0.3750    0.3750
2891	1	  0.3750    0.3750
2892	1	  0.3750    0.3750
2893	1	  0.3750    0.3750
2894	1	  0.3750    0.3750
2895	1	  0.3750    0.3750
2896	1	  0.3750    0.3750
2897	1	  0.3750    0.3750
2898	1	  0.3750    0.3750
2899	1	  0.3750    0.3750
2900	1	  0.3750    0.3750
2901	1	  0.3750    0.3750
2902	1	  0.3750    0.3750
2903	1	  0.3750    0.3750
2904	1	  0.3750    0.3750
2905	1	  0.3750    0.3750
2906	1	  0.3750    0.3750
2907	1	  0.3750    0.3750
2908	1	  0.3750    0.3750
2909	1	  0.3750    0.3750
2910	1	  0.3750    0.3750
2911	1	  0.3750    0.3750
2912	1	  0.3750    0.3750
2913	1	  0.3750    0.3750
2914	1	  0.3750    0.3750
2915	1	  0.3750    0.3750
2916	1	  0.3750    0.3750
2917	1	  0.3750    0.3750
2918	1	  0.3750    0.3750
2919	1	  0.3750    0.3750
2920	1	  0.3750    0.3750
2921	1	  0.3750    0.3750
2922	1	  0.3750    0.3750
2923	1	  0.3750    0.3750
2924	1	  0.3750    0.3750
2925	1	  0.3750    0.3750
2926	1	  0.3750    0.3750
2927	1	  0.3750    0.3750
2928	1	  0.3750    0.3750
2929	1	  0.3750    0.3750
2930	1	  0.3750    0.3750
2931	1	  0.3750    0.3750
2932	1	  0.3750    0.3750
2933	1	  0.3750    0.3750
2934	1	  0.3750    0.3750
2935	1	  0.3750    0.3750
2936	1	  0.3750    0.3750
2937	1	  0.3750    0.3750
2938	1	  0.3750    0.3750
2939	1	  0.3750    0.3750
2940	1	  0.3750    0.3750
2941	1	  0.3750    0.3750
2942	1	  0.3750    0.3750
2943	1	  0.3750    0.3750
2944	1	  0.3750    0.3750
2945	1	  0.3750    0.3750
2946	1	  0.3750    0.3750
2947	1	  0.3750    0.3750
2948	1	  0.3750    0.3750
2949	1	  0.3750    0.3750
2950	1	  0.3750    0.3750
2951	1	  0.3750    0.3750
2952	1	  0.3750    0.3750
2953	1	  0.3750    0.3750
2954	1	  0.3750    0.3750
2955	1	  0.3750    0.3750
2956	1	  0.3750    0.3750
2957	1	  0.3750    0.3750
2958	1	  0.3750    0.3750
2959	1	  0.3750    0.3750
2960	1	  0.3750    0.3750
2961	1	  0.3750    0.3750
2962	1	  0.3750    0.3750
2963	1	  0.3750    0.3750
2964	1	  0.3750    0.3750
2965	1	  0.3750    0.3750
2966	1	  0.3750    0.3750
2967	1	  0.3750    0.3750
2968	1	  0.3750    0.3750
2969	1	  0.3750    0.3750
2970	1	  0.3750    0.3750
2971	1	  0.3750    0.3750
2972	1	  0.3750    0.3750
2973	1	  0.3750    0.3750
2974	1	  0.3750    0.3750
2975	1	  0.3750    0.3750
2976	1	  0.3750    0.3750
2977	1	  0.3750    0.3750
2978	1	  0.3750    0.3750
2979	1	  0.3750    0.3750
2980	1	  0.3750    0.3750
2981	1	  0.3750    0.3750
2982	1	  0.3750    0.3750
2983	1	  0.3750    0.3750
2984	1	  0.3750    0.3750
2985	1	  0.3750    0.3750
2986	1	  0.3750    0.3750
2987	1	  0.3750    0.3750
2988	1	  0.3750    0.3750
2989	1	  0.3750    0.3750
2990	1	  0.3750    0.3750
2991	1	  0.3750    0.3750
2992	1	  0.3750    0.3750
2993	1	  0.3750    0.3750
2994	1	  0.3750    0.3750
2995	1	  0.3750    0.3750
2996	1	  0.3750    0.3750
2997	1	  0.3750    0.3750
2998	1	  0.3750    0.3750
2999	1	  0.3750    0.3750
3000	1	  0.3750    0.3750
3001	1	  0.3750    0.3750
3002	1	  0.3750    0.3750
3003	1	  0.3750    0.3750
3004	1	  0.3750    0.3750
3005	1	  0.3750    0.3750
3006	1	  0.3750    0.3750
3007	1	  0.3750    0.3750
3008	1	  0.3750    0.3750
3009	1	  0.3750    0.3750
3010	1	  0.3750    0.3750
3011	1	  0.3750    0.3750
3012	1	  0.3750    0.3750
3013	1	  0.3750    0.3750
3014	1	  0.3750    0.3750
3015	1	  0.3750    0.3750
3016	1	  0.3750    0.3750
3017	1	  0.3750    0.3750
3018	1	  0.3750    0.3750
3019	1	  0.3750    0.3750
3020	1	  0.3750    0.3750
3021	1	  0.3750    0.3750
3022	1	  0.3750    0.3750
3023	1	  0.3750    0.3750
3024	1	  0.3750    0.3750
3025	1	  0.3750    0.3750
3026	1	  0.3750    0.3750
3027	1	  0.3750    0.3750
3028	1	  0.3750    0.3750
3029	1	  0.3750    0.3750
3030	1	  0.3750    0.3750
3031	1	  0.3750    0.3750
3032	1	  0.3750    0.3750
3033	1	  0.3750    0.3750
3034	1	  0.3750    0.3750
3035	1	  0.3750    0.3750
3036	1	  0.3750    0.3750
3037	1	  0.3750    0.3750
3038	1	  0.3750    0.3750
3039	1	  0.3750    0.3750
3040	1	  0.3750    0.3750
3041	1	  0.3750    0.3750
3042	1	  0.3750    0.3750
3043	1	  0.3750    0.3750
3044	1	  0.3750    0.3750
3045	1	  0.3750    0.3750
3046	1	  0.3750    0.3750
3047	1	  0.3750    0.3750
3048	1	  0.3750    0.3750
3049	1	  0.3750    0.3750
3050	1	  0.3750    0.3750
3051	1	  0.3750    0.3750
3052	1	  0.3750    0.3750
3053	1	  0.3750    0.3750
3054	1	  0.3750    0.3750
3055	1	  0.3750    0.3750
3056	1	  0.3750    0.3750
3057	1	  0.3750    0.3750
3058	1	  0.3750    0.3750
3059	1	  0.3750    0.3750
3060	1	  0.3750    0.3750
3061	1	  0.3750    0.3750
3062	1	  0.3750    0.3750
3063	1	  0.3750    0.3750
3064	1	  0.3750    0.3750
3065	1	  0.3750    0.3750
3066	1	  0.3750    0.3750
3067	1	  0.3750    0.3750
3068	1	  0.3750    0.3750
3069	1	  0.3750    0.3750
3070	1	  0.3750    0.3750
3071	1	  0.3750    0.3750
3072	1	  0.3750    0.3750
3073	1	  0.3750    0.3750
3074	1	  0.3750    0.3750
3075	1	  0.3750    0.3750
3076	1	  0.3750    0.3750
3077	1	  0.3750    0.3750
3078	1	  0.3750    0.3750
3079	1	  0.3750    0.3750
3080	1	  0.3750    0.3750
3081	1	  0.3750    0.3750
3082	1	  0.3750    0.3750
3083	1	  0.3750    0.3750
3084	1	  0.3750    0.3750
3085	1	  0.3750    0.3750
3086	1	  0.3750    0.3750
3087	1	  0.3750    0.3750
3088	1	  0.3750    0.3750
3089	1	  0.3750    0.3750
3090	1	  0.3750    0.3750
3091	1	  0.3750    0.3750
3092	1	  0.3750    0.3750
3093	1	  0.3750    0.3750
3094	1	  0.3750    0.3750
3095	1	  0.3750    0.3750
3096	1	  0.3750    0.3750
3097	1	  0.3750    0.3750
3098	1	  0.3750    0.3750
3099	1	  0.3750    0.3750
3100	1	  0.3750    0.3750
3101	1	  0.3750    0.3750
3102	1	  0.3750    0.3750
3103	1	  0.3750    0.3750
3104	1	  0.3750    0.3750
3105	1	  0.3750    0.3750
3106	1	  0.3750    0.3750
3107	1	  0.3750    0.3750
3108	1	  0.3750    0.3750
3109	1	  0.3750    0.3750
3110	1	  0.3750    0.3750
3111	1	  0.3750    0.3750
3112	1	  0.3750    0.3750
3113	1	  0.3750    0.3750
3114	1	  0.3750    0.3750
3115	1	  0.3750    0.3750
3116	1	  0.3750    0.3750
3117	1	  0.3750    0.3750
3118	1	  0.3750    0.3750
3119	1	  0.3750    0.3750
3120	1	  0.3750    0.3750
3121	1	  0.3750    0.3750
3122	1	  0.3750    0.3750
3123	1	  0.3750    0.3750
3124	1	  0.3750    0.3750
3125	1	  0.3750    0.3750
3126	1	  0.3750    0.3750
3127	1	  0.3750    0.3750
3128	1	  0.3750    0.3750
3129	1	  0.3750    0.3750
3130	1	  0.3750    0.3750
3131	1	  0.3750    0.3750
3132	1	  0.3750    0.3750
3133	1	  0.3750    0.3750
3134	1	  0.3750    0.3750
3135	1	  0.3750    0.3750
3136	1	  0.3750    0.3750
3137	1	  0.3750    0.3750
3138	1	  0.3750    0.3750
3139	1	  0.3750    0.3750
3140	1	  0.3750    0.3750
3141	1	  0.3750    0.3750
3142	1	  0.3750    0.3750
3143	1	  0.3750    0.3750
3144	1	  0.3750    0.3750
3145	1	  0.3750    0.3750
3146	1	  0.3750    0.3750
3147	1	  0.3750    0.3750
3148	1	  0.3750    0.3750
3149	1	  0.3750    0.3750
3150	1	  0.3750    0.3750
3151	1	  0.3750    0.3750
3152	1	  0.3750    0.3750
3153	1	  0.3750    0.3750
3154	1	  0.3750    0.3750
3155	1	  0.3750    0.3750
3156	1	  0.3750    0.3750
3157	1	  0.3750    0.3750
3158	1	  0.3750    0.3750
3159	1	  0.3750    0.3750
3160	1	  0.3750    0.3750
3161	1	  0.3750    0.3750
3162	1	  0.3750    0.3750
3163	1	  0.3750    0.3750
3164	1	  0.3750    0.3750
3165	1	  0.3750    0.3750
3166	1	  0.3750    0.3750
3167	1	  0.3750    0.3750
3168	1	  0.3750    0.3750
3169	1	  0.3750    0.3750
3170	1	  0.3750    0.3750
3171	1	  0.3750    0.3750
3172	1	  0.3750    0.3750
3173	1	  0.3750    0.3750
3174	1	  0.3750    0.3750
3175	1	  0.3750    0.3750
3176	1	  0.3750    0.3750
3177	1	  0.3750    0.3750
3178	1	  0.3750    0.3750
3179	1	  0.3750    0.3750
3180	1	  0.3750    0.3750
3181	1	  0.3750    0.3750
3182	1	  0.3750    0.3750
3183	1	  0.3750    0.3750
3184	1	  0.3750    0.3750
3185	1	  0.3750    0.3750
3186	1	  0.3750    0.3750
3187	1	  0.3750    0.3750
3188	1	  0.3750    0.3750
3189	1	  0.3750    0.3750
3190	1	  0.3750    0.3750
3191	1	  0.3750    0.3750
3192	1	  0.3750    0.3750
3193	1	  0.3750    0.3750
3194	1	  0.3750    0.3750
3195	1	  0.3750    0.3750
3196	1	  0.3750    0.3750
3197	1	  0.3750    0.3750
3198	1	  0.3750    0.3750
3199	1	  0.3750    0.3750
3200	1	  0.3750    0.3750
3201	1	 1500.0000 1500.0000
3202	1	 300.0000  300.0000
3203	3	  2.0000   17.8400
3204	4	  0.3798    0.4519
3205	4	  0.3798    0.4519
3206	4	  0.3798    0.4519
3207	4	  0.3798    0.4519
3208	4	  0.3798    0.4519
3209	4	  0.3798    0.4519
3210	4	  0.3798    0.4519
3211	4	  0.3798    0.4519
3212	4	  0.3798    0.4519
3213	4	  0.3798    0.4519
3214	4	  0.3798    0.4519
3215	4	  0.3798    0.4519
3216	4	  0.3798    0.4519
3217	4	  0.4797    0.5709
3218	4	  0.4797    0.5709
3219	4	  0.4797    0.5709
3220	4	  0.4797    0.5709
3221	4	  0.4797    0.5709
3222	4	  0.4797    0.5709
3223	4	  0.4797    0.5709
3224	4	  0.4797    0.5709
3225	4	  0.4797    0.5709
3226	4	  0.4797    0.5709
3227	4	  0.4797    0.5709
3228	4	  0.4797    0.5709
3229	4	  0.4797    0.5709
3230	4	  0.5920    0.7045
3231	4	  0.5920    0.7045
3232	4	  0.5920    0.7045
3233	4	  0.5920    0.7045
3234	4	  0.5920    0.7045
3235	4	  0.5920    0.7045
3236	4	  0.5920    0.7045
3237	4	  0.5920    0.7045
3238	4	  0.5920    0.7045
3239	4	  0.5920    0.7045
3240	4	  0.5920    0.7045
3241	4	  0.5920    0.7045
3242	4	  0.5920    0.7045
3243	4	  0.6202    0.7380
3244	4	  0.6202    0.7380
3245	4	  0.6202    0.7380
3246	4	  0.6202    0.7380
3247	4	  0.6202    0.7380
3248	4	  0.6202    0.7380
3249	4	  0.6202    0.7380
3250	4	  0.6202    0.7380
3251	4	  0.6202    0.7380
3252	4	  0.6202    0.7380
3253	4	  0.6202    0.7380
3254	4	  0.6202    0.7380
3255	4	  0.6202    0.7380
3256	4	  0.7720    0.9186
3257	4	  0.7720    0.9186
3258	4	  0.7720    0.9186
3259	4	  0.7720    0.9186
3260	4	  0.7720    0.9186
3261	4	  0.7720    0.9186
3262	4	  0.7720    0.9186
3263	4	  0.7720    0.9186
3264	4	  0.7720    0.9186
3265	4	  0.7720    0.9186
3266	4	  0.7720    0.9186
3267	4	  0.7720    0.9186
3268	4	  0.7720    0.9186
3269	4	  0.7232    0.8607
3270	4	  0.7232    0.8607
3271	4	  0.7232    0.8607
3272	4	  0.7232    0.8607
3273	4	  0.7232    0.8607
3274	4	  0.7232    0.8607
3275	4	  0.7232    0.8607
3276	4	  0.7232    0.8607
3277	4	  0.7232    0.8607
3278	4	  0.7232    0.8607
3279	4	  0.7232    0.8607
3280	4	  0.7232    0.8607
3281	4	  0.7232    0.8607
3282	4	  0.6767    0.8053
3283	4	  0.6767    0.8053
3284	4	  0.6767    0.8053
3285	4	  0.6767    0.8053
3286	4	  0.6767    0.8053
3287	4	  0.6767    0.8053
3288	4	  0.6767    0.8053
3289	4	  0.6767    0.8053
3290	4	  0.6767    0.8053
3291	4	  0.6767    0.8053
3292	4	  0.6767    0.8053
3293	4	  0.6767    0.8053
3294	4	  0.6767    0.8053
3295	4	  0.7737    0.9207
3296	4	  0.7737    0.9207
3297	4	  0.7737    0.9207
3298	4	  0.7737    0.9207
3299	4	  0.7737    0.9207
3300	4	  0.7737    0.9207
3301	4	  0.7737    0.9207
3302	4	  0.7737    0.9207
3303	4	  0.7737    0.9207
3304	4	  0.7737    0.9207
3305	4	  0.7737    0.9207
3306	4	  0.7737    0.9207
3307	4	  0.7737    0.9207
3308	4	  0.4353    0.5180
3309	4	  0.4353    0.5180
3310	4	  0.4353    0.5180
3311	4	  0.4353    0.5180
3312	4	  0.4353    0.5180
3313	4	  0.4353    0.5180
3314	4	  0.4353    0.5180
3315	4	  0.4353    0.5180
3316	4	  0.4353    0.5180
3317	4	  0.4353    0.5180
3318	4	  0.4353    0.5180
3319	4	  0.4353    0.5180
3320	4	  0.4353    0.5180
