 z		  Dose		 (O14)Con.	(C10)Con.	(N13)Con.	(C11)Con.	(O15)Con.	tot.con.	(C10)Act	(C11)Act	(N13)Act	(O14)Act	(O15)Act	tot.act.	long.act.	tot.act.(2min)
(cm)	   (mGy)																 (1/cm3)																1e-11*1/sec/cm3/proj	
 0.1	 1.146e+00	   152.47	   506.50	   539.89	  1270.95	  2916.29	 5392.75	 3.6400e-07	 1.4441e-08	 1.2518e-08	 2.9940e-08	 3.3073e-07	 1.0061e-05	 3.8773e-07	 2.0610e-07
 0.2	 1.158e+00	   154.86	   521.52	   541.38	  1271.24	  2951.94	 5446.92	 3.7479e-07	 1.4445e-08	 1.2553e-08	 3.0409e-08	 3.3477e-07	 9.3045e-06	 3.9229e-07	 2.0846e-07
 0.3	 1.167e+00	   158.14	   534.38	   552.55	  1272.86	  2955.70	 5479.01	 3.8404e-07	 1.4463e-08	 1.2812e-08	 3.1052e-08	 3.3520e-07	 7.2579e-06	 3.9362e-07	 2.0921e-07
 0.4	 1.175e+00	   155.49	   527.44	   540.43	  1269.52	  2926.93	 5425.06	 3.7905e-07	 1.4425e-08	 1.2530e-08	 3.0534e-08	 3.3194e-07	 8.4831e-06	 3.8951e-07	 2.0707e-07
 0.5	 1.181e+00	   159.47	   531.39	   546.89	  1280.02	  2918.71	 5443.10	 3.8189e-07	 1.4544e-08	 1.2680e-08	 3.1315e-08	 3.3100e-07	 1.0132e-05	 3.8962e-07	 2.0714e-07
 0.6	 1.187e+00	   152.69	   503.95	   539.60	  1288.07	  2956.50	 5448.58	 3.6217e-07	 1.4636e-08	 1.2511e-08	 2.9984e-08	 3.3529e-07	 1.1401e-05	 3.9261e-07	 2.0862e-07
 0.7	 1.193e+00	   154.70	   529.35	   554.59	  1300.93	  2982.15	 5528.35	 3.8042e-07	 1.4782e-08	 1.2859e-08	 3.0377e-08	 3.3820e-07	 9.3657e-06	 3.9642e-07	 2.1087e-07
 0.8	 1.198e+00	   165.49	   526.01	   558.19	  1296.73	  2952.64	 5504.89	 3.7802e-07	 1.4734e-08	 1.2942e-08	 3.2496e-08	 3.3485e-07	 8.6420e-06	 3.9514e-07	 2.0979e-07
 0.9	 1.203e+00	   149.76	   527.41	   557.62	  1291.26	  2993.48	 5524.40	 3.7903e-07	 1.4672e-08	 1.2929e-08	 2.9409e-08	 3.3948e-07	 7.7187e-06	 3.9659e-07	 2.1111e-07
 1.0	 1.207e+00	   164.73	   519.07	   548.99	  1300.68	  2966.52	 5505.91	 3.7303e-07	 1.4779e-08	 1.2729e-08	 3.2346e-08	 3.3643e-07	 8.4840e-06	 3.9642e-07	 2.1034e-07
 1.1	 1.212e+00	   160.08	   523.52	   549.31	  1296.70	  2991.96	 5528.06	 3.7624e-07	 1.4734e-08	 1.2736e-08	 3.1434e-08	 3.3931e-07	 9.3120e-06	 3.9835e-07	 2.1153e-07
 1.2	 1.216e+00	   151.96	   515.66	   540.78	  1300.39	  2976.65	 5491.10	 3.7059e-07	 1.4776e-08	 1.2538e-08	 2.9840e-08	 3.3757e-07	 8.0686e-06	 3.9489e-07	 2.0995e-07
 1.3	 1.220e+00	   159.57	   533.20	   562.39	  1286.83	  3029.13	 5577.91	 3.8319e-07	 1.4622e-08	 1.3040e-08	 3.1334e-08	 3.4353e-07	 1.0095e-05	 4.0260e-07	 2.1389e-07
 1.4	 1.225e+00	   151.17	   527.57	   554.91	  1295.75	  3025.09	 5559.76	 3.7914e-07	 1.4723e-08	 1.2866e-08	 2.9684e-08	 3.4307e-07	 7.6198e-06	 4.0045e-07	 2.1301e-07
 1.5	 1.228e+00	   160.97	   530.81	   561.98	  1275.63	  2999.88	 5535.48	 3.8147e-07	 1.4495e-08	 1.3030e-08	 3.1609e-08	 3.4021e-07	 9.9354e-06	 3.9938e-07	 2.1213e-07
 1.6	 1.232e+00	   154.64	   530.18	   541.89	  1281.45	  3048.20	 5561.29	 3.8102e-07	 1.4561e-08	 1.2564e-08	 3.0365e-08	 3.4569e-07	 7.9331e-06	 4.0325e-07	 2.1415e-07
 1.7	 1.235e+00	   160.71	   526.61	   551.41	  1296.29	  3044.16	 5585.58	 3.7845e-07	 1.4729e-08	 1.2785e-08	 3.1559e-08	 3.4523e-07	 9.2689e-06	 4.0445e-07	 2.1464e-07
 1.8	 1.239e+00	   153.78	   512.92	   559.68	  1321.31	  3033.91	 5588.76	 3.6862e-07	 1.5014e-08	 1.2977e-08	 3.0196e-08	 3.4407e-07	 1.0286e-05	 4.0241e-07	 2.1395e-07
 1.9	 1.243e+00	   163.52	   521.14	   553.19	  1316.88	  3033.05	 5594.75	 3.7452e-07	 1.4963e-08	 1.2826e-08	 3.2109e-08	 3.4397e-07	 1.1116e-05	 4.0395e-07	 2.1438e-07
 2.0	 1.246e+00	   164.82	   527.82	   542.43	  1311.12	  3023.37	 5576.92	 3.7932e-07	 1.4898e-08	 1.2577e-08	 3.2365e-08	 3.4287e-07	 1.0863e-05	 4.0288e-07	 2.1371e-07
 2.1	 1.250e+00	   154.32	   520.09	   561.21	  1317.64	  3037.70	 5598.95	 3.7377e-07	 1.4972e-08	 1.3012e-08	 3.0302e-08	 3.4450e-07	 1.1166e-05	 4.0298e-07	 2.1428e-07
 2.2	 1.253e+00	   159.00	   532.47	   555.96	  1312.11	  3082.26	 5648.45	 3.8266e-07	 1.4909e-08	 1.2891e-08	 3.1221e-08	 3.4955e-07	 8.9174e-06	 4.0875e-07	 2.1705e-07
 2.3	 1.256e+00	   159.31	   512.70	   561.37	  1317.74	  3066.44	 5624.38	 3.6846e-07	 1.4973e-08	 1.3016e-08	 3.1284e-08	 3.4776e-07	 1.0444e-05	 4.0713e-07	 2.1613e-07
 2.4	 1.260e+00	   154.28	   529.48	   551.76	  1296.89	  3068.83	 5609.04	 3.8051e-07	 1.4736e-08	 1.2793e-08	 3.0296e-08	 3.4803e-07	 1.1741e-05	 4.0593e-07	 2.1572e-07
 2.5	 1.263e+00	   157.88	   529.35	   554.81	  1316.53	  3055.62	 5620.66	 3.8042e-07	 1.4959e-08	 1.2864e-08	 3.1002e-08	 3.4653e-07	 8.8090e-06	 4.0547e-07	 2.1542e-07
 2.6	 1.266e+00	   158.68	   529.32	   571.30	  1282.63	  3045.62	 5594.68	 3.8040e-07	 1.4574e-08	 1.3246e-08	 3.1159e-08	 3.4540e-07	 1.0145e-05	 4.0451e-07	 2.1489e-07
 2.7	 1.270e+00	   166.09	   525.47	   569.55	  1323.25	  3086.53	 5676.23	 3.7763e-07	 1.5036e-08	 1.3206e-08	 3.2615e-08	 3.5004e-07	 7.8346e-06	 4.1102e-07	 2.1802e-07
 2.8	 1.273e+00	   168.39	   519.26	   548.58	  1298.23	  3065.90	 5605.82	 3.7317e-07	 1.4751e-08	 1.2719e-08	 3.3065e-08	 3.4770e-07	 7.9303e-06	 4.0836e-07	 2.1622e-07
 2.9	 1.276e+00	   160.87	   521.58	   570.28	  1318.22	  3092.32	 5669.10	 3.7484e-07	 1.4979e-08	 1.3223e-08	 3.1590e-08	 3.5069e-07	 8.9628e-06	 4.1058e-07	 2.1796e-07
 3.0	 1.279e+00	   156.99	   539.63	   586.20	  1319.33	  3082.61	 5689.67	 3.8781e-07	 1.4991e-08	 1.3592e-08	 3.0827e-08	 3.4959e-07	 7.2257e-06	 4.0911e-07	 2.1766e-07
 3.1	 1.282e+00	   156.32	   536.07	   572.83	  1327.70	  3092.16	 5691.58	 3.8525e-07	 1.5086e-08	 1.3282e-08	 3.0696e-08	 3.5067e-07	 1.0104e-05	 4.0982e-07	 2.1798e-07
 3.2	 1.285e+00	   165.46	   531.07	   565.45	  1311.82	  3109.64	 5690.40	 3.8166e-07	 1.4906e-08	 1.3110e-08	 3.2490e-08	 3.5266e-07	 1.0258e-05	 4.1331e-07	 2.1919e-07
 3.3	 1.288e+00	   159.35	   532.34	   563.70	  1317.87	  3096.46	 5676.11	 3.8257e-07	 1.4975e-08	 1.3070e-08	 3.1290e-08	 3.5116e-07	 9.3306e-06	 4.1063e-07	 2.1809e-07
 3.4	 1.291e+00	   164.95	   521.14	   560.07	  1311.31	  3121.76	 5686.61	 3.7452e-07	 1.4900e-08	 1.2986e-08	 3.2390e-08	 3.5403e-07	 1.0818e-05	 4.1447e-07	 2.1966e-07
 3.5	 1.294e+00	   160.78	   526.04	   562.90	  1305.49	  3070.67	 5632.18	 3.7804e-07	 1.4834e-08	 1.3051e-08	 3.1571e-08	 3.4824e-07	 9.6319e-06	 4.0780e-07	 2.1649e-07
 3.6	 1.297e+00	   164.12	   528.17	   550.87	  1304.12	  3113.49	 5667.54	 3.7958e-07	 1.4818e-08	 1.2772e-08	 3.2227e-08	 3.5309e-07	 9.5358e-06	 4.1307e-07	 2.1892e-07
 3.7	 1.299e+00	   156.10	   541.67	   570.28	  1321.27	  3104.77	 5699.38	 3.8928e-07	 1.5013e-08	 1.3223e-08	 3.0652e-08	 3.5210e-07	 8.3091e-06	 4.1104e-07	 2.1859e-07
 3.8	 1.302e+00	   167.97	   530.34	   568.82	  1308.99	  3097.06	 5680.24	 3.8113e-07	 1.4874e-08	 1.3189e-08	 3.2984e-08	 3.5123e-07	 1.0822e-05	 4.1237e-07	 2.1864e-07
 3.9	 1.305e+00	   162.66	   530.72	   566.46	  1304.69	  3106.74	 5677.63	 3.8141e-07	 1.4825e-08	 1.3134e-08	 3.1940e-08	 3.5233e-07	 8.6112e-06	 4.1244e-07	 2.1879e-07
 4.0	 1.308e+00	   157.21	   532.76	   571.94	  1346.77	  3119.89	 5734.20	 3.8287e-07	 1.5303e-08	 1.3261e-08	 3.0871e-08	 3.5382e-07	 8.4593e-06	 4.1332e-07	 2.1976e-07
 4.1	 1.311e+00	   158.93	   532.31	   569.78	  1307.43	  3114.79	 5688.74	 3.8255e-07	 1.4856e-08	 1.3211e-08	 3.1209e-08	 3.5324e-07	 8.0469e-06	 4.1265e-07	 2.1911e-07
 4.2	 1.313e+00	   158.26	   525.66	   564.17	  1314.05	  3147.99	 5715.70	 3.7777e-07	 1.4931e-08	 1.3081e-08	 3.1077e-08	 3.5701e-07	 7.9942e-06	 4.1618e-07	 2.2086e-07
 4.3	 1.316e+00	   160.11	   526.87	   562.77	  1310.61	  3130.80	 5698.99	 3.7864e-07	 1.4892e-08	 1.3048e-08	 3.1440e-08	 3.5506e-07	 1.0925e-05	 4.1470e-07	 2.2002e-07
 4.4	 1.319e+00	   166.79	   540.17	   562.49	  1305.71	  3137.90	 5718.41	 3.8820e-07	 1.4836e-08	 1.3042e-08	 3.2753e-08	 3.5586e-07	 8.2621e-06	 4.1655e-07	 2.2081e-07
 4.5	 1.321e+00	   162.18	   529.41	   569.58	  1307.84	  3120.33	 5694.73	 3.8047e-07	 1.4861e-08	 1.3206e-08	 3.1846e-08	 3.5387e-07	 7.9946e-06	 4.1389e-07	 2.1959e-07
 4.6	 1.324e+00	   161.29	   520.25	   564.87	  1319.20	  3145.25	 5717.42	 3.7388e-07	 1.4990e-08	 1.3097e-08	 3.1671e-08	 3.5670e-07	 9.6365e-06	 4.1663e-07	 2.2095e-07
 4.7	 1.327e+00	   151.93	   536.86	   573.95	  1325.76	  3135.23	 5729.77	 3.8582e-07	 1.5064e-08	 1.3308e-08	 2.9834e-08	 3.5556e-07	 9.1828e-06	 4.1387e-07	 2.2019e-07
 4.8	 1.329e+00	   160.27	   516.49	   570.19	  1320.13	  3142.96	 5716.02	 3.7118e-07	 1.5000e-08	 1.3220e-08	 3.1471e-08	 3.5644e-07	 8.2962e-06	 4.1623e-07	 2.2080e-07
 4.9	 1.332e+00	   160.71	   523.56	   576.27	  1336.14	  3141.40	 5743.14	 3.7626e-07	 1.5182e-08	 1.3361e-08	 3.1559e-08	 3.5626e-07	 7.3758e-06	 4.1648e-07	 2.2109e-07
 5.0	 1.335e+00	   158.17	   531.01	   577.19	  1313.98	  3119.54	 5706.54	 3.8161e-07	 1.4930e-08	 1.3383e-08	 3.1059e-08	 3.5378e-07	 1.0207e-05	 4.1328e-07	 2.1957e-07
 5.1	 1.337e+00	   154.13	   528.30	   570.48	  1325.63	  3151.56	 5735.92	 3.7967e-07	 1.5063e-08	 1.3227e-08	 3.0265e-08	 3.5741e-07	 8.8703e-06	 4.1608e-07	 2.2111e-07
 5.2	 1.340e+00	   160.33	   530.94	   564.84	  1311.15	  3137.58	 5710.74	 3.8157e-07	 1.4898e-08	 1.3096e-08	 3.1484e-08	 3.5583e-07	 9.0258e-06	 4.1540e-07	 2.2044e-07
 5.3	 1.342e+00	   154.32	   525.98	   574.80	  1321.43	  3157.29	 5740.06	 3.7800e-07	 1.5015e-08	 1.3327e-08	 3.0302e-08	 3.5806e-07	 8.6637e-06	 4.1684e-07	 2.2147e-07
 5.4	 1.344e+00	   162.56	   515.82	   571.75	  1302.37	  3148.21	 5706.44	 3.7070e-07	 1.4798e-08	 1.3257e-08	 3.1921e-08	 3.5703e-07	 8.5024e-06	 4.1714e-07	 2.2108e-07
 5.5	 1.347e+00	   164.60	   524.77	   582.16	  1335.88	  3147.96	 5760.90	 3.7713e-07	 1.5179e-08	 1.3498e-08	 3.2321e-08	 3.5700e-07	 8.3555e-06	 4.1811e-07	 2.2184e-07
 5.6	 1.349e+00	   156.16	   530.53	   572.26	  1331.59	  3185.33	 5781.82	 3.8127e-07	 1.5130e-08	 1.3268e-08	 3.0665e-08	 3.6124e-07	 8.9277e-06	 4.2044e-07	 2.2330e-07
 5.7	 1.352e+00	   156.74	   531.83	   562.84	  1326.37	  3187.49	 5771.73	 3.8221e-07	 1.5071e-08	 1.3050e-08	 3.0777e-08	 3.6149e-07	 9.3916e-06	 4.2049e-07	 2.2322e-07
 5.8	 1.354e+00	   154.48	   520.41	   571.88	  1335.06	  3141.08	 5728.85	 3.7399e-07	 1.5170e-08	 1.3260e-08	 3.0334e-08	 3.5622e-07	 8.7608e-06	 4.1513e-07	 2.2059e-07
 5.9	 1.357e+00	   161.83	   534.76	   574.20	  1327.70	  3197.04	 5802.44	 3.8431e-07	 1.5086e-08	 1.3313e-08	 3.1777e-08	 3.6257e-07	 1.0065e-05	 4.2287e-07	 2.2436e-07
 6.0	 1.359e+00	   164.31	   516.52	   579.80	  1318.92	  3161.01	 5749.60	 3.7120e-07	 1.4986e-08	 1.3443e-08	 3.2265e-08	 3.5848e-07	 1.2002e-05	 4.1940e-07	 2.2234e-07
 6.1	 1.361e+00	   162.05	   529.06	   574.74	  1315.54	  3179.73	 5766.95	 3.8022e-07	 1.4948e-08	 1.3326e-08	 3.1821e-08	 3.6061e-07	 8.9270e-06	 4.2078e-07	 2.2318e-07
 6.2	 1.364e+00	   165.74	   513.69	   566.46	  1320.35	  3182.05	 5754.35	 3.6917e-07	 1.5003e-08	 1.3134e-08	 3.2546e-08	 3.6087e-07	 9.1225e-06	 4.2168e-07	 2.2329e-07
 6.3	 1.366e+00	   158.01	   531.51	   576.87	  1313.48	  3169.54	 5753.71	 3.8198e-07	 1.4925e-08	 1.3375e-08	 3.1027e-08	 3.5945e-07	 6.3039e-06	 4.1887e-07	 2.2237e-07
 6.4	 1.368e+00	   167.34	   521.90	   581.39	  1338.84	  3196.53	 5812.25	 3.7507e-07	 1.5213e-08	 1.3480e-08	 3.2859e-08	 3.6251e-07	 8.8224e-06	 4.2423e-07	 2.2480e-07
 6.5	 1.371e+00	   158.61	   526.80	   572.99	  1323.09	  3181.16	 5768.51	 3.7859e-07	 1.5034e-08	 1.3285e-08	 3.1146e-08	 3.6077e-07	 8.6164e-06	 4.2038e-07	 2.2309e-07
 6.6	 1.373e+00	   159.12	   520.82	   568.57	  1307.01	  3229.16	 5790.25	 3.7429e-07	 1.4851e-08	 1.3183e-08	 3.1246e-08	 3.6621e-07	 8.7715e-06	 4.2553e-07	 2.2554e-07
 6.7	 1.375e+00	   158.26	   536.51	   587.44	  1313.00	  3186.09	 5787.32	 3.8557e-07	 1.4919e-08	 1.3620e-08	 3.1077e-08	 3.6133e-07	 8.8297e-06	 4.2105e-07	 2.2363e-07
 6.8	 1.378e+00	   165.39	   530.08	   563.73	  1309.46	  3203.73	 5779.21	 3.8095e-07	 1.4879e-08	 1.3071e-08	 3.2478e-08	 3.6333e-07	 9.6509e-06	 4.2392e-07	 2.2452e-07
 6.9	 1.380e+00	   158.36	   534.41	   589.03	  1327.54	  3208.57	 5823.07	 3.8406e-07	 1.5084e-08	 1.3657e-08	 3.1096e-08	 3.6388e-07	 7.2366e-06	 4.2379e-07	 2.2506e-07
 7.0	 1.382e+00	   168.10	   514.77	   564.59	  1317.04	  3165.28	 5737.29	 3.6995e-07	 1.4965e-08	 1.3091e-08	 3.3009e-08	 3.5897e-07	 1.0870e-05	 4.2013e-07	 2.2242e-07
 7.1	 1.385e+00	   160.78	   534.38	   567.90	  1308.19	  3193.99	 5771.31	 3.8404e-07	 1.4865e-08	 1.3167e-08	 3.1571e-08	 3.6222e-07	 9.1891e-06	 4.2194e-07	 2.2377e-07
 7.2	 1.387e+00	   163.26	   526.23	   558.76	  1322.48	  3180.01	 5757.91	 3.7818e-07	 1.5027e-08	 1.2955e-08	 3.2059e-08	 3.6064e-07	 1.0982e-05	 4.2075e-07	 2.2302e-07
 7.3	 1.389e+00	   170.68	   517.92	   578.88	  1314.56	  3188.13	 5777.17	 3.7221e-07	 1.4937e-08	 1.3422e-08	 3.3515e-08	 3.6156e-07	 1.0002e-05	 4.2358e-07	 2.2419e-07
 7.4	 1.392e+00	   166.79	   529.51	   555.61	  1320.64	  3212.83	 5790.89	 3.8054e-07	 1.5006e-08	 1.2882e-08	 3.2753e-08	 3.6436e-07	 8.1087e-06	 4.2508e-07	 2.2503e-07
 7.5	 1.394e+00	   168.16	   516.62	   576.33	  1335.98	  3188.54	 5790.63	 3.7127e-07	 1.5180e-08	 1.3363e-08	 3.3021e-08	 3.6161e-07	 7.4804e-06	 4.2324e-07	 2.2417e-07
 7.6	 1.396e+00	   160.08	   533.14	   567.52	  1330.38	  3200.99	 5799.20	 3.8314e-07	 1.5117e-08	 1.3158e-08	 3.1434e-08	 3.6302e-07	 9.8577e-06	 4.2288e-07	 2.2437e-07
 7.7	 1.398e+00	   159.57	   516.33	   564.20	  1316.50	  3185.78	 5749.70	 3.7107e-07	 1.4959e-08	 1.3082e-08	 3.1334e-08	 3.6129e-07	 1.0924e-05	 4.2079e-07	 2.2309e-07
 7.8	 1.400e+00	   163.74	   525.94	   577.57	  1332.38	  3221.39	 5827.02	 3.7797e-07	 1.5139e-08	 1.3392e-08	 3.2152e-08	 3.6533e-07	 9.2386e-06	 4.2611e-07	 2.2589e-07
 7.9	 1.403e+00	   162.62	   519.29	   571.81	  1313.03	  3217.19	 5790.03	 3.7319e-07	 1.4920e-08	 1.3258e-08	 3.1934e-08	 3.6485e-07	 8.5129e-06	 4.2515e-07	 2.2521e-07
 8.0	 1.405e+00	   163.96	   527.03	   581.55	  1314.43	  3220.53	 5814.03	 3.7875e-07	 1.4935e-08	 1.3484e-08	 3.2196e-08	 3.6523e-07	 9.2908e-06	 4.2602e-07	 2.2578e-07
 8.1	 1.407e+00	   167.34	   513.34	   567.26	  1328.88	  3239.44	 5821.67	 3.6892e-07	 1.5100e-08	 1.3153e-08	 3.2859e-08	 3.6738e-07	 7.4321e-06	 4.2866e-07	 2.2678e-07
 8.2	 1.409e+00	   163.48	   514.80	   573.44	  1326.02	  3206.08	 5790.00	 3.6997e-07	 1.5067e-08	 1.3296e-08	 3.2102e-08	 3.6359e-07	 8.6116e-06	 4.2419e-07	 2.2474e-07
 8.3	 1.412e+00	   163.42	   525.05	   576.75	  1310.45	  3204.71	 5786.75	 3.7733e-07	 1.4890e-08	 1.3372e-08	 3.2090e-08	 3.6344e-07	 8.1559e-06	 4.2403e-07	 2.2468e-07
 8.4	 1.414e+00	   165.39	   518.27	   582.57	  1337.25	  3213.91	 5824.28	 3.7246e-07	 1.5195e-08	 1.3508e-08	 3.2478e-08	 3.6448e-07	 1.0261e-05	 4.2574e-07	 2.2565e-07
 8.5	 1.416e+00	   165.30	   523.33	   578.21	  1329.04	  3184.37	 5787.32	 3.7610e-07	 1.5101e-08	 1.3406e-08	 3.2459e-08	 3.6113e-07	 1.0210e-05	 4.2224e-07	 2.2384e-07
 8.6	 1.418e+00	   164.60	   520.95	   573.15	  1320.51	  3218.59	 5803.88	 3.7438e-07	 1.5005e-08	 1.3289e-08	 3.2321e-08	 3.6501e-07	 8.5661e-06	 4.2577e-07	 2.2552e-07
 8.7	 1.420e+00	   161.86	   524.35	   563.54	  1318.73	  3191.73	 5766.92	 3.7683e-07	 1.4984e-08	 1.3066e-08	 3.1784e-08	 3.6197e-07	 1.0262e-05	 4.2188e-07	 2.2364e-07
 8.8	 1.423e+00	   165.49	   531.61	   575.76	  1314.62	  3229.51	 5823.61	 3.8205e-07	 1.4938e-08	 1.3350e-08	 3.2496e-08	 3.6625e-07	 9.7067e-06	 4.2717e-07	 2.2631e-07
 8.9	 1.425e+00	   162.15	   526.96	   578.21	  1318.12	  3213.28	 5804.26	 3.7871e-07	 1.4977e-08	 1.3406e-08	 3.1840e-08	 3.6441e-07	 8.2094e-06	 4.2476e-07	 2.2520e-07
 9.0	 1.427e+00	   165.81	   526.77	   581.68	  1340.56	  3237.66	 5858.28	 3.7857e-07	 1.5232e-08	 1.3487e-08	 3.2559e-08	 3.6718e-07	 8.7788e-06	 4.2855e-07	 2.2712e-07
 9.1	 1.429e+00	   165.46	   510.86	   576.40	  1342.00	  3237.31	 5839.78	 3.6713e-07	 1.5249e-08	 1.3364e-08	 3.2490e-08	 3.6714e-07	 1.1184e-05	 4.2840e-07	 2.2689e-07
 9.2	 1.432e+00	   162.24	   511.78	   573.21	  1323.47	  3208.50	 5786.11	 3.6779e-07	 1.5038e-08	 1.3291e-08	 3.1859e-08	 3.6387e-07	 9.7923e-06	 4.2419e-07	 2.2476e-07
 9.3	 1.434e+00	   160.62	   510.35	   568.95	  1326.84	  3220.79	 5793.85	 3.6677e-07	 1.5077e-08	 1.3192e-08	 3.1540e-08	 3.6526e-07	 9.2265e-06	 4.2521e-07	 2.2530e-07
 9.4	 1.436e+00	   164.22	   507.10	   565.80	  1323.63	  3210.35	 5778.09	 3.6443e-07	 1.5040e-08	 1.3119e-08	 3.2246e-08	 3.6408e-07	 9.8408e-06	 4.2459e-07	 2.2479e-07
 9.5	 1.438e+00	   160.21	   515.89	   588.71	  1326.11	  3199.56	 5797.13	 3.7075e-07	 1.5068e-08	 1.3650e-08	 3.1459e-08	 3.6285e-07	 9.4342e-06	 4.2320e-07	 2.2451e-07
 9.6	 1.440e+00	   163.17	   523.65	   566.59	  1316.91	  3193.22	 5770.10	 3.7633e-07	 1.4964e-08	 1.3137e-08	 3.2040e-08	 3.6214e-07	 9.8504e-06	 4.2235e-07	 2.2383e-07
 9.7	 1.442e+00	   165.55	   500.26	   582.99	  1325.60	  3224.00	 5804.89	 3.5951e-07	 1.5062e-08	 1.3517e-08	 3.2509e-08	 3.6563e-07	 9.6324e-06	 4.2685e-07	 2.2596e-07
 9.8	 1.444e+00	   171.95	   511.62	   576.08	  1311.63	  3223.85	 5800.92	 3.6768e-07	 1.4904e-08	 1.3357e-08	 3.3765e-08	 3.6561e-07	 8.5100e-06	 4.2774e-07	 2.2614e-07
 9.9	 1.446e+00	   164.95	   523.14	   566.56	  1301.19	  3203.73	 5766.38	 3.7596e-07	 1.4785e-08	 1.3136e-08	 3.2390e-08	 3.6333e-07	 9.3372e-06	 4.2384e-07	 2.2440e-07
 10.0	 1.448e+00	   157.12	   512.99	   563.73	  1333.62	  3193.00	 5768.86	 3.6866e-07	 1.5154e-08	 1.3071e-08	 3.0852e-08	 3.6211e-07	 1.1693e-05	 4.2137e-07	 2.2353e-07
 10.1	 1.450e+00	   166.51	   510.25	   581.39	  1319.84	  3226.84	 5811.36	 3.6670e-07	 1.4997e-08	 1.3480e-08	 3.2696e-08	 3.6595e-07	 9.8971e-06	 4.2723e-07	 2.2618e-07
 10.2	 1.452e+00	   164.31	   510.41	   576.24	  1310.26	  3190.84	 5759.54	 3.6681e-07	 1.4888e-08	 1.3361e-08	 3.2265e-08	 3.6187e-07	 1.0098e-05	 4.2251e-07	 2.2378e-07
 10.3	 1.454e+00	   157.47	   513.94	   573.09	  1328.09	  3209.36	 5788.28	 3.6935e-07	 1.5091e-08	 1.3288e-08	 3.0921e-08	 3.6397e-07	 8.9187e-06	 4.2339e-07	 2.2457e-07
 10.4	 1.457e+00	   167.91	   515.31	   578.50	  1334.90	  3218.66	 5822.53	 3.7033e-07	 1.5168e-08	 1.3413e-08	 3.2971e-08	 3.6502e-07	 1.0260e-05	 4.2677e-07	 2.2597e-07
 10.5	 1.459e+00	   165.49	   510.95	   592.63	  1331.52	  3230.94	 5838.89	 3.6720e-07	 1.5130e-08	 1.3741e-08	 3.2496e-08	 3.6641e-07	 1.0155e-05	 4.2791e-07	 2.2672e-07
 10.6	 1.461e+00	   165.17	   513.12	   567.77	  1302.30	  3229.51	 5783.89	 3.6876e-07	 1.4798e-08	 1.3164e-08	 3.2434e-08	 3.6625e-07	 8.1500e-06	 4.2676e-07	 2.2580e-07
 10.7	 1.463e+00	   159.79	   513.02	   570.79	  1310.86	  3229.80	 5790.16	 3.6869e-07	 1.4895e-08	 1.3234e-08	 3.1377e-08	 3.6628e-07	 8.1492e-06	 4.2596e-07	 2.2565e-07
 10.8	 1.465e+00	   160.52	   513.18	   571.81	  1311.02	  3231.58	 5794.74	 3.6880e-07	 1.4897e-08	 1.3258e-08	 3.1521e-08	 3.6649e-07	 1.0053e-05	 4.2629e-07	 2.2583e-07
 10.9	 1.467e+00	   161.96	   515.09	   571.59	  1315.74	  3227.25	 5798.43	 3.7017e-07	 1.4950e-08	 1.3253e-08	 3.1802e-08	 3.6599e-07	 1.0054e-05	 4.2611e-07	 2.2573e-07
 11.0	 1.469e+00	   163.74	   504.52	   568.15	  1310.04	  3207.52	 5760.40	 3.6258e-07	 1.4886e-08	 1.3173e-08	 3.2152e-08	 3.6376e-07	 9.9926e-06	 4.2405e-07	 2.2447e-07
 11.1	 1.471e+00	   156.58	   520.34	   570.16	  1302.94	  3246.86	 5803.21	 3.7395e-07	 1.4805e-08	 1.3220e-08	 3.0746e-08	 3.6822e-07	 9.0300e-06	 4.2717e-07	 2.2643e-07
 11.2	 1.473e+00	   158.96	   522.67	   580.28	  1326.49	  3230.43	 5824.95	 3.7562e-07	 1.5073e-08	 1.3454e-08	 3.1215e-08	 3.6636e-07	 8.4135e-06	 4.2624e-07	 2.2609e-07
 11.3	 1.475e+00	   161.61	   507.04	   576.01	  1328.63	  3204.43	 5782.90	 3.6439e-07	 1.5097e-08	 1.3355e-08	 3.1734e-08	 3.6341e-07	 7.5254e-06	 4.2366e-07	 2.2451e-07
 11.4	 1.477e+00	   168.70	   511.46	   575.19	  1302.78	  3243.52	 5809.51	 3.6757e-07	 1.4803e-08	 1.3336e-08	 3.3128e-08	 3.6784e-07	 1.1597e-05	 4.2927e-07	 2.2701e-07
 11.5	 1.479e+00	   163.64	   515.25	   565.19	  1296.29	  3207.77	 5755.59	 3.7029e-07	 1.4729e-08	 1.3105e-08	 3.2134e-08	 3.6379e-07	 1.0566e-05	 4.2392e-07	 2.2440e-07
 11.6	 1.480e+00	   172.46	   505.09	   563.00	  1312.62	  3251.79	 5811.29	 3.6299e-07	 1.4915e-08	 1.3054e-08	 3.3865e-08	 3.6878e-07	 9.6911e-06	 4.3071e-07	 2.2747e-07
 11.7	 1.482e+00	   164.38	   507.86	   572.86	  1316.02	  3224.32	 5791.94	 3.6498e-07	 1.4954e-08	 1.3282e-08	 3.2277e-08	 3.6566e-07	 9.7915e-06	 4.2627e-07	 2.2566e-07
 11.8	 1.484e+00	   167.30	   511.33	   564.40	  1299.44	  3223.65	 5772.62	 3.6747e-07	 1.4765e-08	 1.3086e-08	 3.2853e-08	 3.6559e-07	 9.3313e-06	 4.2640e-07	 2.2549e-07
 11.9	 1.486e+00	   158.14	   504.30	   562.61	  1298.16	  3204.21	 5733.72	 3.6242e-07	 1.4751e-08	 1.3045e-08	 3.1052e-08	 3.6338e-07	 9.7850e-06	 4.2233e-07	 2.2370e-07
 12.0	 1.488e+00	   167.84	   517.13	   565.99	  1306.09	  3196.79	 5759.79	 3.7164e-07	 1.4841e-08	 1.3123e-08	 3.2959e-08	 3.6254e-07	 8.7669e-06	 4.2353e-07	 2.2412e-07
 12.1	 1.490e+00	   165.11	   506.56	   578.94	  1325.60	  3200.51	 5783.73	 3.6404e-07	 1.5062e-08	 1.3423e-08	 3.2421e-08	 3.6296e-07	 9.7369e-06	 4.2397e-07	 2.2455e-07
 12.2	 1.492e+00	   160.97	   493.32	   564.91	  1303.51	  3234.13	 5762.50	 3.5453e-07	 1.4811e-08	 1.3098e-08	 3.1609e-08	 3.6677e-07	 8.2897e-06	 4.2640e-07	 2.2557e-07
 12.3	 1.494e+00	   162.59	   511.72	   576.87	  1300.93	  3216.78	 5775.93	 3.6775e-07	 1.4782e-08	 1.3375e-08	 3.1927e-08	 3.6481e-07	 9.9474e-06	 4.2508e-07	 2.2511e-07
 12.4	 1.496e+00	   162.53	   511.02	   568.18	  1294.47	  3227.44	 5770.14	 3.6725e-07	 1.4709e-08	 1.3174e-08	 3.1915e-08	 3.6602e-07	 8.9706e-06	 4.2592e-07	 2.2543e-07
 12.5	 1.498e+00	   163.20	   505.32	   560.32	  1299.69	  3207.36	 5743.08	 3.6315e-07	 1.4768e-08	 1.2992e-08	 3.2046e-08	 3.6374e-07	 1.0044e-05	 4.2370e-07	 2.2419e-07
 12.6	 1.500e+00	   162.85	   513.31	   577.26	  1308.03	  3229.29	 5797.41	 3.6889e-07	 1.4863e-08	 1.3384e-08	 3.1977e-08	 3.6623e-07	 9.6929e-06	 4.2659e-07	 2.2592e-07
 12.7	 1.503e+00	   164.34	   499.14	   569.97	  1295.24	  3194.69	 5728.91	 3.5871e-07	 1.4717e-08	 1.3215e-08	 3.2271e-08	 3.6230e-07	 8.1872e-06	 4.2257e-07	 2.2357e-07
 12.8	 1.505e+00	   162.97	   501.31	   567.99	  1301.22	  3218.31	 5757.72	 3.6027e-07	 1.4785e-08	 1.3170e-08	 3.2002e-08	 3.6498e-07	 8.7570e-06	 4.2504e-07	 2.2490e-07
 12.9	 1.507e+00	   165.27	   501.24	   570.57	  1310.51	  3216.11	 5769.91	 3.6022e-07	 1.4891e-08	 1.3229e-08	 3.2453e-08	 3.6473e-07	 1.0094e-05	 4.2535e-07	 2.2506e-07
 13.0	 1.510e+00	   161.42	   501.21	   578.56	  1311.44	  3233.97	 5792.89	 3.6020e-07	 1.4901e-08	 1.3415e-08	 3.1696e-08	 3.6676e-07	 8.5016e-06	 4.2690e-07	 2.2603e-07
 13.1	 1.512e+00	   169.40	   504.39	   577.06	  1310.04	  3241.45	 5808.97	 3.6249e-07	 1.4886e-08	 1.3380e-08	 3.3265e-08	 3.6760e-07	 9.4835e-06	 4.2929e-07	 2.2695e-07
 13.2	 1.514e+00	   167.02	   510.51	   565.06	  1313.57	  3252.72	 5813.93	 3.6688e-07	 1.4926e-08	 1.3102e-08	 3.2796e-08	 3.6888e-07	 6.8141e-06	 4.2989e-07	 2.2728e-07
 13.3	 1.517e+00	   161.92	   508.21	   577.48	  1314.40	  3225.88	 5793.79	 3.6523e-07	 1.4935e-08	 1.3389e-08	 3.1796e-08	 3.6584e-07	 8.3515e-06	 4.2606e-07	 2.2567e-07
 13.4	 1.519e+00	   168.48	   507.00	   567.39	  1300.97	  3235.62	 5785.96	 3.6436e-07	 1.4782e-08	 1.3155e-08	 3.3084e-08	 3.6694e-07	 9.3813e-06	 4.2809e-07	 2.2628e-07
 13.5	 1.521e+00	   158.26	   506.62	   577.32	  1312.77	  3247.56	 5808.27	 3.6409e-07	 1.4917e-08	 1.3386e-08	 3.1077e-08	 3.6830e-07	 9.0207e-06	 4.2775e-07	 2.2666e-07
 13.6	 1.523e+00	   162.88	   496.31	   581.14	  1316.31	  3225.34	 5787.83	 3.5668e-07	 1.4957e-08	 1.3474e-08	 3.1984e-08	 3.6578e-07	 8.2404e-06	 4.2635e-07	 2.2569e-07
 13.7	 1.525e+00	   165.65	   504.84	   568.06	  1308.99	  3236.77	 5790.03	 3.6281e-07	 1.4874e-08	 1.3171e-08	 3.2528e-08	 3.6707e-07	 7.2194e-06	 4.2778e-07	 2.2623e-07
 13.8	 1.527e+00	   168.23	   503.28	   564.91	  1312.71	  3203.41	 5758.33	 3.6169e-07	 1.4916e-08	 1.3098e-08	 3.3034e-08	 3.6329e-07	 7.4207e-06	 4.2455e-07	 2.2446e-07
 13.9	 1.529e+00	   160.49	   490.99	   564.49	  1306.76	  3238.49	 5767.88	 3.5286e-07	 1.4848e-08	 1.3088e-08	 3.1515e-08	 3.6727e-07	 9.6772e-06	 4.2690e-07	 2.2583e-07
 14.0	 1.531e+00	   168.58	   497.33	   574.07	  1299.44	  3236.07	 5782.10	 3.5741e-07	 1.4765e-08	 1.3310e-08	 3.3103e-08	 3.6699e-07	 9.5803e-06	 4.2830e-07	 2.2635e-07
 14.1	 1.533e+00	   163.32	   509.71	   566.97	  1281.17	  3237.06	 5766.09	 3.6631e-07	 1.4558e-08	 1.3146e-08	 3.2071e-08	 3.6711e-07	 1.1542e-05	 4.2701e-07	 2.2589e-07
 14.2	 1.535e+00	   163.42	   499.75	   578.43	  1304.72	  3256.66	 5809.73	 3.5915e-07	 1.4825e-08	 1.3412e-08	 3.2090e-08	 3.6933e-07	 9.3263e-06	 4.2973e-07	 2.2736e-07
 14.3	 1.537e+00	   158.65	   508.05	   571.08	  1305.74	  3233.71	 5783.28	 3.6512e-07	 1.4837e-08	 1.3241e-08	 3.1152e-08	 3.6673e-07	 8.4544e-06	 4.2616e-07	 2.2573e-07
 14.4	 1.538e+00	   166.13	   497.33	   565.96	  1300.74	  3255.77	 5791.97	 3.5741e-07	 1.4780e-08	 1.3122e-08	 3.2621e-08	 3.6923e-07	 9.2218e-06	 4.2985e-07	 2.2716e-07
 14.5	 1.540e+00	   163.42	   503.12	   578.69	  1291.10	  3242.40	 5786.66	 3.6157e-07	 1.4670e-08	 1.3417e-08	 3.2090e-08	 3.6771e-07	 1.1590e-05	 4.2798e-07	 2.2647e-07
 14.6	 1.542e+00	   171.51	   494.84	   581.84	  1311.18	  3268.63	 5835.64	 3.5563e-07	 1.4899e-08	 1.3491e-08	 3.3678e-08	 3.7069e-07	 1.0560e-05	 4.3291e-07	 2.2867e-07
 14.7	 1.544e+00	   163.17	   505.92	   573.75	  1318.60	  3246.29	 5814.16	 3.6359e-07	 1.4983e-08	 1.3303e-08	 3.2040e-08	 3.6815e-07	 1.0050e-05	 4.2858e-07	 2.2688e-07
 14.8	 1.545e+00	   160.14	   498.35	   563.50	  1322.74	  3262.39	 5814.64	 3.5814e-07	 1.5030e-08	 1.3065e-08	 3.1446e-08	 3.6998e-07	 1.1485e-05	 4.2960e-07	 2.2740e-07
 14.9	 1.547e+00	   168.67	   500.86	   576.17	  1310.45	  3260.77	 5823.77	 3.5995e-07	 1.4890e-08	 1.3359e-08	 3.3121e-08	 3.6980e-07	 8.7115e-06	 4.3133e-07	 2.2796e-07
 15.0	 1.549e+00	   166.22	   491.28	   584.89	  1300.17	  3236.51	 5785.54	 3.5306e-07	 1.4773e-08	 1.3561e-08	 3.2640e-08	 3.6705e-07	 9.2158e-06	 4.2816e-07	 2.2640e-07
 15.1	 1.552e+00	   167.40	   502.13	   577.89	  1305.26	  3239.28	 5798.82	 3.6086e-07	 1.4831e-08	 1.3399e-08	 3.2871e-08	 3.6736e-07	 9.7898e-06	 4.2861e-07	 2.2665e-07
 15.2	 1.556e+00	   167.43	   497.30	   566.24	  1298.99	  3247.94	 5784.40	 3.5739e-07	 1.4760e-08	 1.3129e-08	 3.2878e-08	 3.6834e-07	 9.1184e-06	 4.2927e-07	 2.2680e-07
 15.3	 1.560e+00	   159.25	   491.31	   585.37	  1322.99	  3237.66	 5802.57	 3.5309e-07	 1.5033e-08	 1.3572e-08	 3.1271e-08	 3.6718e-07	 9.0090e-06	 4.2712e-07	 2.2627e-07
 15.4	 1.566e+00	   165.74	   496.28	   569.71	  1315.45	  3236.48	 5790.83	 3.5665e-07	 1.4947e-08	 1.3209e-08	 3.2546e-08	 3.6704e-07	 1.0248e-05	 4.2789e-07	 2.2628e-07
 15.5	 1.572e+00	   158.23	   497.01	   585.18	  1304.85	  3234.57	 5786.27	 3.5718e-07	 1.4827e-08	 1.3568e-08	 3.1071e-08	 3.6683e-07	 8.9610e-06	 4.2644e-07	 2.2591e-07
 15.6	 1.578e+00	   163.39	   495.51	   569.78	  1304.44	  3273.02	 5812.25	 3.5611e-07	 1.4822e-08	 1.3211e-08	 3.2084e-08	 3.7119e-07	 8.3992e-06	 4.3139e-07	 2.2808e-07
 15.7	 1.583e+00	   164.92	   501.08	   567.26	  1301.67	  3268.19	 5809.48	 3.6011e-07	 1.4790e-08	 1.3153e-08	 3.2384e-08	 3.7064e-07	 8.7115e-06	 4.3115e-07	 2.2790e-07
 15.8	 1.587e+00	   166.54	   493.89	   579.90	  1307.40	  3246.80	 5799.96	 3.5494e-07	 1.4856e-08	 1.3446e-08	 3.2703e-08	 3.6821e-07	 7.4702e-06	 4.2936e-07	 2.2698e-07
 15.9	 1.591e+00	   165.17	   491.69	   573.28	  1282.89	  3230.59	 5748.49	 3.5336e-07	 1.4577e-08	 1.3292e-08	 3.2434e-08	 3.6637e-07	 6.4889e-06	 4.2681e-07	 2.2554e-07
 16.0	 1.594e+00	   165.84	   487.84	   580.25	  1303.96	  3245.36	 5789.90	 3.5059e-07	 1.4816e-08	 1.3454e-08	 3.2565e-08	 3.6805e-07	 9.4199e-06	 4.2898e-07	 2.2678e-07
 16.1	 1.598e+00	   166.54	   488.16	   564.59	  1281.61	  3243.99	 5752.06	 3.5082e-07	 1.4563e-08	 1.3091e-08	 3.2703e-08	 3.6789e-07	 1.0757e-05	 4.2837e-07	 2.2622e-07
 16.2	 1.601e+00	   166.25	   495.64	   571.88	  1295.20	  3264.40	 5800.63	 3.5620e-07	 1.4717e-08	 1.3260e-08	 3.2646e-08	 3.7021e-07	 1.0713e-05	 4.3100e-07	 2.2775e-07
 16.3	 1.604e+00	   158.23	   495.04	   581.78	  1293.17	  3238.49	 5772.87	 3.5576e-07	 1.4694e-08	 1.3489e-08	 3.1071e-08	 3.6727e-07	 9.1655e-06	 4.2665e-07	 2.2592e-07
 16.4	 1.607e+00	   168.99	   484.79	   577.89	  1274.16	  3277.61	 5790.03	 3.4840e-07	 1.4478e-08	 1.3399e-08	 3.3184e-08	 3.7171e-07	 9.7302e-06	 4.3290e-07	 2.2845e-07
 16.5	 1.610e+00	   163.83	   490.93	   579.29	  1297.30	  3287.16	 5825.01	 3.5281e-07	 1.4741e-08	 1.3432e-08	 3.2171e-08	 3.7279e-07	 9.1178e-06	 4.3326e-07	 2.2901e-07
 16.6	 1.613e+00	   164.63	   479.44	   566.59	  1300.87	  3275.06	 5793.12	 3.4455e-07	 1.4781e-08	 1.3137e-08	 3.2327e-08	 3.7142e-07	 8.9538e-06	 4.3188e-07	 2.2805e-07
 16.7	 1.616e+00	   163.23	   483.70	   571.27	  1272.19	  3254.82	 5751.93	 3.4762e-07	 1.4456e-08	 1.3246e-08	 3.2052e-08	 3.6912e-07	 8.7484e-06	 4.2909e-07	 2.2664e-07
 16.8	 1.620e+00	   161.42	   492.87	   572.93	  1270.09	  3253.89	 5757.43	 3.5421e-07	 1.4432e-08	 1.3284e-08	 3.1696e-08	 3.6902e-07	 8.4973e-06	 4.2859e-07	 2.2655e-07
 16.9	 1.623e+00	   159.76	   475.49	   559.27	  1295.84	  3257.11	 5752.21	 3.4172e-07	 1.4724e-08	 1.2967e-08	 3.1371e-08	 3.6938e-07	 6.5305e-06	 4.2858e-07	 2.2644e-07
 17.0	 1.626e+00	   167.27	   483.70	   582.35	  1273.56	  3249.82	 5761.22	 3.4762e-07	 1.4471e-08	 1.3502e-08	 3.2846e-08	 3.6855e-07	 6.8459e-06	 4.2949e-07	 2.2678e-07
 17.1	 1.630e+00	   164.53	   484.40	   573.91	  1269.45	  3273.63	 5772.33	 3.4812e-07	 1.4424e-08	 1.3307e-08	 3.2309e-08	 3.7125e-07	 8.1340e-06	 4.3139e-07	 2.2778e-07
 17.2	 1.633e+00	   168.86	   482.14	   585.28	  1282.92	  3259.62	 5784.94	 3.4650e-07	 1.4577e-08	 1.3570e-08	 3.3159e-08	 3.6967e-07	 8.4407e-06	 4.3114e-07	 2.2762e-07
 17.3	 1.636e+00	   163.20	   491.50	   563.89	  1269.61	  3258.32	 5753.23	 3.5322e-07	 1.4426e-08	 1.3074e-08	 3.2046e-08	 3.6952e-07	 9.1141e-06	 4.2921e-07	 2.2672e-07
 17.4	 1.639e+00	   165.11	   475.91	   567.55	  1264.81	  3265.58	 5745.47	 3.4201e-07	 1.4372e-08	 1.3159e-08	 3.2421e-08	 3.7034e-07	 9.2070e-06	 4.3045e-07	 2.2713e-07
 17.5	 1.643e+00	   163.36	   480.30	   568.85	  1274.67	  3240.59	 5734.61	 3.4517e-07	 1.4484e-08	 1.3189e-08	 3.2077e-08	 3.6751e-07	 1.0133e-05	 4.2744e-07	 2.2578e-07
 17.6	 1.646e+00	   154.54	   475.75	   577.41	  1270.44	  3255.29	 5740.12	 3.4190e-07	 1.4436e-08	 1.3388e-08	 3.0346e-08	 3.6918e-07	 8.8954e-06	 4.2754e-07	 2.2616e-07
 17.7	 1.650e+00	   164.63	   477.53	   563.73	  1257.13	  3251.35	 5720.10	 3.4318e-07	 1.4284e-08	 1.3071e-08	 3.2327e-08	 3.6873e-07	 7.8691e-06	 4.2858e-07	 2.2613e-07
 17.8	 1.654e+00	   173.51	   479.44	   571.75	  1274.86	  3293.65	 5799.52	 3.4455e-07	 1.4486e-08	 1.3257e-08	 3.4071e-08	 3.7352e-07	 9.1118e-06	 4.3550e-07	 2.2947e-07
 17.9	 1.657e+00	   159.60	   474.86	   584.26	  1261.11	  3263.32	 5748.59	 3.4126e-07	 1.4330e-08	 1.3547e-08	 3.1340e-08	 3.7008e-07	 7.8681e-06	 4.2943e-07	 2.2693e-07
 18.0	 1.661e+00	   157.12	   490.96	   565.96	  1300.62	  3250.81	 5772.14	 3.5283e-07	 1.4778e-08	 1.3122e-08	 3.0852e-08	 3.6867e-07	 9.0092e-06	 4.2756e-07	 2.2628e-07
 18.1	 1.665e+00	   167.53	   480.30	   574.30	  1275.41	  3228.84	 5733.37	 3.4517e-07	 1.4492e-08	 1.3316e-08	 3.2896e-08	 3.6618e-07	 1.0030e-05	 4.2709e-07	 2.2548e-07
 18.2	 1.669e+00	   162.18	   480.52	   564.49	  1288.65	  3259.21	 5762.31	 3.4533e-07	 1.4643e-08	 1.3088e-08	 3.1846e-08	 3.6962e-07	 1.0032e-05	 4.2930e-07	 2.2682e-07
 18.3	 1.673e+00	   163.32	   469.70	   563.47	  1265.19	  3259.05	 5726.69	 3.3755e-07	 1.4376e-08	 1.3065e-08	 3.2071e-08	 3.6960e-07	 7.9157e-06	 4.2931e-07	 2.2650e-07
 18.4	 1.676e+00	   161.89	   475.75	   566.40	  1267.22	  3264.68	 5741.68	 3.4190e-07	 1.4399e-08	 1.3133e-08	 3.1790e-08	 3.7024e-07	 7.4576e-06	 4.2974e-07	 2.2687e-07
 18.5	 1.680e+00	   162.08	   467.63	   582.41	  1253.86	  3271.66	 5744.83	 3.3607e-07	 1.4247e-08	 1.3504e-08	 3.1827e-08	 3.7103e-07	 1.0333e-05	 4.3075e-07	 2.2741e-07
 18.6	 1.684e+00	   164.88	   476.13	   563.82	  1254.36	  3272.93	 5738.91	 3.4217e-07	 1.4253e-08	 1.3073e-08	 3.2378e-08	 3.7117e-07	 9.0020e-06	 4.3102e-07	 2.2735e-07
 18.7	 1.688e+00	   160.71	   470.53	   571.59	  1262.83	  3242.31	 5715.00	 3.3815e-07	 1.4349e-08	 1.3253e-08	 3.1559e-08	 3.6770e-07	 9.8168e-06	 4.2695e-07	 2.2552e-07
 18.8	 1.693e+00	   165.17	   467.02	   568.15	  1253.35	  3249.34	 5709.62	 3.3563e-07	 1.4241e-08	 1.3173e-08	 3.2434e-08	 3.6850e-07	 8.9930e-06	 4.2857e-07	 2.2602e-07
 18.9	 1.697e+00	   160.27	   456.36	   575.63	  1247.71	  3272.04	 5718.51	 3.2797e-07	 1.4177e-08	 1.3347e-08	 3.1471e-08	 3.7107e-07	 8.9870e-06	 4.3020e-07	 2.2699e-07
 19.0	 1.701e+00	   170.39	   474.25	   582.28	  1253.66	  3242.98	 5729.33	 3.4082e-07	 1.4245e-08	 1.3501e-08	 3.3459e-08	 3.6778e-07	 7.8159e-06	 4.2910e-07	 2.2628e-07
 19.1	 1.705e+00	   163.13	   475.49	   568.18	  1247.93	  3247.53	 5708.73	 3.4172e-07	 1.4180e-08	 1.3174e-08	 3.2034e-08	 3.6829e-07	 8.6384e-06	 4.2787e-07	 2.2580e-07
 19.2	 1.710e+00	   160.17	   473.20	   585.09	  1249.49	  3272.61	 5746.13	 3.4007e-07	 1.4198e-08	 1.3566e-08	 3.1452e-08	 3.7114e-07	 8.2793e-06	 4.3042e-07	 2.2736e-07
 19.3	 1.714e+00	   164.44	   465.69	   579.17	  1262.29	  3265.23	 5744.10	 3.3467e-07	 1.4343e-08	 1.3429e-08	 3.2290e-08	 3.7030e-07	 9.2513e-06	 4.3060e-07	 2.2720e-07
 19.4	 1.718e+00	   163.87	   458.53	   571.30	  1247.90	  3236.77	 5686.45	 3.2952e-07	 1.4180e-08	 1.3246e-08	 3.2177e-08	 3.6707e-07	 1.0734e-05	 4.2684e-07	 2.2515e-07
 19.5	 1.723e+00	   159.92	   463.30	   566.34	  1242.43	  3316.51	 5755.75	 3.3296e-07	 1.4117e-08	 1.3131e-08	 3.1402e-08	 3.7612e-07	 9.4597e-06	 4.3500e-07	 2.2938e-07
 19.6	 1.727e+00	   161.00	   458.24	   571.69	  1245.52	  3248.23	 5690.84	 3.2932e-07	 1.4152e-08	 1.3255e-08	 3.1615e-08	 3.6837e-07	 9.1399e-06	 4.2747e-07	 2.2557e-07
 19.7	 1.731e+00	   162.59	   451.75	   580.37	  1240.65	  3241.54	 5682.50	 3.2465e-07	 1.4097e-08	 1.3457e-08	 3.1927e-08	 3.6762e-07	 8.0036e-06	 4.2723e-07	 2.2534e-07
 19.8	 1.736e+00	   166.76	   461.68	   575.63	  1237.46	  3281.91	 5731.11	 3.3179e-07	 1.4061e-08	 1.3347e-08	 3.2746e-08	 3.7219e-07	 1.0845e-05	 4.3244e-07	 2.2791e-07
 19.9	 1.740e+00	   161.48	   460.47	   575.79	  1253.06	  3264.65	 5721.82	 3.3092e-07	 1.4238e-08	 1.3350e-08	 3.1709e-08	 3.7024e-07	 8.6808e-06	 4.2964e-07	 2.2673e-07
 20.0	 1.744e+00	   161.35	   461.42	   575.60	  1214.48	  3277.13	 5696.32	 3.3161e-07	 1.3800e-08	 1.3346e-08	 3.1684e-08	 3.7165e-07	 9.5053e-06	 4.3058e-07	 2.2704e-07
 20.1	 1.749e+00	   163.45	   455.95	   579.87	  1222.85	  3295.75	 5725.67	 3.2767e-07	 1.3895e-08	 1.3445e-08	 3.2096e-08	 3.7376e-07	 1.1201e-05	 4.3337e-07	 2.2840e-07
 20.2	 1.753e+00	   167.14	   450.41	   579.42	  1224.19	  3287.32	 5714.40	 3.2369e-07	 1.3910e-08	 1.3434e-08	 3.2821e-08	 3.7281e-07	 7.9570e-06	 4.3307e-07	 2.2803e-07
 20.3	 1.758e+00	   162.24	   448.09	   570.92	  1219.45	  3279.23	 5687.63	 3.2202e-07	 1.3856e-08	 1.3237e-08	 3.1859e-08	 3.7189e-07	 1.1245e-05	 4.3098e-07	 2.2708e-07
 20.4	 1.763e+00	   165.39	   450.44	   572.29	  1241.70	  3307.37	 5744.29	 3.2371e-07	 1.4109e-08	 1.3269e-08	 3.2478e-08	 3.7508e-07	 9.5534e-06	 4.3510e-07	 2.2916e-07
 20.5	 1.769e+00	   170.49	   456.23	   576.97	  1242.71	  3273.72	 5726.43	 3.2788e-07	 1.4121e-08	 1.3378e-08	 3.3478e-08	 3.7127e-07	 9.1948e-06	 4.3235e-07	 2.2767e-07
 20.6	 1.775e+00	   164.12	   456.30	   564.40	  1239.09	  3294.03	 5723.28	 3.2792e-07	 1.4079e-08	 1.3086e-08	 3.2227e-08	 3.7357e-07	 8.0640e-06	 4.3301e-07	 2.2813e-07
 20.7	 1.782e+00	   162.97	   451.68	   586.39	  1221.83	  3289.26	 5717.39	 3.2461e-07	 1.3883e-08	 1.3596e-08	 3.2002e-08	 3.7303e-07	 7.9060e-06	 4.3261e-07	 2.2802e-07
 20.8	 1.789e+00	   165.62	   445.38	   569.46	  1232.05	  3351.55	 5770.87	 3.2008e-07	 1.3999e-08	 1.3203e-08	 3.2521e-08	 3.8009e-07	 9.6060e-06	 4.3990e-07	 2.3148e-07
 20.9	 1.797e+00	   162.62	   454.77	   580.41	  1230.08	  3314.40	 5749.16	 3.2682e-07	 1.3977e-08	 1.3457e-08	 3.1934e-08	 3.7588e-07	 9.7625e-06	 4.3541e-07	 2.2948e-07
 21.0	 1.805e+00	   165.68	   441.53	   587.79	  1240.17	  3352.63	 5794.87	 3.1731e-07	 1.4092e-08	 1.3629e-08	 3.2534e-08	 3.8021e-07	 9.8097e-06	 4.4067e-07	 2.3200e-07
 21.1	 1.813e+00	   164.53	   451.90	   566.43	  1232.91	  3334.24	 5756.99	 3.2477e-07	 1.4009e-08	 1.3133e-08	 3.2309e-08	 3.7813e-07	 9.5056e-06	 4.3773e-07	 2.3045e-07
 21.2	 1.820e+00	   165.65	   447.10	   572.32	  1217.57	  3345.41	 5754.51	 3.2131e-07	 1.3835e-08	 1.3270e-08	 3.2528e-08	 3.7939e-07	 9.3493e-06	 4.3915e-07	 2.3105e-07
 21.3	 1.827e+00	   165.20	   452.67	   581.04	  1215.40	  3366.80	 5788.25	 3.2531e-07	 1.3810e-08	 1.3472e-08	 3.2440e-08	 3.8182e-07	 9.4073e-06	 4.4175e-07	 2.3249e-07
 21.4	 1.834e+00	   165.30	   446.59	   572.35	  1235.71	  3351.39	 5777.52	 3.2095e-07	 1.4041e-08	 1.3271e-08	 3.2459e-08	 3.8007e-07	 8.9383e-06	 4.3994e-07	 2.3155e-07
 21.5	 1.842e+00	   169.31	   449.20	   593.78	  1215.09	  3390.83	 5825.81	 3.2282e-07	 1.3807e-08	 1.3767e-08	 3.3246e-08	 3.8455e-07	 1.0643e-05	 4.4552e-07	 2.3434e-07
 21.6	 1.849e+00	   166.38	   428.76	   592.85	  1229.25	  3387.39	 5812.47	 3.0814e-07	 1.3968e-08	 1.3746e-08	 3.2671e-08	 3.8416e-07	 1.1193e-05	 4.4472e-07	 2.3391e-07
 21.7	 1.857e+00	   170.96	   436.50	   589.48	  1225.91	  3387.71	 5816.93	 3.1369e-07	 1.3930e-08	 1.3668e-08	 3.3571e-08	 3.8419e-07	 8.9367e-06	 4.4557e-07	 2.3416e-07
 21.8	 1.865e+00	   167.21	   432.23	   593.87	  1210.34	  3404.52	 5815.24	 3.1063e-07	 1.3753e-08	 1.3770e-08	 3.2834e-08	 3.8610e-07	 9.7061e-06	 4.4659e-07	 2.3477e-07
 21.9	 1.874e+00	   169.66	   452.03	   577.76	  1218.36	  3385.39	 5810.05	 3.2486e-07	 1.3844e-08	 1.3396e-08	 3.3315e-08	 3.8393e-07	 9.3584e-06	 4.4468e-07	 2.3378e-07
 22.0	 1.882e+00	   163.26	   431.63	   592.85	  1204.17	  3406.24	 5805.25	 3.1019e-07	 1.3683e-08	 1.3746e-08	 3.2059e-08	 3.8629e-07	 9.7564e-06	 4.4590e-07	 2.3453e-07
 22.1	 1.891e+00	   169.56	   432.17	   592.73	  1202.23	  3401.56	 5804.54	 3.1058e-07	 1.3661e-08	 1.3743e-08	 3.3296e-08	 3.8576e-07	 8.4203e-06	 4.4662e-07	 2.3462e-07
 22.2	 1.900e+00	   166.35	   430.45	   603.99	  1205.89	  3390.83	 5803.24	 3.0935e-07	 1.3702e-08	 1.4004e-08	 3.2665e-08	 3.8455e-07	 8.2632e-06	 4.4499e-07	 2.3403e-07
 22.3	 1.909e+00	   167.81	   426.89	   599.22	  1202.54	  3434.63	 5837.39	 3.0679e-07	 1.3664e-08	 1.3894e-08	 3.2953e-08	 3.8951e-07	 8.8829e-06	 4.5011e-07	 2.3648e-07
 22.4	 1.917e+00	   171.76	   421.38	   587.66	  1185.20	  3429.66	 5802.83	 3.0283e-07	 1.3467e-08	 1.3626e-08	 3.3728e-08	 3.8895e-07	 9.6502e-06	 4.4992e-07	 2.3599e-07
 22.5	 1.925e+00	   171.06	   417.37	   591.04	  1196.08	  3423.46	 5805.05	 2.9995e-07	 1.3591e-08	 1.3704e-08	 3.3590e-08	 3.8825e-07	 7.7952e-06	 4.4929e-07	 2.3572e-07
 22.6	 1.933e+00	   175.83	   419.66	   603.77	  1188.00	  3435.01	 5829.56	 3.0159e-07	 1.3499e-08	 1.3999e-08	 3.4528e-08	 3.8956e-07	 9.8050e-06	 4.5172e-07	 2.3688e-07
 22.7	 1.942e+00	   168.74	   412.18	   588.87	  1187.39	  3429.60	 5793.53	 2.9622e-07	 1.3492e-08	 1.3654e-08	 3.3134e-08	 3.8894e-07	 9.3345e-06	 4.4941e-07	 2.3577e-07
 22.8	 1.951e+00	   167.75	   426.12	   592.88	  1174.50	  3430.75	 5799.48	 3.0624e-07	 1.3345e-08	 1.3747e-08	 3.2940e-08	 3.8907e-07	 9.9615e-06	 4.4922e-07	 2.3585e-07
 22.9	 1.962e+00	   173.38	   414.85	   599.73	  1172.69	  3450.96	 5819.47	 2.9814e-07	 1.3325e-08	 1.3905e-08	 3.4046e-08	 3.9136e-07	 1.0523e-05	 4.5284e-07	 2.3739e-07
 23.0	 1.973e+00	   173.61	   411.16	   597.88	  1171.76	  3439.44	 5800.92	 2.9548e-07	 1.3314e-08	 1.3863e-08	 3.4090e-08	 3.9006e-07	 9.2844e-06	 4.5150e-07	 2.3663e-07
 23.1	 1.985e+00	   178.86	   418.13	   617.04	  1150.79	  3450.04	 5821.64	 3.0049e-07	 1.3076e-08	 1.4307e-08	 3.5121e-08	 3.9126e-07	 8.9318e-06	 4.5394e-07	 2.3779e-07
 23.2	 1.998e+00	   171.28	   401.33	   589.92	  1153.72	  3481.01	 5804.23	 2.8842e-07	 1.3109e-08	 1.3678e-08	 3.3634e-08	 3.9477e-07	 9.8469e-06	 4.5530e-07	 2.3842e-07
 23.3	 2.011e+00	   169.63	   399.67	   593.87	  1150.02	  3491.29	 5810.85	 2.8723e-07	 1.3067e-08	 1.3770e-08	 3.3309e-08	 3.9594e-07	 8.5095e-06	 4.5629e-07	 2.3895e-07
 23.4	 2.025e+00	   169.60	   398.91	   590.72	  1141.87	  3481.33	 5788.15	 2.8668e-07	 1.2975e-08	 1.3696e-08	 3.3303e-08	 3.9481e-07	 7.7875e-06	 4.5491e-07	 2.3818e-07
 23.5	 2.039e+00	   176.98	   398.46	   600.08	  1131.62	  3507.36	 5821.42	 2.8636e-07	 1.2858e-08	 1.3913e-08	 3.4753e-08	 3.9776e-07	 9.2832e-06	 4.5945e-07	 2.4023e-07
 23.6	 2.053e+00	   171.73	   404.95	   597.18	  1144.36	  3516.31	 5841.85	 2.9102e-07	 1.3003e-08	 1.3846e-08	 3.3721e-08	 3.9878e-07	 1.0162e-05	 4.5949e-07	 2.4057e-07
 23.7	 2.068e+00	   175.61	   391.65	   601.67	  1134.23	  3542.19	 5852.26	 2.8146e-07	 1.2888e-08	 1.3950e-08	 3.4484e-08	 4.0171e-07	 9.1278e-06	 4.6321e-07	 2.4214e-07
 23.8	 2.084e+00	   170.07	   383.31	   605.20	  1149.29	  3570.45	 5885.75	 2.7547e-07	 1.3059e-08	 1.4032e-08	 3.3396e-08	 4.0492e-07	 9.6900e-06	 4.6563e-07	 2.4360e-07
 23.9	 2.101e+00	   172.24	   384.71	   607.65	  1130.99	  3577.17	 5879.86	 2.7648e-07	 1.2851e-08	 1.4089e-08	 3.3821e-08	 4.0568e-07	 9.5892e-06	 4.6667e-07	 2.4399e-07
 24.0	 2.119e+00	   167.97	   388.82	   617.55	  1126.79	  3643.76	 5952.24	 2.7943e-07	 1.2803e-08	 1.4319e-08	 3.2984e-08	 4.1323e-07	 7.9532e-06	 4.7357e-07	 2.4773e-07
 24.1	 2.137e+00	   182.52	   382.74	   606.89	  1125.26	  3630.96	 5935.62	 2.7506e-07	 1.2786e-08	 1.4071e-08	 3.5840e-08	 4.1178e-07	 1.0573e-05	 4.7459e-07	 2.4758e-07
 24.2	 2.156e+00	   181.18	   386.56	   622.33	  1113.07	  3722.67	 6033.28	 2.7780e-07	 1.2647e-08	 1.4429e-08	 3.5578e-08	 4.2218e-07	 9.4546e-06	 4.8505e-07	 2.5300e-07
 24.3	 2.176e+00	   187.58	   387.26	   623.63	  1120.32	  3696.57	 6021.76	 2.7831e-07	 1.2730e-08	 1.4460e-08	 3.6834e-08	 4.1922e-07	 8.5791e-06	 4.8342e-07	 2.5198e-07
 24.4	 2.197e+00	   189.97	   373.63	   630.48	  1095.46	  3735.75	 6032.90	 2.6851e-07	 1.2447e-08	 1.4618e-08	 3.7303e-08	 4.2366e-07	 9.7057e-06	 4.8829e-07	 2.5415e-07
 24.5	 2.219e+00	   185.73	   370.96	   624.33	  1088.53	  3807.56	 6084.66	 2.6659e-07	 1.2369e-08	 1.4476e-08	 3.6472e-08	 4.3181e-07	 9.6079e-06	 4.9529e-07	 2.5777e-07
 24.6	 2.242e+00	   191.34	   369.65	   640.03	  1092.76	  3832.42	 6133.04	 2.6566e-07	 1.2417e-08	 1.4840e-08	 3.7572e-08	 4.3463e-07	 9.1484e-06	 4.9958e-07	 2.5987e-07
 24.7	 2.266e+00	   192.48	   374.87	   635.63	  1065.26	  3896.78	 6171.78	 2.6941e-07	 1.2104e-08	 1.4738e-08	 3.7797e-08	 4.4192e-07	 8.5421e-06	 5.0672e-07	 2.6331e-07
 24.8	 2.292e+00	   196.94	   362.14	   657.31	  1059.11	  3967.80	 6249.61	 2.6026e-07	 1.2034e-08	 1.5240e-08	 3.8672e-08	 4.4998e-07	 8.3366e-06	 5.1606e-07	 2.6790e-07
 24.9	 2.319e+00	   195.92	   362.24	   663.49	  1049.95	  4045.15	 6324.63	 2.6033e-07	 1.1930e-08	 1.5384e-08	 3.8472e-08	 4.5875e-07	 1.0197e-05	 5.2475e-07	 2.7235e-07
 25.0	 2.347e+00	   203.11	   353.29	   659.92	  1038.46	  4065.97	 6327.56	 2.5390e-07	 1.1800e-08	 1.5301e-08	 3.9884e-08	 4.6111e-07	 8.0339e-06	 5.2834e-07	 2.7368e-07
 25.1	 2.377e+00	   207.54	   358.00	   665.08	  1019.20	  4123.64	 6380.18	 2.5728e-07	 1.1581e-08	 1.5421e-08	 4.0753e-08	 4.6765e-07	 8.4046e-06	 5.3561e-07	 2.7720e-07
 25.2	 2.409e+00	   205.66	   352.31	   675.65	   992.11	  4216.46	 6447.63	 2.5319e-07	 1.1273e-08	 1.5666e-08	 4.0384e-08	 4.7818e-07	 7.0219e-06	 5.4562e-07	 2.8224e-07
 25.3	 2.443e+00	   211.58	   359.12	   688.28	   967.41	  4270.19	 6502.63	 2.5808e-07	 1.0992e-08	 1.5959e-08	 4.1547e-08	 4.8427e-07	 7.3428e-06	 5.5307e-07	 2.8580e-07
 25.4	 2.479e+00	   208.43	   343.36	   688.60	   950.54	  4346.65	 6543.85	 2.4676e-07	 1.0801e-08	 1.5966e-08	 4.0928e-08	 4.9294e-07	 7.4422e-06	 5.6091e-07	 2.8967e-07
 25.5	 2.518e+00	   212.76	   332.25	   703.56	   918.55	  4482.67	 6655.55	 2.3878e-07	 1.0437e-08	 1.6313e-08	 4.1778e-08	 5.0837e-07	 6.5761e-06	 5.7710e-07	 2.9757e-07
 25.6	 2.558e+00	   221.03	   315.35	   692.32	   899.00	  4518.03	 6651.25	 2.2663e-07	 1.0215e-08	 1.6052e-08	 4.3403e-08	 5.1238e-07	 5.6948e-06	 5.8233e-07	 2.9951e-07
 25.7	 2.602e+00	   226.76	   303.83	   692.71	   867.08	  4627.27	 6723.54	 2.1835e-07	 9.8523e-09	 1.6061e-08	 4.4528e-08	 5.2477e-07	 5.8540e-06	 5.9544e-07	 3.0568e-07
 25.8	 2.649e+00	   225.14	   289.09	   701.43	   831.90	  4684.54	 6737.32	 2.0776e-07	 9.4527e-09	 1.6263e-08	 4.4210e-08	 5.3126e-07	 5.1294e-06	 6.0151e-07	 3.0855e-07
 25.9	 2.700e+00	   231.06	   271.77	   684.37	   788.49	  4789.74	 6771.41	 1.9531e-07	 8.9593e-09	 1.5868e-08	 4.5372e-08	 5.4319e-07	 5.6435e-06	 6.1372e-07	 3.1398e-07
 26.0	 2.755e+00	   234.37	   252.61	   700.00	   774.83	  4910.13	 6876.74	 1.8154e-07	 8.8042e-09	 1.6230e-08	 4.6022e-08	 5.5685e-07	 4.9241e-06	 6.2812e-07	 3.2104e-07
 26.1	 2.815e+00	   246.69	   227.66	   690.45	   716.99	  5047.99	 6934.55	 1.6361e-07	 8.1470e-09	 1.6009e-08	 4.8441e-08	 5.7248e-07	 4.5120e-06	 6.4540e-07	 3.2868e-07
 26.2	 2.881e+00	   248.00	   202.70	   677.14	   698.25	  5147.62	 6979.14	 1.4567e-07	 7.9339e-09	 1.5700e-08	 4.8698e-08	 5.8378e-07	 3.2708e-06	 6.5652e-07	 3.3378e-07
 26.3	 2.954e+00	   251.85	   182.01	   653.36	   645.37	  5321.22	 7057.38	 1.3080e-07	 7.3332e-09	 1.5149e-08	 4.9454e-08	 6.0347e-07	 2.4522e-06	 6.7563e-07	 3.4268e-07
 26.4	 3.034e+00	   254.97	   152.41	   639.61	   618.92	  5429.89	 7099.37	 1.0953e-07	 7.0326e-09	 1.4830e-08	 5.0066e-08	 6.1579e-07	 1.3119e-06	 6.8806e-07	 3.4829e-07
 26.5	 3.125e+00	   256.75	   127.64	   613.57	   549.02	  5609.52	 7160.71	 9.1731e-08	 6.2384e-09	 1.4226e-08	 5.0416e-08	 6.3616e-07	 1.6736e-06	 7.0752e-07	 3.5725e-07
 26.6	 3.227e+00	   252.96	   100.24	   586.36	   506.97	  5698.17	 7148.13	 7.2035e-08	 5.7606e-09	 1.3595e-08	 4.9673e-08	 6.4622e-07	 1.3533e-06	 7.1552e-07	 3.6079e-07
 26.7	 3.344e+00	   253.15	    76.55	   545.77	   450.89	  5864.77	 7195.08	 5.5016e-08	 5.1233e-09	 1.2654e-08	 4.9710e-08	 6.6511e-07	 9.9374e-07	 7.3300e-07	 3.6876e-07
 26.8	 3.478e+00	   241.63	    57.20	   479.34	   377.77	  5942.28	 7101.75	 4.1108e-08	 4.2925e-09	 1.1114e-08	 4.7447e-08	 6.7390e-07	 7.7832e-07	 7.3721e-07	 3.7022e-07
 26.9	 3.634e+00	   229.53	    34.57	   449.23	   320.70	  6033.73	 7072.72	 2.4843e-08	 3.6440e-09	 1.0416e-08	 4.5072e-08	 6.8427e-07	 9.7444e-07	 7.4387e-07	 3.7332e-07
 27.0	 3.818e+00	   216.42	    22.63	   387.13	   257.19	  5990.28	 6879.06	 1.6265e-08	 2.9224e-09	 8.9760e-09	 4.2497e-08	 6.7934e-07	 8.0189e-07	 7.3420e-07	 3.6799e-07
 27.1	 4.035e+00	   189.08	    16.23	   344.41	   192.93	  5925.53	 6673.56	 1.1667e-08	 2.1922e-09	 7.9855e-09	 3.7128e-08	 6.7200e-07	 7.3151e-07	 7.1984e-07	 3.6103e-07
 27.2	 4.292e+00	   155.75	    11.11	   299.12	   143.59	  5597.58	 6213.73	 7.9836e-09	 1.6316e-09	 6.9353e-09	 3.0584e-08	 6.3481e-07	 7.3386e-07	 6.7445e-07	 3.3868e-07
 27.3	 4.586e+00	   124.97	     6.40	   271.71	   101.19	  5113.68	 5626.32	 4.5980e-09	 1.1498e-09	 6.2999e-09	 2.4539e-08	 5.7993e-07	 6.1732e-07	 6.1272e-07	 3.0807e-07
 27.4	 4.896e+00	    96.16	     5.67	   237.46	    71.30	  4479.32	 4899.08	 4.0719e-09	 8.1018e-10	 5.5057e-09	 1.8883e-08	 5.0799e-07	 5.3797e-07	 5.3390e-07	 2.6886e-07
 27.5	 5.179e+00	    67.10	     5.16	   217.98	    48.64	  3705.26	 4055.30	 3.7059e-09	 5.5266e-10	 5.0541e-09	 1.3176e-08	 4.2020e-07	 4.4364e-07	 4.3994e-07	 2.2208e-07
 27.6	 5.355e+00	    44.28	     5.44	   200.03	    39.95	  2871.64	 3173.52	 3.9117e-09	 4.5392e-10	 4.6378e-09	 8.6944e-09	 3.2567e-07	 3.9599e-07	 3.4065e-07	 1.7244e-07
 27.7	 5.337e+00	    27.41	     4.14	   168.64	    33.14	  2059.31	 2303.93	 2.9738e-09	 3.7652e-10	 3.9101e-09	 5.3817e-09	 2.3354e-07	 2.4734e-07	 2.4436e-07	 1.2404e-07
 27.8	 5.044e+00	    13.81	     3.98	   138.34	    29.79	  1396.59	 1592.82	 2.8595e-09	 3.3854e-10	 3.2075e-09	 2.7127e-09	 1.5838e-07	 2.7160e-07	 1.6588e-07	 8.4533e-08
 27.9	 4.454e+00	     8.66	     4.58	   103.01	    29.19	   881.85	 1036.45	 3.2941e-09	 3.3167e-10	 2.3883e-09	 1.7001e-09	 1.0001e-07	 1.6028e-07	 1.0556e-07	 5.3916e-08
 28.0	 3.626e+00	     5.22	     4.46	    73.98	    29.44	   527.54	  648.24	 3.2026e-09	 3.3456e-10	 1.7152e-09	 1.0251e-09	 5.9827e-08	 6.7130e-08	 6.3927e-08	 3.2746e-08
 28.1	 2.691e+00	     3.44	     3.82	    46.89	    30.75	   323.56	  413.33	 2.7451e-09	 3.4939e-10	 1.0871e-09	 6.7505e-10	 3.6694e-08	 4.2334e-08	 3.9589e-08	 2.0316e-08
 28.2	 1.804e+00	     2.77	     4.01	    26.58	    29.09	   204.80	  270.82	 2.8823e-09	 3.3058e-10	 6.1626e-10	 5.4379e-10	 2.3226e-08	 7.9619e-08	 2.5307e-08	 1.2977e-08
 28.3	 1.083e+00	     2.48	     3.47	    18.02	    26.23	   154.83	  206.46	 2.4934e-09	 2.9803e-10	 4.1773e-10	 4.8754e-10	 1.7558e-08	 2.1482e-08	 1.8988e-08	 9.7798e-09
 28.4	 5.800e-01	     2.20	     4.01	    15.18	    29.95	   131.75	  184.24	 2.8823e-09	 3.4035e-10	 3.5204e-10	 4.3128e-10	 1.4941e-08	 7.0590e-08	 1.6277e-08	 8.4211e-09
 28.5	 2.771e-01	     1.75	     3.44	    12.83	    29.25	   117.39	  165.04	 2.4706e-09	 3.3239e-10	 2.9743e-10	 3.4378e-10	 1.3313e-08	 1.6819e-08	 1.4349e-08	 7.4671e-09
 28.6	 1.196e-01	     1.59	     3.37	    11.52	    28.01	   118.51	  163.04	 2.4248e-09	 3.1828e-10	 2.6717e-10	 3.1252e-10	 1.3440e-08	 1.6769e-08	 1.4344e-08	 7.4661e-09
 28.7	 4.903e-02	     2.45	     4.58	    10.15	    27.98	   115.04	  160.24	 3.2941e-09	 3.1792e-10	 2.3543e-10	 4.8129e-10	 1.3046e-08	 1.7382e-08	 1.4088e-08	 7.3025e-09
 28.8	 2.185e-02	     2.74	     3.72	    10.50	    26.99	   114.24	  158.33	 2.6765e-09	 3.0671e-10	 2.4355e-10	 5.3754e-10	 1.2956e-08	 1.7102e-07	 1.4051e-08	 7.2643e-09
 28.9	 1.629e-02	     1.62	     3.82	     8.44	    27.02	   112.90	  153.84	 2.7451e-09	 3.0707e-10	 1.9558e-10	 3.1877e-10	 1.2804e-08	 6.7801e-08	 1.3626e-08	 7.0765e-09
 29.0	 1.302e-02	     2.20	     4.46	    10.12	    26.67	   115.36	  158.90	 3.2026e-09	 3.0309e-10	 2.3470e-10	 4.3128e-10	 1.3082e-08	 1.7154e-07	 1.4051e-08	 7.2897e-09
 29.1	 1.226e-02	     2.61	     4.11	    10.79	    25.11	   116.34	  159.03	 2.9510e-09	 2.8537e-10	 2.5019e-10	 5.1254e-10	 1.3194e-08	 6.8630e-08	 1.4249e-08	 7.3655e-09
 29.2	 1.200e-02	     2.58	     3.12	    10.44	    26.71	   112.43	  155.43	 2.2418e-09	 3.0345e-10	 2.4208e-10	 5.0629e-10	 1.2750e-08	 2.2177e-07	 1.3809e-08	 7.1410e-09
 29.3	 1.187e-02	     1.85	     4.33	    10.85	    25.81	   108.42	  151.29	 3.1111e-09	 2.9333e-10	 2.5167e-10	 3.6253e-10	 1.2295e-08	 1.6321e-08	 1.3210e-08	 6.8744e-09
 29.4	 1.179e-02	     2.39	     4.33	    10.22	    26.83	   112.05	  155.84	 3.1111e-09	 3.0490e-10	 2.3691e-10	 4.6879e-10	 1.2707e-08	 1.6835e-08	 1.3724e-08	 7.1135e-09
 29.5	 1.171e-02	     2.36	     3.92	     9.68	    25.72	   110.61	  152.34	 2.8137e-09	 2.9224e-10	 2.2436e-10	 4.6254e-10	 1.2544e-08	 1.6351e-08	 1.3537e-08	 7.0044e-09
 29.6	 1.164e-02	     2.67	     3.60	    10.09	    27.66	   112.36	  156.39	 2.5850e-09	 3.1431e-10	 2.3396e-10	 5.2504e-10	 1.2743e-08	 1.6401e-08	 1.3816e-08	 7.1463e-09
 29.7	 1.155e-02	     1.62	     3.95	     8.72	    28.01	   111.28	  153.65	 2.8366e-09	 3.1828e-10	 2.0222e-10	 3.1877e-10	 1.2620e-08	 6.7733e-08	 1.3466e-08	 7.0027e-09
 29.8	 1.152e-02	     2.20	     3.53	     8.66	    26.17	   107.08	  147.70	 2.5392e-09	 2.9731e-10	 2.0075e-10	 4.3128e-10	 1.2144e-08	 6.7042e-08	 1.3073e-08	 6.7693e-09
 29.9	 1.147e-02	     2.13	     3.88	     9.23	    24.64	   106.00	  145.88	 2.7908e-09	 2.7995e-10	 2.1403e-10	 4.1878e-10	 1.2021e-08	 1.5724e-08	 1.2934e-08	 6.7013e-09
 30.0	 1.129e-02	     0.76	     1.72	     2.61	     7.83	    34.50	   47.43	 1.2353e-09	 8.8975e-11	 6.0519e-11	 1.5001e-10	 3.9131e-09	 5.4479e-09	 4.2126e-09	 2.1801e-09
 30.1	 5.190e-03	     0.99	     1.15	     3.02	     7.89	    33.39	   46.44	 8.2352e-10	 8.9698e-11	 7.0113e-11	 1.9376e-10	 3.7868e-09	 4.9639e-09	 4.1403e-09	 2.1331e-09
 30.2	 2.730e-03	     0.73	     1.53	     4.23	     6.81	    32.50	   45.80	 1.0980e-09	 7.7401e-11	 9.8159e-11	 1.4376e-10	 3.6857e-09	 5.1030e-09	 4.0050e-09	 2.0831e-09
 30.3	 5.086e-03	     0.48	     1.15	     2.74	     7.48	    32.72	   44.60	 8.2352e-10	 8.4996e-11	 6.3471e-11	 9.3757e-11	 3.7110e-09	 4.7835e-09	 3.9600e-09	 2.0556e-09
 30.4	 2.712e-03	     0.57	     1.05	     3.63	     7.93	    32.91	   46.15	 7.5490e-10	 9.0060e-11	 8.4136e-11	 1.1251e-10	 3.7326e-09	 5.6205e-08	 4.0194e-09	 2.0930e-09
 30.5	 5.065e-03	     0.54	     0.95	     2.96	     8.56	    34.03	   47.05	 6.8627e-10	 9.7294e-11	 6.8637e-11	 1.0626e-10	 3.8590e-09	 4.8174e-09	 4.1311e-09	 2.1467e-09
 30.6	 4.989e-03	     0.64	     1.05	     3.31	     8.05	    31.13	   44.18	 7.5490e-10	 9.1507e-11	 7.6756e-11	 1.2501e-10	 3.5305e-09	 4.5786e-09	 3.8237e-09	 1.9887e-09
 30.7	 2.658e-03	     0.48	     0.83	     3.44	     6.91	    30.56	   42.21	 5.9477e-10	 7.8486e-11	 7.9708e-11	 9.3757e-11	 3.4655e-09	 4.3122e-09	 3.7174e-09	 1.9344e-09
 30.8	 4.923e-03	     0.67	     1.15	     2.04	     7.96	    29.95	   41.79	 8.2352e-10	 9.0422e-11	 4.7234e-11	 1.3126e-10	 3.3969e-09	 5.5920e-08	 3.6658e-09	 1.8978e-09
 30.9	 4.886e-03	     0.67	     0.45	     3.34	     7.67	    30.56	   42.69	 3.2026e-10	 8.7166e-11	 7.7494e-11	 1.3126e-10	 3.4655e-09	 4.0817e-09	 3.7614e-09	 1.9484e-09
 31.0	 4.882e-03	     0.54	     1.08	     3.18	     7.38	    31.13	   43.32	 7.7777e-10	 8.3911e-11	 7.3804e-11	 1.0626e-10	 3.5305e-09	 4.5722e-09	 3.7944e-09	 1.9735e-09
 31.1	 4.851e-03	     0.29	     0.99	     2.93	     6.62	    31.07	   41.89	 7.0915e-10	 7.5231e-11	 6.7899e-11	 5.6254e-11	 3.5232e-09	 4.4318e-09	 3.7226e-09	 1.9403e-09
 31.2	 4.814e-03	     0.29	     1.34	     3.18	     7.80	    30.59	   43.19	 9.6078e-10	 8.8613e-11	 7.3804e-11	 5.6254e-11	 3.4691e-09	 4.6485e-09	 3.6878e-09	 1.9339e-09
 31.3	 4.746e-03	     0.67	     1.08	     3.25	     8.02	    28.36	   41.38	 7.7777e-10	 9.1145e-11	 7.5280e-11	 1.3126e-10	 3.2164e-09	 4.2919e-09	 3.5141e-09	 1.8302e-09
 31.4	 4.679e-03	     0.41	     1.08	     2.86	     7.89	    30.21	   42.49	 7.7777e-10	 8.9698e-11	 6.6423e-11	 8.1256e-11	 3.4258e-09	 5.5871e-08	 3.6632e-09	 1.9124e-09
 31.5	 4.698e-03	     0.48	     0.99	     3.09	     7.99	    28.23	   40.81	 7.0915e-10	 9.0783e-11	 7.1589e-11	 9.3757e-11	 3.2020e-09	 5.5597e-08	 3.4581e-09	 1.8075e-09
 31.6	 4.714e-03	     0.60	     1.21	     2.04	     7.93	    28.97	   40.74	 8.6928e-10	 9.0060e-11	 4.7234e-11	 1.1876e-10	 3.2850e-09	 4.4103e-09	 3.5410e-09	 1.8369e-09
 31.7	 4.687e-03	     0.48	     0.89	     3.21	     6.49	    29.09	   40.17	 6.4052e-10	 7.3784e-11	 7.4542e-11	 9.3757e-11	 3.2994e-09	 4.1820e-09	 3.5415e-09	 1.8420e-09
 31.8	 4.598e-03	     0.57	     1.02	     2.58	     7.32	    28.78	   40.27	 7.3202e-10	 8.3188e-11	 5.9781e-11	 1.1251e-10	 3.2633e-09	 4.2508e-09	 3.5188e-09	 1.8267e-09
 31.9	 4.573e-03	     0.54	     1.08	     2.42	     7.64	    29.76	   41.48	 7.7777e-10	 8.6805e-11	 5.6091e-11	 1.0626e-10	 3.3752e-09	 4.4022e-09	 3.6245e-09	 1.8823e-09
 32.0	 4.548e-03	     0.38	     0.83	     3.21	     7.00	    29.41	   40.84	 5.9477e-10	 7.9571e-11	 7.4542e-11	 7.5006e-11	 3.3355e-09	 4.1594e-09	 3.5646e-09	 1.8593e-09
 32.1	 4.475e-03	     0.80	     0.76	     2.39	     7.07	    27.37	   38.39	 5.4902e-10	 8.0294e-11	 5.5353e-11	 1.5626e-10	 3.1045e-09	 3.9454e-09	 3.3964e-09	 1.7507e-09
 32.2	 4.474e-03	     0.54	     1.15	     2.86	     6.53	    27.85	   38.93	 8.2352e-10	 7.4146e-11	 6.6423e-11	 1.0626e-10	 3.1586e-09	 4.2290e-09	 3.4055e-09	 1.7703e-09
 32.3	 4.449e-03	     0.60	     1.15	     2.74	     7.10	    27.12	   38.71	 8.2352e-10	 8.0656e-11	 6.3471e-11	 1.1876e-10	 3.0756e-09	 4.1620e-09	 3.3385e-09	 1.7356e-09
 32.4	 4.456e-03	     0.54	     1.05	     2.93	     6.08	    28.36	   38.99	 7.5490e-10	 6.9082e-11	 6.7899e-11	 1.0626e-10	 3.2164e-09	 5.5645e-08	 3.4596e-09	 1.7958e-09
 32.5	 4.380e-03	     0.64	     1.18	     2.23	     7.83	    28.46	   40.33	 8.4640e-10	 8.8975e-11	 5.1663e-11	 1.2501e-10	 3.2272e-09	 4.3393e-09	 3.4929e-09	 1.8121e-09
 32.6	 4.358e-03	     0.64	     0.80	     2.86	     6.53	    28.27	   39.09	 5.7189e-10	 7.4146e-11	 6.6423e-11	 1.2501e-10	 3.2056e-09	 4.0430e-09	 3.4712e-09	 1.7965e-09
 32.7	 4.300e-03	     0.35	     1.24	     2.32	     6.43	    30.46	   40.87	 8.9215e-10	 7.3061e-11	 5.3877e-11	 6.8755e-11	 3.4547e-09	 5.5980e-08	 3.6572e-09	 1.9002e-09
 32.8	 4.309e-03	     0.54	     0.70	     2.99	     7.13	    27.22	   38.58	 5.0326e-10	 8.1018e-11	 6.9375e-11	 1.0626e-10	 3.0864e-09	 3.8464e-09	 3.3431e-09	 1.7385e-09
 32.9	 4.262e-03	     0.41	     1.08	     2.45	     7.35	    27.88	   39.22	 7.7777e-10	 8.3550e-11	 5.6829e-11	 8.1256e-11	 3.1623e-09	 5.5592e-08	 3.3839e-09	 1.7649e-09
 33.0	 4.305e-03	     0.48	     0.92	     2.90	     6.53	    26.67	   37.50	 6.6339e-10	 7.4146e-11	 6.7161e-11	 9.3757e-11	 3.0251e-09	 3.9235e-09	 3.2601e-09	 1.6973e-09
 33.1	 4.249e-03	     0.41	     0.99	     2.93	     6.53	    29.67	   40.55	 7.0915e-10	 7.4146e-11	 6.7899e-11	 8.1256e-11	 3.3644e-09	 4.3037e-09	 3.5946e-09	 1.8685e-09
 33.2	 4.228e-03	     0.32	     0.95	     2.58	     7.89	    26.90	   38.64	 6.8627e-10	 8.9698e-11	 5.9781e-11	 6.2505e-11	 3.0503e-09	 3.9486e-09	 3.2623e-09	 1.7089e-09
 33.3	 2.252e-03	     0.54	     1.37	     2.83	     6.05	    27.31	   38.17	 9.8365e-10	 6.8720e-11	 6.5685e-11	 1.0626e-10	 3.0973e-09	 4.3284e-09	 3.3448e-09	 1.7376e-09
 33.4	 4.160e-03	     0.67	     0.64	     2.32	     6.40	    26.52	   36.57	 4.5751e-10	 7.2699e-11	 5.3877e-11	 1.3126e-10	 3.0070e-09	 3.7292e-09	 3.2717e-09	 1.6859e-09
 33.5	 4.202e-03	     0.48	     1.08	     1.62	     6.78	    26.64	   36.61	 7.7777e-10	 7.7039e-11	 3.7640e-11	 9.3757e-11	 3.0215e-09	 4.0077e-09	 3.2299e-09	 1.6740e-09
 33.6	 4.154e-03	     0.54	     0.80	     1.91	     7.10	    24.73	   35.08	 5.7189e-10	 8.0656e-11	 4.4282e-11	 1.0626e-10	 2.8049e-09	 3.6080e-09	 3.0361e-09	 1.5746e-09
 33.7	 4.114e-03	     0.41	     1.21	     2.71	     6.94	    25.34	   36.61	 8.6928e-10	 7.8848e-11	 6.2733e-11	 8.1256e-11	 2.8735e-09	 3.9656e-09	 3.0963e-09	 1.6200e-09
 33.8	 4.092e-03	     0.32	     0.64	     2.45	     6.14	    27.95	   37.50	 4.5751e-10	 6.9805e-11	 5.6829e-11	 6.2505e-11	 3.1695e-09	 3.8161e-09	 3.3586e-09	 1.7450e-09
 33.9	 2.147e-03	     0.29	     1.05	     2.61	     6.59	    25.97	   36.51	 7.5490e-10	 7.4869e-11	 6.0519e-11	 5.6254e-11	 2.9457e-09	 3.8922e-09	 3.1373e-09	 1.6417e-09
 34.0	 4.040e-03	     0.60	     0.67	     2.55	     6.84	    26.71	   37.37	 4.8039e-10	 7.7763e-11	 5.9043e-11	 1.1876e-10	 3.0287e-09	 3.7646e-09	 3.2843e-09	 1.7007e-09
 34.1	 4.019e-03	     0.48	     1.11	     2.36	     6.68	    26.52	   37.15	 8.0065e-10	 7.5954e-11	 5.4615e-11	 9.3757e-11	 3.0070e-09	 4.0320e-09	 3.2314e-09	 1.6808e-09
 34.2	 3.979e-03	     0.51	     1.02	     2.55	     7.10	    24.99	   36.16	 7.3202e-10	 8.0656e-11	 5.9043e-11	 1.0001e-10	 2.8338e-09	 3.8055e-09	 3.0735e-09	 1.6023e-09
 34.3	 3.947e-03	     0.76	     0.80	     1.91	     6.02	    25.08	   34.57	 5.7189e-10	 6.8359e-11	 4.4282e-11	 1.5001e-10	 2.8446e-09	 3.6791e-09	 3.1072e-09	 1.5967e-09
 34.4	 3.935e-03	     0.41	     0.83	     2.80	     6.49	    24.99	   35.56	 5.9477e-10	 7.3784e-11	 6.4947e-11	 8.1256e-11	 2.8338e-09	 5.5079e-08	 3.0537e-09	 1.5941e-09
 34.5	 3.858e-03	     0.51	     1.05	     2.23	     6.94	    24.76	   35.49	 7.5490e-10	 7.8848e-11	 5.1663e-11	 1.0001e-10	 2.8085e-09	 3.7939e-09	 3.0390e-09	 1.5817e-09
 34.6	 2.080e-03	     0.57	     0.76	     2.36	     6.37	    25.85	   35.91	 5.4902e-10	 7.2337e-11	 5.4615e-11	 1.1251e-10	 2.9312e-09	 3.7197e-09	 3.1707e-09	 1.6414e-09
 34.7	 3.886e-03	     0.57	     0.95	     2.48	     6.72	    23.55	   34.28	 6.8627e-10	 7.6316e-11	 5.7567e-11	 1.1251e-10	 2.6713e-09	 3.6040e-09	 2.9177e-09	 1.5179e-09
 34.8	 3.885e-03	     0.64	     0.92	     1.97	     6.68	    25.31	   35.52	 6.6339e-10	 7.5954e-11	 4.5758e-11	 1.2501e-10	 2.8699e-09	 3.7800e-09	 3.1166e-09	 1.6114e-09
 34.9	 3.835e-03	     0.51	     0.99	     2.29	     5.92	    25.08	   34.79	 7.0915e-10	 6.7274e-11	 5.3139e-11	 1.0001e-10	 2.8446e-09	 3.7741e-09	 3.0650e-09	 1.5898e-09
 35.0	 2.027e-03	     0.54	     1.11	     2.36	     6.59	    23.08	   33.68	 8.0065e-10	 7.4869e-11	 5.4615e-11	 1.0626e-10	 2.6172e-09	 3.6536e-09	 2.8529e-09	 1.4862e-09
 35.1	 3.741e-03	     0.25	     1.08	     2.48	     6.81	    23.49	   34.15	 7.7777e-10	 7.7401e-11	 5.7567e-11	 5.0004e-11	 2.6641e-09	 3.6269e-09	 2.8491e-09	 1.4973e-09
 35.2	 3.678e-03	     0.32	     1.05	     2.26	     6.18	    24.06	   33.90	 7.5490e-10	 7.0167e-11	 5.2401e-11	 6.2505e-11	 2.7291e-09	 3.6759e-09	 2.9210e-09	 1.5244e-09
 35.3	 3.714e-03	     0.29	     0.67	     2.86	     6.40	    23.24	   33.45	 4.8039e-10	 7.2699e-11	 6.6423e-11	 5.6254e-11	 2.6352e-09	 3.3110e-09	 2.8306e-09	 1.4839e-09
 35.4	 1.974e-03	     0.48	     0.83	     2.26	     5.98	    24.19	   33.74	 5.9477e-10	 6.7997e-11	 5.2401e-11	 9.3757e-11	 2.7435e-09	 3.5524e-09	 2.9577e-09	 1.5352e-09
 35.5	 3.683e-03	     0.48	     0.70	     2.07	     5.60	    22.85	   31.74	 5.0326e-10	 6.3657e-11	 4.7972e-11	 9.3757e-11	 2.5919e-09	 3.3074e-09	 2.8041e-09	 1.4512e-09
 35.6	 3.610e-03	     0.38	     1.11	     2.61	     6.46	    21.90	   32.47	 8.0065e-10	 7.3422e-11	 6.0519e-11	 7.5006e-11	 2.4836e-09	 3.4932e-09	 2.6925e-09	 1.4127e-09
 35.7	 3.594e-03	     0.51	     0.70	     2.23	     6.43	    22.95	   32.82	 5.0326e-10	 7.3061e-11	 5.1663e-11	 1.0001e-10	 2.6027e-09	 3.3307e-09	 2.8275e-09	 1.4687e-09
 35.8	 3.547e-03	     0.83	     1.37	     1.97	     5.79	    22.54	   32.50	 9.8365e-10	 6.5827e-11	 4.5758e-11	 1.6251e-10	 2.5558e-09	 3.8135e-09	 2.8299e-09	 1.4588e-09
 35.9	 3.553e-03	     0.45	     1.43	     2.39	     5.19	    23.01	   32.47	 1.0294e-09	 5.8955e-11	 5.5353e-11	 8.7507e-11	 2.6099e-09	 3.8412e-09	 2.8118e-09	 1.4656e-09
 36.0	 3.519e-03	     0.60	     1.02	     2.64	     5.38	    23.84	   33.52	 7.3202e-10	 6.1125e-11	 6.1257e-11	 1.1876e-10	 2.7038e-09	 5.5107e-08	 2.9449e-09	 1.5266e-09
 36.1	 3.513e-03	     0.57	     1.21	     2.20	     5.73	    21.17	   30.91	 8.6928e-10	 6.5104e-11	 5.0924e-11	 1.1251e-10	 2.4006e-09	 3.4984e-09	 2.6292e-09	 1.3671e-09
 36.2	 3.497e-03	     0.60	     0.76	     2.04	     6.02	    22.47	   31.89	 5.4902e-10	 6.8359e-11	 4.7234e-11	 1.1876e-10	 2.5486e-09	 3.3319e-09	 2.7829e-09	 1.4394e-09
 36.3	 3.467e-03	     0.54	     0.95	     2.39	     5.51	    20.75	   30.14	 6.8627e-10	 6.2572e-11	 5.5353e-11	 1.0626e-10	 2.3536e-09	 3.2641e-09	 2.5778e-09	 1.3404e-09
 36.4	 3.447e-03	     0.48	     0.48	     2.20	     5.00	    22.00	   30.14	 3.4313e-10	 5.6785e-11	 5.0924e-11	 9.3757e-11	 2.4944e-09	 3.0390e-09	 2.6959e-09	 1.3940e-09
 36.5	 3.418e-03	     0.57	     0.67	     2.10	     5.12	    21.20	   29.67	 4.8039e-10	 5.8231e-11	 4.8710e-11	 1.1251e-10	 2.4042e-09	 3.1040e-09	 2.6236e-09	 1.3553e-09
 36.6	 3.404e-03	     0.48	     0.70	     1.91	     6.43	    21.36	   30.88	 5.0326e-10	 7.3061e-11	 4.4282e-11	 9.3757e-11	 2.4222e-09	 3.1366e-09	 2.6333e-09	 1.3690e-09
 36.7	 1.810e-03	     0.32	     0.95	     1.85	     5.60	    21.77	   30.49	 6.8627e-10	 6.3657e-11	 4.2806e-11	 6.2505e-11	 2.4692e-09	 3.3244e-09	 2.6381e-09	 1.3755e-09
 36.8	 3.397e-03	     0.32	     0.67	     2.26	     5.73	    22.03	   31.00	 4.8039e-10	 6.5104e-11	 5.2401e-11	 6.2505e-11	 2.4980e-09	 3.1584e-09	 2.6780e-09	 1.3971e-09
 36.9	 3.345e-03	     0.29	     0.64	     1.81	     5.57	    22.63	   30.94	 4.5751e-10	 6.3295e-11	 4.2068e-11	 5.6254e-11	 2.5666e-09	 3.1858e-09	 2.7282e-09	 1.4189e-09
 37.0	 3.326e-03	     0.32	     1.15	     1.69	     5.44	    20.02	   28.62	 8.2352e-10	 6.1848e-11	 3.9116e-11	 6.2505e-11	 2.2706e-09	 3.2576e-09	 2.4341e-09	 1.2719e-09
 37.1	 3.274e-03	     0.54	     0.80	     2.32	     6.59	    21.74	   32.02	 5.7189e-10	 7.4869e-11	 5.3877e-11	 1.0626e-10	 2.4655e-09	 5.4703e-08	 2.7006e-09	 1.4064e-09
 37.2	 3.236e-03	     0.57	     0.99	     2.23	     5.44	    20.15	   29.38	 7.0915e-10	 6.1848e-11	 5.1663e-11	 1.1251e-10	 2.2851e-09	 3.2202e-09	 2.5111e-09	 1.3040e-09
 37.3	 3.245e-03	     0.60	     0.60	     2.42	     5.60	    18.78	   28.04	 4.3464e-10	 6.3657e-11	 5.6091e-11	 1.1876e-10	 2.1298e-09	 2.8098e-09	 2.3752e-09	 1.2311e-09
 37.4	 3.219e-03	     0.25	     0.73	     1.78	     5.06	    20.24	   28.07	 5.2614e-10	 5.7508e-11	 4.1330e-11	 5.0004e-11	 2.2959e-09	 2.9709e-09	 2.4447e-09	 1.2747e-09
 37.5	 3.176e-03	     0.60	     1.21	     1.69	     5.38	    21.01	   29.89	 8.6928e-10	 6.1125e-11	 3.9116e-11	 1.1876e-10	 2.3825e-09	 3.4708e-09	 2.6015e-09	 1.3458e-09
 37.6	 3.136e-03	     0.48	     0.76	     1.72	     5.28	    20.63	   28.87	 5.4902e-10	 6.0040e-11	 3.9854e-11	 9.3757e-11	 2.3392e-09	 3.0819e-09	 2.5329e-09	 1.3115e-09
 37.7	 3.164e-03	     0.22	     0.70	     2.39	     4.68	    20.50	   28.49	 5.0326e-10	 5.3168e-11	 5.5353e-11	 4.3753e-11	 2.3248e-09	 2.9803e-09	 2.4770e-09	 1.2953e-09
 37.8	 1.671e-03	     0.45	     0.92	     2.16	     5.19	    19.99	   28.71	 6.6339e-10	 5.8955e-11	 5.0186e-11	 8.7507e-11	 2.2670e-09	 3.1270e-09	 2.4637e-09	 1.2826e-09
 37.9	 3.148e-03	     0.29	     1.02	     1.97	     5.41	    20.59	   29.28	 7.3202e-10	 6.1487e-11	 4.5758e-11	 5.6254e-11	 2.3356e-09	 3.2311e-09	 2.4991e-09	 1.3071e-09
 38.0	 3.143e-03	     0.54	     0.76	     1.88	     4.84	    18.81	   26.83	 5.4902e-10	 5.4976e-11	 4.3544e-11	 1.0626e-10	 2.1334e-09	 2.8872e-09	 2.3382e-09	 1.2097e-09
 38.1	 3.067e-03	     0.57	     0.89	     1.75	     5.22	    19.26	   27.69	 6.4052e-10	 5.9317e-11	 4.0592e-11	 1.1251e-10	 2.1840e-09	 3.0369e-09	 2.3964e-09	 1.2399e-09
 38.2	 3.060e-03	     0.38	     0.54	     1.88	     5.79	    20.56	   29.16	 3.8889e-10	 6.5827e-11	 4.3544e-11	 7.5006e-11	 2.3320e-09	 2.9052e-09	 2.5164e-09	 1.3086e-09
 38.3	 1.621e-03	     0.64	     0.80	     2.04	     5.47	    18.78	   27.72	 5.7189e-10	 6.2210e-11	 4.7234e-11	 1.2501e-10	 2.1298e-09	 2.9362e-09	 2.3643e-09	 1.2239e-09
 38.4	 3.046e-03	     0.41	     0.83	     1.72	     5.38	    18.53	   26.87	 5.9477e-10	 6.1125e-11	 3.9854e-11	 8.1256e-11	 2.1009e-09	 2.8780e-09	 2.2832e-09	 1.1887e-09
 38.5	 2.982e-03	     0.48	     0.70	     1.78	     5.35	    19.54	   27.85	 5.0326e-10	 6.0763e-11	 4.1330e-11	 9.3757e-11	 2.2165e-09	 2.9156e-09	 2.4123e-09	 1.2507e-09
 38.6	 1.587e-03	     0.38	     1.02	     2.26	     5.28	    19.07	   28.01	 7.3202e-10	 6.0040e-11	 5.2401e-11	 7.5006e-11	 2.1623e-09	 3.0818e-09	 2.3498e-09	 1.2296e-09
 38.7	 2.950e-03	     0.25	     0.60	     1.88	     4.84	    18.21	   25.78	 4.3464e-10	 5.4976e-11	 4.3544e-11	 5.0004e-11	 2.0649e-09	 2.6480e-09	 2.2134e-09	 1.1561e-09
 38.8	 2.953e-03	     0.29	     0.73	     2.45	     4.42	    20.44	   28.33	 5.2614e-10	 5.0274e-11	 5.6829e-11	 5.6254e-11	 2.3175e-09	 3.0070e-09	 2.4809e-09	 1.2944e-09
 38.9	 2.929e-03	     0.45	     0.67	     2.23	     4.87	    17.79	   26.01	 4.8039e-10	 5.5338e-11	 5.1663e-11	 8.7507e-11	 2.0179e-09	 2.6928e-09	 2.2124e-09	 1.1519e-09
 39.0	 1.559e-03	     0.54	     0.60	     1.50	     5.06	    19.03	   26.74	 4.3464e-10	 5.7508e-11	 3.4688e-11	 1.0626e-10	 2.1587e-09	 2.7918e-09	 2.3572e-09	 1.2156e-09
 39.1	 2.901e-03	     0.29	     0.70	     2.07	     5.22	    16.97	   25.31	 5.0326e-10	 5.9317e-11	 4.7972e-11	 5.6254e-11	 1.9241e-09	 5.4028e-08	 2.0945e-09	 1.0981e-09
 39.2	 2.912e-03	     0.29	     0.64	     1.91	     4.84	    17.51	   25.18	 4.5751e-10	 5.4976e-11	 4.4282e-11	 5.6254e-11	 1.9854e-09	 2.5985e-09	 2.1409e-09	 1.1187e-09
 39.3	 2.908e-03	     0.35	     0.54	     2.10	     4.04	    17.67	   24.70	 3.8889e-10	 4.5934e-11	 4.8710e-11	 6.8755e-11	 2.0035e-09	 2.5558e-09	 2.1669e-09	 1.1262e-09
 39.4	 2.876e-03	     0.45	     0.51	     1.91	     5.12	    18.08	   26.07	 3.6601e-10	 5.8231e-11	 4.4282e-11	 8.7507e-11	 2.0504e-09	 2.6064e-09	 2.2404e-09	 1.1631e-09
 39.5	 2.809e-03	     0.25	     0.99	     1.91	     4.90	    17.76	   25.81	 7.0915e-10	 5.5700e-11	 4.4282e-11	 5.0004e-11	 2.0143e-09	 2.8734e-09	 2.1643e-09	 1.1355e-09
 39.6	 2.790e-03	     0.16	     0.99	     2.13	     5.38	    17.63	   26.29	 7.0915e-10	 6.1125e-11	 4.9448e-11	 3.1252e-11	 1.9999e-09	 2.8508e-09	 2.1417e-09	 1.1320e-09
 39.7	 2.819e-03	     0.35	     0.64	     1.97	     4.62	    17.60	   25.18	 4.5751e-10	 5.2444e-11	 4.5758e-11	 6.8755e-11	 1.9963e-09	 2.6207e-09	 2.1632e-09	 1.1270e-09
 39.8	 2.793e-03	     0.35	     0.70	     1.75	     4.11	    17.73	   24.64	 5.0326e-10	 4.6658e-11	 4.0592e-11	 6.8755e-11	 2.0107e-09	 2.6700e-09	 2.1667e-09	 1.1250e-09
 39.9	 1.461e-03	     0.41	     1.24	     1.75	     3.69	    17.86	   24.96	 8.9215e-10	 4.1956e-11	 4.0592e-11	 8.1256e-11	 2.0251e-09	 3.0811e-09	 2.1889e-09	 1.1370e-09
 40.0	 2.716e-03	     0.00	     0.00	     0.00	     0.00	     0.00	    0.00	 0.0000e+00	 0.0000e+00	 0.0000e+00	 0.0000e+00	 0.0000e+00	 0.0000e+00	 0.0000e+00	 0.0000e+00
