z(cm)	  Dose(mGy)	(O14)Con.	(C10)Con.	(N13)Con.	(C11)Con.	(O15)Con.	tot.con.(1/cm3)
 0.1	 2.351e-02	    56.31	    24.80	     3.28	    10.12	    10.98	  105.62
 0.2	 2.376e-02	    58.41	    25.66	     3.09	    12.06	     9.99	  109.34
 0.3	 2.396e-02	    58.79	    26.42	     3.31	    10.60	    10.25	  109.47
 0.4	 2.412e-02	    58.35	    26.10	     3.85	    10.92	    11.14	  110.52
 0.5	 2.426e-02	    59.78	    24.19	     2.67	    10.79	    11.11	  108.58
 0.6	 2.439e-02	    60.32	    27.18	     3.02	    10.85	     9.84	  111.31
 0.7	 2.451e-02	    57.96	    27.66	     3.41	    11.90	     9.71	  110.74
 0.8	 2.462e-02	    60.61	    26.52	     3.25	    11.33	    10.66	  112.46
 0.9	 2.472e-02	    59.59	    24.92	     2.83	    10.85	    10.95	  109.21
 1.0	 2.482e-02	    59.87	    27.09	     2.64	    10.47	     9.52	  109.66
 1.1	 2.491e-02	    60.48	    25.88	     3.06	    10.09	     9.52	  109.18
 1.2	 2.500e-02	    61.27	    27.44	     2.99	    12.06	     9.99	  113.89
 1.3	 2.509e-02	    61.27	    25.75	     2.74	    11.20	    11.71	  112.78
 1.4	 2.517e-02	    60.96	    26.74	     3.34	    11.71	    10.50	  113.38
 1.5	 2.527e-02	    58.22	    25.37	     3.15	    11.01	    10.31	  108.23
 1.6	 2.535e-02	    62.77	    24.92	     3.60	    10.15	    10.19	  111.76
 1.7	 2.542e-02	    61.53	    25.27	     3.37	    11.59	    10.41	  112.27
 1.8	 2.550e-02	    60.51	    25.69	     3.02	    12.54	     9.90	  111.70
 1.9	 2.556e-02	    62.13	    25.34	     3.66	    11.27	    10.35	  112.84
 2.0	 2.566e-02	    62.10	    25.66	     3.25	    12.00	    10.09	  113.16
 2.1	 2.571e-02	    63.60	    24.92	     3.31	     9.84	    10.25	  112.14
 2.2	 2.579e-02	    61.34	    26.74	     3.34	    10.66	    11.14	  113.57
 2.3	 2.587e-02	    62.13	    26.04	     3.25	    12.13	    11.11	  114.94
 2.4	 2.594e-02	    60.70	    26.71	     3.53	    10.95	    10.09	  112.14
 2.5	 2.601e-02	    62.17	    25.59	     3.06	    10.76	    10.28	  111.95
 2.6	 2.608e-02	    63.18	    26.32	     3.31	    11.75	    10.89	  115.55
 2.7	 2.614e-02	    61.78	    25.85	     3.18	    10.82	    10.98	  112.68
 2.8	 2.623e-02	    59.84	    26.45	     2.96	    11.90	    10.70	  112.05
 2.9	 2.630e-02	    62.87	    26.36	     3.66	    12.80	    10.06	  115.80
 3.0	 2.636e-02	    61.53	    25.91	     3.21	    10.03	    10.82	  111.70
 3.1	 2.640e-02	    61.15	    25.72	     2.77	    10.66	    10.44	  110.96
 3.2	 2.648e-02	    62.80	    26.99	     3.21	    11.65	    10.85	  115.58
 3.3	 2.656e-02	    63.88	    25.34	     3.53	    12.83	    10.50	  116.25
 3.4	 2.662e-02	    61.08	    28.11	     2.99	    11.20	     9.77	  113.32
 3.5	 2.668e-02	    63.85	    27.72	     3.37	    10.54	    11.20	  116.85
 3.6	 2.673e-02	    62.36	    26.99	     2.83	     8.88	     9.74	  110.90
 3.7	 2.680e-02	    63.31	    25.97	     2.83	    11.46	    11.01	  114.62
 3.8	 2.686e-02	    64.52	    27.15	     2.99	    12.45	    10.12	  117.30
 3.9	 2.692e-02	    61.27	    26.20	     3.25	    10.82	    10.12	  111.79
 4.0	 2.697e-02	    64.90	    27.47	     2.74	    10.66	    10.41	  116.28
 4.1	 2.703e-02	    64.94	    25.43	     2.39	    11.78	    11.05	  115.71
 4.2	 2.709e-02	    64.43	    25.85	     3.15	    11.84	    10.35	  115.83
 4.3	 2.716e-02	    63.25	    26.42	     3.44	    12.22	    11.08	  116.47
 4.4	 2.722e-02	    65.60	    26.93	     3.47	    11.08	    10.70	  117.97
 4.5	 2.728e-02	    65.67	    27.50	     3.28	    10.95	    10.60	  118.16
 4.6	 2.733e-02	    64.39	    26.80	     3.85	    11.87	     9.96	  116.95
 4.7	 2.740e-02	    61.85	    27.02	     3.28	    10.89	    10.57	  113.70
 4.8	 2.745e-02	    66.14	    25.69	     3.34	    11.68	     9.96	  117.01
 4.9	 2.750e-02	    61.59	    26.67	     3.88	    11.71	     9.84	  113.83
 5.0	 2.757e-02	    62.61	    27.15	     3.21	    11.27	    10.44	  114.72
 5.1	 2.761e-02	    62.42	    28.01	     3.69	    11.68	    10.25	  116.41
 5.2	 2.767e-02	    65.03	    25.97	     3.09	    10.89	     9.61	  114.69
 5.3	 2.772e-02	    64.11	    28.14	     3.31	    12.32	    11.62	  119.56
 5.4	 2.778e-02	    62.64	    27.85	     2.71	    11.20	     9.77	  114.31
 5.5	 2.783e-02	    62.64	    28.04	     2.99	    11.24	    11.36	  116.47
 5.6	 2.791e-02	    65.16	    28.52	     3.21	    11.43	     9.64	  118.06
 5.7	 2.794e-02	    63.95	    26.64	     2.93	    11.84	    10.28	  115.83
 5.8	 2.800e-02	    61.62	    25.72	     3.85	    11.14	    10.70	  113.16
 5.9	 2.806e-02	    61.05	    24.19	     3.25	    11.84	    11.01	  111.41
 6.0	 2.809e-02	    65.60	    28.46	     3.92	    10.28	    11.40	  119.78
 6.1	 2.815e-02	    63.31	    25.27	     3.63	    11.59	    10.06	  114.08
 6.2	 2.823e-02	    64.74	    27.47	     2.77	    10.06	    10.70	  115.86
 6.3	 2.826e-02	    63.76	    27.69	     3.37	    12.06	    11.17	  118.09
 6.4	 2.832e-02	    64.43	    26.80	     3.18	    12.00	    12.06	  118.83
 6.5	 2.836e-02	    63.28	    27.57	     3.02	    12.54	    11.62	  118.12
 6.6	 2.840e-02	    63.41	    26.61	     3.09	    12.35	     9.96	  115.58
 6.7	 2.846e-02	    63.41	    26.13	     3.72	    12.64	    10.70	  116.69
 6.8	 2.851e-02	    66.40	    25.59	     3.12	    11.87	    10.38	  117.39
 6.9	 2.854e-02	    64.78	    26.52	     2.83	    11.46	    10.79	  116.57
 7.0	 2.859e-02	    65.60	    27.69	     3.34	    12.92	     9.87	  119.49
 7.1	 2.868e-02	    65.57	    25.18	     3.37	    12.45	    10.57	  117.33
 7.2	 2.873e-02	    67.61	    27.47	     2.93	    12.83	    11.20	  122.29
 7.3	 2.877e-02	    65.76	    25.18	     4.01	    11.97	    10.54	  117.55
 7.4	 2.881e-02	    62.42	    25.85	     3.21	    12.41	    10.60	  114.53
 7.5	 2.886e-02	    66.05	    28.78	     3.34	    11.71	    10.82	  120.83
 7.6	 2.890e-02	    65.06	    27.09	     3.37	    13.53	    10.38	  119.46
 7.7	 2.900e-02	    64.17	    27.02	     3.18	    11.81	    10.70	  117.01
 7.8	 2.902e-02	    66.18	    26.10	     3.63	    11.01	    10.41	  117.46
 7.9	 2.906e-02	    63.95	    27.37	     3.47	    10.73	     9.68	  115.36
 8.0	 2.911e-02	    66.08	    26.39	     3.44	    11.81	    11.36	  119.14
 8.1	 2.917e-02	    62.99	    26.39	     3.21	    11.14	    10.41	  114.31
 8.2	 2.920e-02	    62.80	    27.92	     3.28	    11.59	    10.15	  115.80
 8.3	 2.926e-02	    64.94	    24.67	     3.60	    12.00	    10.92	  116.25
 8.4	 2.931e-02	    61.75	    25.72	     3.06	    11.87	    10.60	  113.06
 8.5	 2.935e-02	    64.68	    26.74	     3.06	    12.48	    10.57	  117.58
 8.6	 2.941e-02	    61.75	    29.32	     2.99	    11.55	    10.44	  116.06
 8.7	 2.945e-02	    63.73	    25.78	     2.74	    11.90	    10.92	  115.23
 8.8	 2.951e-02	    66.27	    26.90	     3.02	    11.27	     9.90	  117.46
 8.9	 2.956e-02	    68.02	    27.02	     4.04	    11.01	    10.41	  120.61
 9.0	 2.963e-02	    63.69	    26.01	     3.85	    11.49	    10.41	  115.61
 9.1	 2.966e-02	    63.12	    26.42	     2.86	    11.97	     9.71	  114.24
 9.2	 2.971e-02	    63.88	    27.63	     2.71	    12.10	    10.54	  116.95
 9.3	 2.975e-02	    62.99	    25.40	     3.57	    11.90	    10.92	  114.97
 9.4	 2.977e-02	    63.31	    24.38	     3.12	    11.49	     9.77	  112.17
 9.5	 2.981e-02	    65.03	    26.71	     3.72	    12.57	    11.01	  119.08
 9.6	 2.987e-02	    66.85	    26.20	     2.71	    10.82	    10.31	  116.95
 9.7	 2.991e-02	    64.62	    25.31	     3.53	    12.22	     9.96	  115.83
 9.8	 2.993e-02	    64.39	    27.41	     3.34	    11.97	    10.25	  117.42
 9.9	 2.998e-02	    67.42	    27.60	     3.47	    11.90	     9.36	  119.78
 10.0	 3.004e-02	    64.33	    26.01	     3.28	    11.87	    10.47	  116.06
 10.1	 3.006e-02	    67.29	    27.69	     3.44	    12.29	    10.06	  120.86
 10.2	 3.012e-02	    63.44	    26.74	     2.71	    11.75	     9.84	  114.72
 10.3	 3.017e-02	    64.52	    26.55	     3.18	    11.90	     9.04	  115.36
 10.4	 3.021e-02	    64.90	    26.61	     3.06	    11.43	    11.05	  117.17
 10.5	 3.028e-02	    65.48	    25.11	     3.82	    12.73	     9.42	  116.72
 10.6	 3.034e-02	    63.57	    26.58	     4.20	    12.89	    10.35	  117.58
 10.7	 3.038e-02	    67.45	    26.36	     3.34	    10.50	     9.64	  117.39
 10.8	 3.041e-02	    64.81	    25.81	     3.09	    11.87	     9.58	  115.20
 10.9	 3.046e-02	    67.00	    26.48	     2.83	    11.33	    10.03	  117.90
 11.0	 3.052e-02	    63.73	    27.37	     2.67	    12.22	     9.45	  115.58
 11.1	 3.057e-02	    64.97	    26.90	     2.99	    12.25	    10.50	  117.68
 11.2	 3.063e-02	    67.93	    27.44	     3.28	    12.57	    10.25	  121.56
 11.3	 3.068e-02	    64.11	    27.02	     3.47	    12.92	     9.68	  117.39
 11.4	 3.072e-02	    65.29	    26.71	     3.34	    10.95	     9.90	  116.18
 11.5	 3.078e-02	    65.51	    26.58	     3.60	    11.08	    11.08	  117.90
 11.6	 3.081e-02	    65.64	    26.10	     2.99	    11.05	     9.36	  115.20
 11.7	 3.086e-02	    64.90	    25.08	     3.41	    11.68	    10.03	  115.26
 11.8	 3.090e-02	    65.73	    27.76	     3.21	    11.17	    10.06	  118.06
 11.9	 3.095e-02	    66.49	    26.74	     3.02	     9.49	     9.80	  115.61
 12.0	 3.098e-02	    64.08	    25.62	     3.57	    10.79	     9.49	  113.57
 12.1	 3.102e-02	    66.21	    26.13	     3.06	    11.27	    11.24	  117.93
 12.2	 3.105e-02	    63.44	    27.53	     3.18	    10.66	    10.09	  115.01
 12.3	 3.110e-02	    63.12	    26.80	     3.21	    11.52	    11.20	  116.06
 12.4	 3.114e-02	    63.73	    25.62	     3.60	    10.54	    10.82	  114.50
 12.5	 3.118e-02	    63.31	    24.83	     3.88	    12.67	     8.98	  113.70
 12.6	 3.123e-02	    66.37	    27.66	     3.53	    11.20	    10.95	  119.81
 12.7	 3.127e-02	    67.70	    26.52	     3.60	    12.32	    10.09	  120.32
 12.8	 3.129e-02	    64.36	    26.39	     2.99	    11.08	    10.25	  115.13
 12.9	 3.133e-02	    67.51	    26.23	     3.21	    10.50	     8.59	  116.15
 13.0	 3.138e-02	    67.32	    26.01	     3.28	    11.59	    10.09	  118.35
 13.1	 3.145e-02	    64.46	    23.30	     3.25	    12.19	     9.33	  112.65
 13.2	 3.150e-02	    67.93	    25.62	     3.25	    11.27	     9.36	  117.58
 13.3	 3.162e-02	    64.74	    26.04	     2.71	    12.13	     9.29	  115.01
 13.4	 3.174e-02	    66.91	    28.17	     3.25	    11.05	    10.28	  119.81
 13.5	 3.188e-02	    66.30	    25.91	     2.77	    12.86	     9.96	  117.90
 13.6	 3.201e-02	    66.78	    27.44	     3.37	    10.89	    10.28	  118.95
 13.7	 3.212e-02	    64.84	    26.10	     3.06	    12.06	    10.28	  116.53
 13.8	 3.221e-02	    63.18	    26.80	     3.31	    11.62	    10.03	  115.04
 13.9	 3.230e-02	    68.47	    28.14	     3.02	    11.62	    10.22	  121.53
 14.0	 3.236e-02	    65.64	    26.17	     3.34	    11.59	     9.99	  116.82
 14.1	 3.241e-02	    67.45	    26.29	     3.12	    10.76	    11.24	  119.14
 14.2	 3.248e-02	    67.32	    27.34	     2.93	    12.83	    10.50	  121.09
 14.3	 3.255e-02	    68.75	    27.44	     3.02	    10.15	     9.61	  119.11
 14.4	 3.263e-02	    67.96	    25.27	     2.99	    11.65	     9.64	  117.55
 14.5	 3.270e-02	    65.25	    25.85	     3.41	    12.19	     9.26	  116.12
 14.6	 3.275e-02	    66.65	    27.22	     3.63	    11.11	    10.41	  119.21
 14.7	 3.283e-02	    65.57	    26.32	     3.53	    11.08	     9.84	  116.44
 14.8	 3.290e-02	    65.06	    25.40	     3.09	    12.00	     9.61	  115.26
 14.9	 3.296e-02	    62.55	    26.17	     3.18	    12.35	    10.41	  114.75
 15.0	 3.303e-02	    65.41	    26.90	     2.58	    12.00	     9.52	  116.60
 15.1	 3.310e-02	    65.60	    25.75	     2.93	    11.24	     9.90	  115.58
 15.2	 3.315e-02	    69.20	    26.55	     2.61	    10.98	     9.93	  119.33
 15.3	 3.326e-02	    67.93	    25.34	     4.07	    12.70	     9.87	  120.03
 15.4	 3.330e-02	    66.02	    26.10	     4.01	    11.65	     9.64	  117.52
 15.5	 3.341e-02	    63.38	    26.42	     2.45	    12.48	    11.01	  115.93
 15.6	 3.346e-02	    62.96	    25.78	     3.21	    11.27	    10.63	  114.02
 15.7	 3.356e-02	    63.82	    26.36	     3.15	    11.14	    10.79	  115.42
 15.8	 3.362e-02	    62.29	    26.10	     3.47	    11.87	     9.42	  113.19
 15.9	 3.370e-02	    66.94	    24.73	     2.61	    11.62	     9.61	  115.55
 16.0	 3.377e-02	    64.90	    28.20	     3.44	    10.89	    10.25	  117.81
 16.1	 3.385e-02	    67.23	    25.31	     3.37	    10.19	     9.42	  115.71
 16.2	 3.395e-02	    65.99	    25.81	     3.21	    11.24	     9.58	  115.86
 16.3	 3.403e-02	    64.46	    24.86	     3.47	    11.49	     8.66	  113.00
 16.4	 3.412e-02	    66.69	    25.59	     3.31	    10.41	     8.91	  115.13
 16.5	 3.419e-02	    68.05	    25.66	     3.69	    11.81	     9.87	  119.24
 16.6	 3.430e-02	    66.49	    25.97	     3.53	     9.68	    10.79	  116.57
 16.7	 3.437e-02	    67.20	    25.27	     2.36	    11.94	     9.26	  116.31
 16.8	 3.446e-02	    62.99	    24.76	     3.41	    10.76	     8.88	  110.93
 16.9	 3.454e-02	    66.14	    24.99	     3.76	    11.30	     9.20	  115.61
 17.0	 3.464e-02	    65.06	    26.42	     3.60	    10.47	     9.99	  115.83
 17.1	 3.472e-02	    64.17	    25.08	     3.18	    10.70	    10.57	  113.86
 17.2	 3.480e-02	    66.75	    27.22	     3.60	    11.14	     9.42	  118.22
 17.3	 3.487e-02	    65.64	    25.37	     3.47	    10.54	     9.07	  114.27
 17.4	 3.497e-02	    66.27	    26.26	     3.41	    11.68	     9.01	  116.79
 17.5	 3.507e-02	    65.00	    24.83	     3.47	    10.92	     8.98	  113.38
 17.6	 3.516e-02	    68.40	    25.94	     3.41	    11.36	     9.52	  118.70
 17.7	 3.526e-02	    63.98	    24.80	     3.18	    12.16	     9.45	  113.73
 17.8	 3.534e-02	    66.02	    25.88	     3.41	    11.20	     9.26	  115.90
 17.9	 3.543e-02	    65.73	    24.76	     4.04	    11.78	    10.19	  116.53
 18.0	 3.554e-02	    66.43	    22.57	     2.86	    11.20	     9.49	  112.62
 18.1	 3.561e-02	    68.72	    25.37	     3.15	    11.97	     8.37	  117.74
 18.2	 3.572e-02	    63.88	    22.85	     3.53	    10.60	     9.33	  110.36
 18.3	 3.580e-02	    65.38	    24.29	     3.95	    12.25	     9.45	  115.42
 18.4	 3.593e-02	    63.76	    25.08	     3.41	    12.76	     9.36	  114.37
 18.5	 3.605e-02	    69.33	    25.34	     3.79	    12.86	     9.14	  120.70
 18.6	 3.618e-02	    68.31	    26.13	     3.12	    11.24	     9.74	  118.60
 18.7	 3.630e-02	    66.72	    23.78	     2.99	    12.45	     9.39	  115.55
 18.8	 3.648e-02	    68.31	    25.97	     3.21	    13.05	     9.42	  120.00
 18.9	 3.665e-02	    67.32	    23.75	     4.23	    11.46	     8.66	  115.64
 19.0	 3.680e-02	    67.90	    24.45	     3.34	    12.70	     9.26	  117.77
 19.1	 3.698e-02	    63.47	    24.86	     3.25	    11.71	     9.10	  112.49
 19.2	 3.714e-02	    69.68	    24.86	     3.63	    11.68	     8.37	  118.35
 19.3	 3.726e-02	    69.84	    23.71	     3.60	    12.25	     9.04	  118.57
 19.4	 3.743e-02	    70.19	    23.46	     3.76	    12.64	     8.50	  118.67
 19.5	 3.758e-02	    69.90	    24.19	     2.86	    12.22	     9.99	  119.24
 19.6	 3.774e-02	    69.26	    23.78	     3.79	    14.32	     8.53	  119.81
 19.7	 3.789e-02	    67.80	    24.64	     2.61	    12.19	     8.31	  115.67
 19.8	 3.806e-02	    70.25	    24.89	     3.44	    12.13	     8.59	  119.40
 19.9	 3.824e-02	    69.55	    24.13	     3.92	    12.00	     9.14	  118.83
 20.0	 3.844e-02	    66.49	    25.08	     4.14	    11.78	     9.45	  117.01
 20.1	 3.862e-02	    68.37	    22.92	     3.31	    11.71	     9.04	  115.39
 20.2	 3.878e-02	    69.14	    25.21	     3.82	    12.06	     9.17	  119.43
 20.3	 3.897e-02	    69.93	    25.81	     3.09	    12.41	     8.98	  120.35
 20.4	 3.913e-02	    68.37	    24.83	     3.06	    11.55	     8.85	  116.72
 20.5	 3.927e-02	    70.66	    22.95	     3.82	    12.48	     8.66	  118.70
 20.6	 3.944e-02	    71.62	    24.41	     3.98	    11.94	     8.53	  120.51
 20.7	 3.965e-02	    71.75	    25.40	     3.76	    12.41	     8.91	  122.36
 20.8	 3.985e-02	    69.14	    22.98	     3.37	    11.05	     9.33	  115.93
 20.9	 4.007e-02	    71.27	    24.35	     3.02	    12.41	     7.48	  118.63
 21.0	 4.030e-02	    72.10	    23.75	     3.34	    12.03	     8.53	  119.84
 21.1	 4.055e-02	    72.26	    23.33	     3.12	    11.08	     7.80	  117.77
 21.2	 4.082e-02	    68.98	    24.41	     3.72	    11.94	     8.02	  117.14
 21.3	 4.109e-02	    70.82	    23.43	     3.28	    12.64	     8.09	  118.51
 21.4	 4.139e-02	    69.81	    23.84	     3.76	    11.94	     7.83	  117.27
 21.5	 4.168e-02	    72.73	    22.15	     3.09	    11.90	     8.18	  118.32
 21.6	 4.199e-02	    73.08	    21.96	     3.50	    12.61	     7.13	  118.38
 21.7	 4.229e-02	    73.21	    23.81	     3.60	    10.60	     8.18	  119.56
 21.8	 4.261e-02	    74.13	    22.92	     3.28	    12.86	     9.07	  122.45
 21.9	 4.296e-02	    69.52	    23.59	     3.82	    12.29	     8.47	  117.87
 22.0	 4.332e-02	    74.93	    22.31	     4.04	    13.62	     7.99	  123.03
 22.1	 4.370e-02	    75.73	    23.30	     3.82	    13.53	     7.58	  124.08
 22.2	 4.412e-02	    74.52	    22.66	     3.37	    12.41	     7.61	  120.67
 22.3	 4.455e-02	    78.34	    23.36	     3.76	    13.21	     8.85	  127.58
 22.4	 4.497e-02	    76.81	    20.56	     4.20	    13.69	     7.93	  123.28
 22.5	 4.542e-02	    77.70	    21.29	     4.04	    12.03	     7.96	  123.12
 22.6	 4.591e-02	    79.39	    23.05	     3.88	    13.27	     7.99	  127.77
 22.7	 4.643e-02	    77.67	    21.77	     3.88	    13.75	     6.72	  123.85
 22.8	 4.696e-02	    80.47	    21.58	     3.69	    12.35	     8.37	  126.62
 22.9	 4.751e-02	    82.03	    21.80	     4.93	    15.15	     7.07	  131.14
 23.0	 4.810e-02	    82.89	    20.31	     4.23	    13.62	     7.38	  128.53
 23.1	 4.873e-02	    86.13	    20.98	     4.65	    14.83	     7.03	  133.72
 23.2	 4.940e-02	    83.02	    20.18	     4.07	    13.24	     7.42	  128.09
 23.3	 5.010e-02	    87.47	    19.83	     3.98	    12.29	     7.29	  130.95
 23.4	 5.085e-02	    89.86	    18.81	     4.39	    13.66	     6.30	  133.18
 23.5	 5.164e-02	    87.41	    17.03	     4.58	    15.25	     6.88	  131.18
 23.6	 5.249e-02	    95.17	    17.83	     5.44	    13.21	     5.70	  137.48
 23.7	 5.340e-02	    97.18	    17.19	     4.30	    15.82	     5.57	  140.15
 23.8	 5.439e-02	    95.88	    16.93	     5.00	    12.86	     5.51	  136.27
 23.9	 5.545e-02	    98.96	    16.23	     5.38	    13.85	     5.54	  140.09
 24.0	 5.662e-02	   100.55	    13.94	     4.49	    14.55	     4.81	  138.43
 24.1	 5.785e-02	   100.94	    16.01	     4.55	    15.31	     4.27	  141.17
 24.2	 5.925e-02	   108.35	    12.67	     3.85	    13.18	     4.33	  142.51
 24.3	 6.078e-02	   113.16	    12.06	     4.97	    12.80	     3.85	  146.96
 24.4	 6.246e-02	   114.85	    11.75	     5.67	    13.02	     2.58	  147.89
 24.5	 6.439e-02	   114.50	    11.49	     5.19	    12.45	     2.45	  146.07
 24.6	 6.656e-02	   115.99	    10.82	     5.67	    12.54	     2.07	  147.19
 24.7	 6.903e-02	   122.14	     8.21	     5.44	    10.92	     0.99	  147.73
 24.8	 7.187e-02	   123.09	     7.51	     4.55	    10.22	     1.11	  146.65
 24.9	 7.518e-02	   127.39	     5.95	     5.16	     7.99	     0.80	  147.50
 25.0	 7.910e-02	   121.05	     4.17	     4.84	     9.33	     0.19	  139.64
 25.1	 8.383e-02	   122.04	     3.60	     3.69	     6.59	     0.32	  136.30
 25.2	 8.947e-02	   115.01	     2.23	     3.34	     5.22	     0.22	  126.18
 25.3	 9.600e-02	   102.91	     1.21	     2.55	     4.62	     0.06	  111.47
 25.4	 1.030e-01	    87.50	     0.86	     1.62	     5.28	     0.13	   95.65
 25.5	 1.092e-01	    68.85	     0.70	     0.92	     4.17	     0.10	   75.03
 25.6	 1.128e-01	    50.07	     0.73	     0.70	     3.92	     0.03	   55.74
 25.7	 1.112e-01	    35.05	     0.51	     0.32	     3.79	     0.03	   39.98
 25.8	 1.028e-01	    21.29	     0.41	     0.25	     2.71	     0.03	   24.92
 25.9	 8.755e-02	    13.91	     0.54	     0.13	     2.20	     0.10	   17.03
 26.0	 6.751e-02	     8.05	     0.48	     0.10	     0.64	     0.03	    9.36
 26.1	 4.664e-02	     4.62	     0.67	     0.10	     0.60	     0.19	    6.30
 26.2	 2.858e-02	     3.02	     0.48	     0.00	     0.41	     0.16	    4.14
 26.3	 1.532e-02	     2.74	     0.54	     0.00	     0.32	     0.13	    3.72
 26.4	 7.203e-03	     2.61	     0.67	     0.00	     0.19	     0.00	    3.47
 26.5	 2.994e-03	     2.29	     0.54	     0.00	     0.25	     0.06	    3.15
 26.6	 1.144e-03	     2.23	     0.29	     0.03	     0.22	     0.10	    2.86
 26.7	 4.562e-04	     2.07	     0.51	     0.10	     0.06	     0.03	    2.77
 26.8	 2.524e-04	     2.48	     0.73	     0.03	     0.22	     0.10	    3.57
 26.9	 2.026e-04	     2.23	     0.57	     0.03	     0.19	     0.03	    3.06
 27.0	 1.841e-04	     1.53	     0.64	     0.00	     0.16	     0.03	    2.36
 27.1	 1.850e-04	     1.91	     0.57	     0.00	     0.22	     0.06	    2.77
 27.2	 1.817e-04	     2.45	     0.57	     0.00	     0.16	     0.16	    3.34
 27.3	 1.862e-04	     2.20	     0.45	     0.03	     0.22	     0.03	    2.93
 27.4	 1.816e-04	     1.81	     0.51	     0.16	     0.13	     0.03	    2.64
 27.5	 1.812e-04	     2.39	     0.45	     0.03	     0.22	     0.32	    3.41
 27.6	 1.806e-04	     1.75	     0.32	     0.03	     0.29	     0.13	    2.51
 27.7	 1.784e-04	     2.55	     0.41	     0.10	     0.10	     0.00	    3.15
 27.8	 1.751e-04	     2.16	     0.41	     0.00	     0.25	     0.10	    2.93
 27.9	 1.738e-04	     2.07	     0.22	     0.13	     0.25	     0.03	    2.71
 28.0	 1.728e-04	     1.85	     0.60	     0.00	     0.45	     0.06	    2.96
 28.1	 1.716e-04	     2.51	     0.48	     0.00	     0.32	     0.13	    3.44
 28.2	 1.716e-04	     1.69	     0.32	     0.00	     0.19	     0.03	    2.23
 28.3	 1.693e-04	     1.97	     0.57	     0.03	     0.22	     0.06	    2.86
 28.4	 1.676e-04	     2.10	     0.60	     0.06	     0.16	     0.00	    2.93
 28.5	 1.634e-04	     2.10	     0.51	     0.03	     0.16	     0.00	    2.80
 28.6	 1.635e-04	     2.04	     0.51	     0.10	     0.16	     0.06	    2.86
 28.7	 1.640e-04	     1.88	     0.57	     0.03	     0.13	     0.03	    2.64
 28.8	 1.637e-04	     1.78	     0.48	     0.13	     0.16	     0.19	    2.74
 28.9	 1.603e-04	     1.81	     0.57	     0.06	     0.13	     0.06	    2.64
 29.0	 1.597e-04	     1.78	     0.29	     0.00	     0.22	     0.03	    2.32
 29.1	 1.609e-04	     1.27	     0.32	     0.03	     0.10	     0.06	    1.78
 29.2	 1.610e-04	     1.85	     0.38	     0.10	     0.10	     0.03	    2.45
 29.3	 1.569e-04	     1.50	     0.51	     0.03	     0.19	     0.06	    2.29
 29.4	 1.561e-04	     2.16	     0.41	     0.00	     0.16	     0.00	    2.74
 29.5	 1.571e-04	     2.04	     0.25	     0.03	     0.16	     0.00	    2.48
 29.6	 1.598e-04	     2.23	     0.48	     0.03	     0.38	     0.13	    3.25
 29.7	 1.601e-04	     2.10	     0.51	     0.06	     0.22	     0.03	    2.93
 29.8	 1.524e-04	     1.46	     0.41	     0.10	     0.06	     0.06	    2.10
 29.9	 1.496e-04	     1.94	     0.35	     0.00	     0.32	     0.06	    2.67
 30.0	 1.485e-04	     0.00	     0.00	     0.00	     0.00	     0.00	    0.00
