 z		  Dose		 (O14)Con.	(C10)Con.	(N13)Con.	(C11)Con.	(O15)Con.	tot.con.	(C10)Act	(C11)Act	(N13)Act	(O14)Act	(O15)Act	tot.act.	long.act.	tot.act.(2min)
(cm)	   (mGy)																 (1/cm3)															mCi/proj	
 0.1	 1.146e+00	   152.47	   506.50	   539.89	  1270.95	  2916.29	 5392.75	 9.8378e-16	 3.9031e-17	 3.3832e-17	 8.0918e-17	 8.9386e-16	 2.7191e-14	 1.0479e-15	 5.5700e-16
 0.2	 1.158e+00	   154.86	   521.52	   541.38	  1271.24	  2951.94	 5446.92	 1.0130e-15	 3.9040e-17	 3.3926e-17	 8.2185e-17	 9.0479e-16	 2.5147e-14	 1.0602e-15	 5.6338e-16
 0.3	 1.167e+00	   158.14	   534.38	   552.55	  1272.86	  2955.70	 5479.01	 1.0379e-15	 3.9089e-17	 3.4626e-17	 8.3925e-17	 9.0594e-16	 1.9616e-14	 1.0638e-15	 5.6542e-16
 0.4	 1.175e+00	   155.49	   527.44	   540.43	  1269.52	  2926.93	 5425.06	 1.0245e-15	 3.8987e-17	 3.3866e-17	 8.2523e-17	 8.9712e-16	 2.2927e-14	 1.0527e-15	 5.5961e-16
 0.5	 1.181e+00	   159.47	   531.39	   546.89	  1280.02	  2918.71	 5443.10	 1.0321e-15	 3.9309e-17	 3.4271e-17	 8.4635e-17	 8.9461e-16	 2.7383e-14	 1.0530e-15	 5.5979e-16
 0.6	 1.187e+00	   152.69	   503.95	   539.60	  1288.07	  2956.50	 5448.58	 9.7883e-16	 3.9557e-17	 3.3814e-17	 8.1037e-17	 9.0619e-16	 3.0813e-14	 1.0611e-15	 5.6378e-16
 0.7	 1.193e+00	   154.70	   529.35	   554.59	  1300.93	  2982.15	 5528.35	 1.0282e-15	 3.9952e-17	 3.4753e-17	 8.2101e-17	 9.1405e-16	 2.5313e-14	 1.0714e-15	 5.6989e-16
 0.8	 1.198e+00	   165.49	   526.01	   558.19	  1296.73	  2952.64	 5504.89	 1.0217e-15	 3.9823e-17	 3.4979e-17	 8.7828e-17	 9.0501e-16	 2.3357e-14	 1.0679e-15	 5.6698e-16
 0.9	 1.203e+00	   149.76	   527.41	   557.62	  1291.26	  2993.48	 5524.40	 1.0244e-15	 3.9654e-17	 3.4943e-17	 7.9482e-17	 9.1752e-16	 2.0861e-14	 1.0719e-15	 5.7055e-16
 1.0	 1.207e+00	   164.73	   519.07	   548.99	  1300.68	  2966.52	 5505.91	 1.0082e-15	 3.9944e-17	 3.4402e-17	 8.7422e-17	 9.0926e-16	 2.2930e-14	 1.0714e-15	 5.6845e-16
 1.1	 1.212e+00	   160.08	   523.52	   549.31	  1296.70	  2991.96	 5528.06	 1.0169e-15	 3.9822e-17	 3.4422e-17	 8.4956e-17	 9.1705e-16	 2.5168e-14	 1.0766e-15	 5.7168e-16
 1.2	 1.216e+00	   151.96	   515.66	   540.78	  1300.39	  2976.65	 5491.10	 1.0016e-15	 3.9935e-17	 3.3888e-17	 8.0648e-17	 9.1236e-16	 2.1807e-14	 1.0673e-15	 5.6740e-16
 1.3	 1.220e+00	   159.57	   533.20	   562.39	  1286.83	  3029.13	 5577.91	 1.0356e-15	 3.9519e-17	 3.5242e-17	 8.4686e-17	 9.2845e-16	 2.7283e-14	 1.0881e-15	 5.7803e-16
 1.4	 1.225e+00	   151.17	   527.57	   554.91	  1295.75	  3025.09	 5559.76	 1.0247e-15	 3.9792e-17	 3.4773e-17	 8.0226e-17	 9.2721e-16	 2.0594e-14	 1.0823e-15	 5.7568e-16
 1.5	 1.228e+00	   160.97	   530.81	   561.98	  1275.63	  2999.88	 5535.48	 1.0310e-15	 3.9174e-17	 3.5216e-17	 8.5429e-17	 9.1948e-16	 2.6853e-14	 1.0794e-15	 5.7328e-16
 1.6	 1.232e+00	   154.64	   530.18	   541.89	  1281.45	  3048.20	 5561.29	 1.0298e-15	 3.9353e-17	 3.3958e-17	 8.2067e-17	 9.3429e-16	 2.1441e-14	 1.0899e-15	 5.7876e-16
 1.7	 1.235e+00	   160.71	   526.61	   551.41	  1296.29	  3044.16	 5585.58	 1.0229e-15	 3.9809e-17	 3.4554e-17	 8.5294e-17	 9.3306e-16	 2.5051e-14	 1.0931e-15	 5.8008e-16
 1.8	 1.239e+00	   153.78	   512.92	   559.68	  1321.31	  3033.91	 5588.76	 9.9627e-16	 4.0577e-17	 3.5073e-17	 8.1611e-17	 9.2991e-16	 2.7799e-14	 1.0876e-15	 5.7821e-16
 1.9	 1.243e+00	   163.52	   521.14	   553.19	  1316.88	  3033.05	 5594.75	 1.0122e-15	 4.0441e-17	 3.4666e-17	 8.6780e-17	 9.2965e-16	 3.0043e-14	 1.0918e-15	 5.7936e-16
 2.0	 1.246e+00	   164.82	   527.82	   542.43	  1311.12	  3023.37	 5576.92	 1.0252e-15	 4.0264e-17	 3.3991e-17	 8.7473e-17	 9.2668e-16	 2.9358e-14	 1.0889e-15	 5.7755e-16
 2.1	 1.250e+00	   154.32	   520.09	   561.21	  1317.64	  3037.70	 5598.95	 1.0102e-15	 4.0465e-17	 3.5168e-17	 8.1898e-17	 9.3107e-16	 3.0177e-14	 1.0891e-15	 5.7910e-16
 2.2	 1.253e+00	   159.00	   532.47	   555.96	  1312.11	  3082.26	 5648.45	 1.0342e-15	 4.0295e-17	 3.4839e-17	 8.4381e-17	 9.4473e-16	 2.4101e-14	 1.1047e-15	 5.8658e-16
 2.3	 1.256e+00	   159.31	   512.70	   561.37	  1317.74	  3066.44	 5624.38	 9.9583e-16	 4.0468e-17	 3.5178e-17	 8.4550e-17	 9.3988e-16	 2.8228e-14	 1.1003e-15	 5.8410e-16
 2.4	 1.260e+00	   154.28	   529.48	   551.76	  1296.89	  3068.83	 5609.04	 1.0284e-15	 3.9827e-17	 3.4576e-17	 8.1881e-17	 9.4062e-16	 3.1733e-14	 1.0971e-15	 5.8299e-16
 2.5	 1.263e+00	   157.88	   529.35	   554.81	  1316.53	  3055.62	 5620.66	 1.0282e-15	 4.0431e-17	 3.4767e-17	 8.3790e-17	 9.3657e-16	 2.3808e-14	 1.0959e-15	 5.8219e-16
 2.6	 1.266e+00	   158.68	   529.32	   571.30	  1282.63	  3045.62	 5594.68	 1.0281e-15	 3.9390e-17	 3.5801e-17	 8.4212e-17	 9.3350e-16	 2.7419e-14	 1.0933e-15	 5.8076e-16
 2.7	 1.270e+00	   166.09	   525.47	   569.55	  1323.25	  3086.53	 5676.23	 1.0206e-15	 4.0637e-17	 3.5691e-17	 8.8149e-17	 9.4604e-16	 2.1175e-14	 1.1109e-15	 5.8921e-16
 2.8	 1.273e+00	   168.39	   519.26	   548.58	  1298.23	  3065.90	 5605.82	 1.0086e-15	 3.9869e-17	 3.4376e-17	 8.9365e-17	 9.3972e-16	 2.1433e-14	 1.1037e-15	 5.8436e-16
 2.9	 1.276e+00	   160.87	   521.58	   570.28	  1318.22	  3092.32	 5669.10	 1.0131e-15	 4.0482e-17	 3.5737e-17	 8.5378e-17	 9.4782e-16	 2.4224e-14	 1.1097e-15	 5.8906e-16
 3.0	 1.279e+00	   156.99	   539.63	   586.20	  1319.33	  3082.61	 5689.67	 1.0481e-15	 4.0517e-17	 3.6734e-17	 8.3317e-17	 9.4484e-16	 1.9529e-14	 1.1057e-15	 5.8824e-16
 3.1	 1.282e+00	   156.32	   536.07	   572.83	  1327.70	  3092.16	 5691.58	 1.0412e-15	 4.0774e-17	 3.5896e-17	 8.2962e-17	 9.4777e-16	 2.7308e-14	 1.1076e-15	 5.8910e-16
 3.2	 1.285e+00	   165.46	   531.07	   565.45	  1311.82	  3109.64	 5690.40	 1.0315e-15	 4.0286e-17	 3.5434e-17	 8.7811e-17	 9.5312e-16	 2.7725e-14	 1.1171e-15	 5.9238e-16
 3.3	 1.288e+00	   159.35	   532.34	   563.70	  1317.87	  3096.46	 5676.11	 1.0340e-15	 4.0472e-17	 3.5324e-17	 8.4567e-17	 9.4908e-16	 2.5218e-14	 1.1098e-15	 5.8941e-16
 3.4	 1.291e+00	   164.95	   521.14	   560.07	  1311.31	  3121.76	 5686.61	 1.0122e-15	 4.0270e-17	 3.5097e-17	 8.7540e-17	 9.5684e-16	 2.9237e-14	 1.1202e-15	 5.9363e-16
 3.5	 1.294e+00	   160.78	   526.04	   562.90	  1305.49	  3070.67	 5632.18	 1.0217e-15	 4.0091e-17	 3.5274e-17	 8.5327e-17	 9.4118e-16	 2.6032e-14	 1.1022e-15	 5.8506e-16
 3.6	 1.297e+00	   164.12	   528.17	   550.87	  1304.12	  3113.49	 5667.54	 1.0259e-15	 4.0049e-17	 3.4520e-17	 8.7101e-17	 9.5430e-16	 2.5772e-14	 1.1164e-15	 5.9165e-16
 3.7	 1.299e+00	   156.10	   541.67	   570.28	  1321.27	  3104.77	 5699.38	 1.0521e-15	 4.0576e-17	 3.5737e-17	 8.2844e-17	 9.5163e-16	 2.2457e-14	 1.1109e-15	 5.9077e-16
 3.8	 1.302e+00	   167.97	   530.34	   568.82	  1308.99	  3097.06	 5680.24	 1.0301e-15	 4.0199e-17	 3.5645e-17	 8.9145e-17	 9.4927e-16	 2.9250e-14	 1.1145e-15	 5.9089e-16
 3.9	 1.305e+00	   162.66	   530.72	   566.46	  1304.69	  3106.74	 5677.63	 1.0308e-15	 4.0067e-17	 3.5497e-17	 8.6324e-17	 9.5224e-16	 2.3274e-14	 1.1147e-15	 5.9131e-16
 4.0	 1.308e+00	   157.21	   532.76	   571.94	  1346.77	  3119.89	 5734.20	 1.0348e-15	 4.1359e-17	 3.5841e-17	 8.3435e-17	 9.5627e-16	 2.2863e-14	 1.1171e-15	 5.9391e-16
 4.1	 1.311e+00	   158.93	   532.31	   569.78	  1307.43	  3114.79	 5688.74	 1.0339e-15	 4.0151e-17	 3.5705e-17	 8.4348e-17	 9.5470e-16	 2.1748e-14	 1.1153e-15	 5.9218e-16
 4.2	 1.313e+00	   158.26	   525.66	   564.17	  1314.05	  3147.99	 5715.70	 1.0210e-15	 4.0354e-17	 3.5354e-17	 8.3993e-17	 9.6488e-16	 2.1606e-14	 1.1248e-15	 5.9689e-16
 4.3	 1.316e+00	   160.11	   526.87	   562.77	  1310.61	  3130.80	 5698.99	 1.0233e-15	 4.0249e-17	 3.5266e-17	 8.4973e-17	 9.5961e-16	 2.9527e-14	 1.1208e-15	 5.9460e-16
 4.4	 1.319e+00	   166.79	   540.17	   562.49	  1305.71	  3137.90	 5718.41	 1.0492e-15	 4.0098e-17	 3.5248e-17	 8.8520e-17	 9.6179e-16	 2.2330e-14	 1.1258e-15	 5.9676e-16
 4.5	 1.321e+00	   162.18	   529.41	   569.58	  1307.84	  3120.33	 5694.73	 1.0283e-15	 4.0164e-17	 3.5693e-17	 8.6071e-17	 9.5640e-16	 2.1607e-14	 1.1186e-15	 5.9347e-16
 4.6	 1.324e+00	   161.29	   520.25	   564.87	  1319.20	  3145.25	 5717.42	 1.0105e-15	 4.0513e-17	 3.5398e-17	 8.5598e-17	 9.6404e-16	 2.6045e-14	 1.1260e-15	 5.9712e-16
 4.7	 1.327e+00	   151.93	   536.86	   573.95	  1325.76	  3135.23	 5729.77	 1.0428e-15	 4.0714e-17	 3.5966e-17	 8.0631e-17	 9.6097e-16	 2.4818e-14	 1.1186e-15	 5.9508e-16
 4.8	 1.329e+00	   160.27	   516.49	   570.19	  1320.13	  3142.96	 5716.02	 1.0032e-15	 4.0541e-17	 3.5731e-17	 8.5057e-17	 9.6334e-16	 2.2422e-14	 1.1249e-15	 5.9673e-16
 4.9	 1.332e+00	   160.71	   523.56	   576.27	  1336.14	  3141.40	 5743.14	 1.0169e-15	 4.1033e-17	 3.6112e-17	 8.5294e-17	 9.6286e-16	 1.9935e-14	 1.1256e-15	 5.9751e-16
 5.0	 1.335e+00	   158.17	   531.01	   577.19	  1313.98	  3119.54	 5706.54	 1.0314e-15	 4.0352e-17	 3.6170e-17	 8.3942e-17	 9.5616e-16	 2.7585e-14	 1.1170e-15	 5.9340e-16
 5.1	 1.337e+00	   154.13	   528.30	   570.48	  1325.63	  3151.56	 5735.92	 1.0261e-15	 4.0710e-17	 3.5749e-17	 8.1797e-17	 9.6597e-16	 2.3974e-14	 1.1245e-15	 5.9756e-16
 5.2	 1.340e+00	   160.33	   530.94	   564.84	  1311.15	  3137.58	 5710.74	 1.0313e-15	 4.0265e-17	 3.5396e-17	 8.5091e-17	 9.6169e-16	 2.4394e-14	 1.1227e-15	 5.9574e-16
 5.3	 1.342e+00	   154.32	   525.98	   574.80	  1321.43	  3157.29	 5740.06	 1.0216e-15	 4.0581e-17	 3.6020e-17	 8.1898e-17	 9.6773e-16	 2.3415e-14	 1.1266e-15	 5.9854e-16
 5.4	 1.344e+00	   162.56	   515.82	   571.75	  1302.37	  3148.21	 5706.44	 1.0019e-15	 3.9996e-17	 3.5829e-17	 8.6273e-17	 9.6495e-16	 2.2979e-14	 1.1274e-15	 5.9750e-16
 5.5	 1.347e+00	   164.60	   524.77	   582.16	  1335.88	  3147.96	 5760.90	 1.0193e-15	 4.1025e-17	 3.6481e-17	 8.7355e-17	 9.6487e-16	 2.2582e-14	 1.1300e-15	 5.9953e-16
 5.6	 1.349e+00	   156.16	   530.53	   572.26	  1331.59	  3185.33	 5781.82	 1.0305e-15	 4.0893e-17	 3.5861e-17	 8.2878e-17	 9.7632e-16	 2.4129e-14	 1.1363e-15	 6.0348e-16
 5.7	 1.352e+00	   156.74	   531.83	   562.84	  1326.37	  3187.49	 5771.73	 1.0330e-15	 4.0733e-17	 3.5270e-17	 8.3182e-17	 9.7699e-16	 2.5383e-14	 1.1365e-15	 6.0327e-16
 5.8	 1.354e+00	   154.48	   520.41	   571.88	  1335.06	  3141.08	 5728.85	 1.0108e-15	 4.1000e-17	 3.5837e-17	 8.1983e-17	 9.6276e-16	 2.3678e-14	 1.1220e-15	 5.9615e-16
 5.9	 1.357e+00	   161.83	   534.76	   574.20	  1327.70	  3197.04	 5802.44	 1.0387e-15	 4.0774e-17	 3.5982e-17	 8.5885e-17	 9.7992e-16	 2.7202e-14	 1.1429e-15	 6.0635e-16
 6.0	 1.359e+00	   164.31	   516.52	   579.80	  1318.92	  3161.01	 5749.60	 1.0033e-15	 4.0504e-17	 3.6333e-17	 8.7203e-17	 9.6887e-16	 3.2439e-14	 1.1335e-15	 6.0088e-16
 6.1	 1.361e+00	   162.05	   529.06	   574.74	  1315.54	  3179.73	 5766.95	 1.0276e-15	 4.0400e-17	 3.6016e-17	 8.6003e-17	 9.7461e-16	 2.4127e-14	 1.1373e-15	 6.0317e-16
 6.2	 1.364e+00	   165.74	   513.69	   566.46	  1320.35	  3182.05	 5754.35	 9.9775e-16	 4.0548e-17	 3.5497e-17	 8.7963e-17	 9.7532e-16	 2.4655e-14	 1.1397e-15	 6.0346e-16
 6.3	 1.366e+00	   158.01	   531.51	   576.87	  1313.48	  3169.54	 5753.71	 1.0324e-15	 4.0337e-17	 3.6150e-17	 8.3858e-17	 9.7149e-16	 1.7038e-14	 1.1321e-15	 6.0098e-16
 6.4	 1.368e+00	   167.34	   521.90	   581.39	  1338.84	  3196.53	 5812.25	 1.0137e-15	 4.1116e-17	 3.6433e-17	 8.8807e-17	 9.7976e-16	 2.3844e-14	 1.1466e-15	 6.0755e-16
 6.5	 1.371e+00	   158.61	   526.80	   572.99	  1323.09	  3181.16	 5768.51	 1.0232e-15	 4.0632e-17	 3.5906e-17	 8.4179e-17	 9.7505e-16	 2.3287e-14	 1.1362e-15	 6.0293e-16
 6.6	 1.373e+00	   159.12	   520.82	   568.57	  1307.01	  3229.16	 5790.25	 1.0116e-15	 4.0138e-17	 3.5629e-17	 8.4449e-17	 9.8976e-16	 2.3707e-14	 1.1501e-15	 6.0953e-16
 6.7	 1.375e+00	   158.26	   536.51	   587.44	  1313.00	  3186.09	 5787.32	 1.0421e-15	 4.0322e-17	 3.6812e-17	 8.3993e-17	 9.7656e-16	 2.3864e-14	 1.1380e-15	 6.0436e-16
 6.8	 1.378e+00	   165.39	   530.08	   563.73	  1309.46	  3203.73	 5779.21	 1.0296e-15	 4.0214e-17	 3.5326e-17	 8.7777e-17	 9.8196e-16	 2.6083e-14	 1.1457e-15	 6.0678e-16
 6.9	 1.380e+00	   158.36	   534.41	   589.03	  1327.54	  3208.57	 5823.07	 1.0380e-15	 4.0769e-17	 3.6912e-17	 8.4044e-17	 9.8345e-16	 1.9558e-14	 1.1454e-15	 6.0825e-16
 7.0	 1.382e+00	   168.10	   514.77	   564.59	  1317.04	  3165.28	 5737.29	 9.9985e-16	 4.0446e-17	 3.5380e-17	 8.9213e-17	 9.7018e-16	 2.9379e-14	 1.1355e-15	 6.0110e-16
 7.1	 1.385e+00	   160.78	   534.38	   567.90	  1308.19	  3193.99	 5771.31	 1.0379e-15	 4.0174e-17	 3.5587e-17	 8.5327e-17	 9.7898e-16	 2.4835e-14	 1.1404e-15	 6.0476e-16
 7.2	 1.387e+00	   163.26	   526.23	   558.76	  1322.48	  3180.01	 5757.91	 1.0221e-15	 4.0613e-17	 3.5015e-17	 8.6645e-17	 9.7470e-16	 2.9681e-14	 1.1372e-15	 6.0272e-16
 7.3	 1.389e+00	   170.68	   517.92	   578.88	  1314.56	  3188.13	 5777.17	 1.0060e-15	 4.0370e-17	 3.6275e-17	 9.0581e-17	 9.7718e-16	 2.7032e-14	 1.1448e-15	 6.0587e-16
 7.4	 1.392e+00	   166.79	   529.51	   555.61	  1320.64	  3212.83	 5790.89	 1.0285e-15	 4.0557e-17	 3.4817e-17	 8.8520e-17	 9.8475e-16	 2.1915e-14	 1.1489e-15	 6.0817e-16
 7.5	 1.394e+00	   168.16	   516.62	   576.33	  1335.98	  3188.54	 5790.63	 1.0034e-15	 4.1028e-17	 3.6116e-17	 8.9247e-17	 9.7731e-16	 2.0217e-14	 1.1439e-15	 6.0583e-16
 7.6	 1.396e+00	   160.08	   533.14	   567.52	  1330.38	  3200.99	 5799.20	 1.0355e-15	 4.0856e-17	 3.5563e-17	 8.4956e-17	 9.8113e-16	 2.6643e-14	 1.1429e-15	 6.0637e-16
 7.7	 1.398e+00	   159.57	   516.33	   564.20	  1316.50	  3185.78	 5749.70	 1.0029e-15	 4.0430e-17	 3.5356e-17	 8.4686e-17	 9.7646e-16	 2.9523e-14	 1.1373e-15	 6.0291e-16
 7.8	 1.400e+00	   163.74	   525.94	   577.57	  1332.38	  3221.39	 5827.02	 1.0216e-15	 4.0917e-17	 3.6194e-17	 8.6899e-17	 9.8738e-16	 2.4969e-14	 1.1516e-15	 6.1049e-16
 7.9	 1.403e+00	   162.62	   519.29	   571.81	  1313.03	  3217.19	 5790.03	 1.0086e-15	 4.0323e-17	 3.5833e-17	 8.6307e-17	 9.8609e-16	 2.3008e-14	 1.1491e-15	 6.0865e-16
 8.0	 1.405e+00	   163.96	   527.03	   581.55	  1314.43	  3220.53	 5814.03	 1.0237e-15	 4.0366e-17	 3.6443e-17	 8.7017e-17	 9.8712e-16	 2.5110e-14	 1.1514e-15	 6.1018e-16
 8.1	 1.407e+00	   167.34	   513.34	   567.26	  1328.88	  3239.44	 5821.67	 9.9707e-16	 4.0810e-17	 3.5547e-17	 8.8807e-17	 9.9291e-16	 2.0087e-14	 1.1585e-15	 6.1289e-16
 8.2	 1.409e+00	   163.48	   514.80	   573.44	  1326.02	  3206.08	 5790.00	 9.9991e-16	 4.0722e-17	 3.5934e-17	 8.6763e-17	 9.8269e-16	 2.3274e-14	 1.1465e-15	 6.0738e-16
 8.3	 1.412e+00	   163.42	   525.05	   576.75	  1310.45	  3204.71	 5786.75	 1.0198e-15	 4.0244e-17	 3.6142e-17	 8.6730e-17	 9.8227e-16	 2.2043e-14	 1.1460e-15	 6.0723e-16
 8.4	 1.414e+00	   165.39	   518.27	   582.57	  1337.25	  3213.91	 5824.28	 1.0067e-15	 4.1067e-17	 3.6507e-17	 8.7777e-17	 9.8509e-16	 2.7733e-14	 1.1506e-15	 6.0983e-16
 8.5	 1.416e+00	   165.30	   523.33	   578.21	  1329.04	  3184.37	 5787.32	 1.0165e-15	 4.0815e-17	 3.6234e-17	 8.7726e-17	 9.7603e-16	 2.7595e-14	 1.1412e-15	 6.0493e-16
 8.6	 1.418e+00	   164.60	   520.95	   573.15	  1320.51	  3218.59	 5803.88	 1.0118e-15	 4.0553e-17	 3.5916e-17	 8.7355e-17	 9.8652e-16	 2.3152e-14	 1.1507e-15	 6.0950e-16
 8.7	 1.420e+00	   161.86	   524.35	   563.54	  1318.73	  3191.73	 5766.92	 1.0185e-15	 4.0498e-17	 3.5314e-17	 8.5902e-17	 9.7829e-16	 2.7735e-14	 1.1402e-15	 6.0440e-16
 8.8	 1.423e+00	   165.49	   531.61	   575.76	  1314.62	  3229.51	 5823.61	 1.0326e-15	 4.0372e-17	 3.6080e-17	 8.7828e-17	 9.8987e-16	 2.6234e-14	 1.1545e-15	 6.1162e-16
 8.9	 1.425e+00	   162.15	   526.96	   578.21	  1318.12	  3213.28	 5804.26	 1.0235e-15	 4.0479e-17	 3.6234e-17	 8.6054e-17	 9.8489e-16	 2.2188e-14	 1.1480e-15	 6.0861e-16
 9.0	 1.427e+00	   165.81	   526.77	   581.68	  1340.56	  3237.66	 5858.28	 1.0232e-15	 4.1169e-17	 3.6451e-17	 8.7997e-17	 9.9236e-16	 2.3726e-14	 1.1582e-15	 6.1382e-16
 9.1	 1.429e+00	   165.46	   510.86	   576.40	  1342.00	  3237.31	 5839.78	 9.9225e-16	 4.1213e-17	 3.6120e-17	 8.7811e-17	 9.9226e-16	 3.0228e-14	 1.1578e-15	 6.1317e-16
 9.2	 1.432e+00	   162.24	   511.78	   573.21	  1323.47	  3208.50	 5786.11	 9.9404e-16	 4.0644e-17	 3.5920e-17	 8.6105e-17	 9.8343e-16	 2.6466e-14	 1.1465e-15	 6.0742e-16
 9.3	 1.434e+00	   160.62	   510.35	   568.95	  1326.84	  3220.79	 5793.85	 9.9126e-16	 4.0747e-17	 3.5653e-17	 8.5243e-17	 9.8719e-16	 2.4937e-14	 1.1492e-15	 6.0888e-16
 9.4	 1.436e+00	   164.22	   507.10	   565.80	  1323.63	  3210.35	 5778.09	 9.8495e-16	 4.0649e-17	 3.5456e-17	 8.7152e-17	 9.8399e-16	 2.6597e-14	 1.1476e-15	 6.0750e-16
 9.5	 1.438e+00	   160.21	   515.89	   588.71	  1326.11	  3199.56	 5797.13	 1.0020e-15	 4.0725e-17	 3.6892e-17	 8.5023e-17	 9.8069e-16	 2.5498e-14	 1.1438e-15	 6.0674e-16
 9.6	 1.440e+00	   163.17	   523.65	   566.59	  1316.91	  3193.22	 5770.10	 1.0171e-15	 4.0442e-17	 3.5505e-17	 8.6594e-17	 9.7874e-16	 2.6623e-14	 1.1415e-15	 6.0492e-16
 9.7	 1.442e+00	   165.55	   500.26	   582.99	  1325.60	  3224.00	 5804.89	 9.7166e-16	 4.0709e-17	 3.6533e-17	 8.7861e-17	 9.8818e-16	 2.6033e-14	 1.1536e-15	 6.1066e-16
 9.8	 1.444e+00	   171.95	   511.62	   576.08	  1311.63	  3223.85	 5800.92	 9.9373e-16	 4.0280e-17	 3.6100e-17	 9.1257e-17	 9.8813e-16	 2.3000e-14	 1.1561e-15	 6.1115e-16
 9.9	 1.446e+00	   164.95	   523.14	   566.56	  1301.19	  3203.73	 5766.38	 1.0161e-15	 3.9959e-17	 3.5503e-17	 8.7540e-17	 9.8196e-16	 2.5236e-14	 1.1455e-15	 6.0646e-16
 10.0	 1.448e+00	   157.12	   512.99	   563.73	  1333.62	  3193.00	 5768.86	 9.9639e-16	 4.0956e-17	 3.5326e-17	 8.3385e-17	 9.7868e-16	 3.1603e-14	 1.1388e-15	 6.0408e-16
 10.1	 1.450e+00	   166.51	   510.25	   581.39	  1319.84	  3226.84	 5811.36	 9.9107e-16	 4.0532e-17	 3.6433e-17	 8.8368e-17	 9.8905e-16	 2.6749e-14	 1.1547e-15	 6.1125e-16
 10.2	 1.452e+00	   164.31	   510.41	   576.24	  1310.26	  3190.84	 5759.54	 9.9138e-16	 4.0238e-17	 3.6110e-17	 8.7203e-17	 9.7801e-16	 2.7292e-14	 1.1419e-15	 6.0478e-16
 10.3	 1.454e+00	   157.47	   513.94	   573.09	  1328.09	  3209.36	 5788.28	 9.9824e-16	 4.0785e-17	 3.5912e-17	 8.3571e-17	 9.8369e-16	 2.4105e-14	 1.1443e-15	 6.0693e-16
 10.4	 1.457e+00	   167.91	   515.31	   578.50	  1334.90	  3218.66	 5822.53	 1.0009e-15	 4.0995e-17	 3.6251e-17	 8.9112e-17	 9.8654e-16	 2.7730e-14	 1.1534e-15	 6.1070e-16
 10.5	 1.459e+00	   165.49	   510.95	   592.63	  1331.52	  3230.94	 5838.89	 9.9243e-16	 4.0891e-17	 3.7137e-17	 8.7828e-17	 9.9031e-16	 2.7447e-14	 1.1565e-15	 6.1271e-16
 10.6	 1.461e+00	   165.17	   513.12	   567.77	  1302.30	  3229.51	 5783.89	 9.9664e-16	 3.9994e-17	 3.5579e-17	 8.7659e-17	 9.8987e-16	 2.2027e-14	 1.1534e-15	 6.1023e-16
 10.7	 1.463e+00	   159.79	   513.02	   570.79	  1310.86	  3229.80	 5790.16	 9.9645e-16	 4.0257e-17	 3.5769e-17	 8.4804e-17	 9.8995e-16	 2.2025e-14	 1.1512e-15	 6.0984e-16
 10.8	 1.465e+00	   160.52	   513.18	   571.81	  1311.02	  3231.58	 5794.74	 9.9676e-16	 4.0261e-17	 3.5833e-17	 8.5192e-17	 9.9050e-16	 2.7169e-14	 1.1521e-15	 6.1033e-16
 10.9	 1.467e+00	   161.96	   515.09	   571.59	  1315.74	  3227.25	 5798.43	 1.0005e-15	 4.0406e-17	 3.5819e-17	 8.5952e-17	 9.8917e-16	 2.7172e-14	 1.1516e-15	 6.1005e-16
 11.0	 1.469e+00	   163.74	   504.52	   568.15	  1310.04	  3207.52	 5760.40	 9.7994e-16	 4.0231e-17	 3.5603e-17	 8.6899e-17	 9.8313e-16	 2.7007e-14	 1.1461e-15	 6.0663e-16
 11.1	 1.471e+00	   156.58	   520.34	   570.16	  1302.94	  3246.86	 5803.21	 1.0107e-15	 4.0013e-17	 3.5729e-17	 8.3098e-17	 9.9518e-16	 2.4405e-14	 1.1545e-15	 6.1193e-16
 11.2	 1.473e+00	   158.96	   522.67	   580.28	  1326.49	  3230.43	 5824.95	 1.0152e-15	 4.0737e-17	 3.6363e-17	 8.4365e-17	 9.9015e-16	 2.2739e-14	 1.1520e-15	 6.1102e-16
 11.3	 1.475e+00	   161.61	   507.04	   576.01	  1328.63	  3204.43	 5782.90	 9.8483e-16	 4.0802e-17	 3.6096e-17	 8.5767e-17	 9.8218e-16	 2.0339e-14	 1.1450e-15	 6.0675e-16
 11.4	 1.477e+00	   168.70	   511.46	   575.19	  1302.78	  3243.52	 5809.51	 9.9342e-16	 4.0008e-17	 3.6044e-17	 8.9534e-17	 9.9416e-16	 3.1344e-14	 1.1602e-15	 6.1350e-16
 11.5	 1.479e+00	   163.64	   515.25	   565.19	  1296.29	  3207.77	 5755.59	 1.0008e-15	 3.9809e-17	 3.5418e-17	 8.6848e-17	 9.8320e-16	 2.8557e-14	 1.1457e-15	 6.0646e-16
 11.6	 1.480e+00	   172.46	   505.09	   563.00	  1312.62	  3251.79	 5811.29	 9.8106e-16	 4.0310e-17	 3.5280e-17	 9.1527e-17	 9.9670e-16	 2.6192e-14	 1.1641e-15	 6.1474e-16
 11.7	 1.482e+00	   164.38	   507.86	   572.86	  1316.02	  3224.32	 5791.94	 9.8643e-16	 4.0415e-17	 3.5898e-17	 8.7236e-17	 9.8828e-16	 2.6464e-14	 1.1521e-15	 6.0986e-16
 11.8	 1.484e+00	   167.30	   511.33	   564.40	  1299.44	  3223.65	 5772.62	 9.9317e-16	 3.9906e-17	 3.5368e-17	 8.8791e-17	 9.8807e-16	 2.5220e-14	 1.1524e-15	 6.0939e-16
 11.9	 1.486e+00	   158.14	   504.30	   562.61	  1298.16	  3204.21	 5733.72	 9.7951e-16	 3.9867e-17	 3.5256e-17	 8.3925e-17	 9.8211e-16	 2.6446e-14	 1.1414e-15	 6.0456e-16
 12.0	 1.488e+00	   167.84	   517.13	   565.99	  1306.09	  3196.79	 5759.79	 1.0044e-15	 4.0110e-17	 3.5468e-17	 8.9078e-17	 9.7984e-16	 2.3694e-14	 1.1447e-15	 6.0569e-16
 12.1	 1.490e+00	   165.11	   506.56	   578.94	  1325.60	  3200.51	 5783.73	 9.8390e-16	 4.0709e-17	 3.6279e-17	 8.7625e-17	 9.8098e-16	 2.6316e-14	 1.1459e-15	 6.0686e-16
 12.2	 1.492e+00	   160.97	   493.32	   564.91	  1303.51	  3234.13	 5762.50	 9.5818e-16	 4.0031e-17	 3.5400e-17	 8.5429e-17	 9.9128e-16	 2.2405e-14	 1.1524e-15	 6.0962e-16
 12.3	 1.494e+00	   162.59	   511.72	   576.87	  1300.93	  3216.78	 5775.93	 9.9392e-16	 3.9952e-17	 3.6150e-17	 8.6290e-17	 9.8596e-16	 2.6885e-14	 1.1489e-15	 6.0836e-16
 12.4	 1.496e+00	   162.53	   511.02	   568.18	  1294.47	  3227.44	 5770.14	 9.9256e-16	 3.9753e-17	 3.5605e-17	 8.6257e-17	 9.8923e-16	 2.4245e-14	 1.1511e-15	 6.0924e-16
 12.5	 1.498e+00	   163.20	   505.32	   560.32	  1299.69	  3207.36	 5743.08	 9.8149e-16	 3.9913e-17	 3.5113e-17	 8.6611e-17	 9.8308e-16	 2.7147e-14	 1.1451e-15	 6.0588e-16
 12.6	 1.500e+00	   162.85	   513.31	   577.26	  1308.03	  3229.29	 5797.41	 9.9701e-16	 4.0170e-17	 3.6174e-17	 8.6426e-17	 9.8980e-16	 2.6197e-14	 1.1530e-15	 6.1057e-16
 12.7	 1.503e+00	   164.34	   499.14	   569.97	  1295.24	  3194.69	 5728.91	 9.6949e-16	 3.9777e-17	 3.5717e-17	 8.7219e-17	 9.7919e-16	 2.2128e-14	 1.1421e-15	 6.0421e-16
 12.8	 1.505e+00	   162.97	   501.31	   567.99	  1301.22	  3218.31	 5757.72	 9.7370e-16	 3.9960e-17	 3.5593e-17	 8.6493e-17	 9.8643e-16	 2.3668e-14	 1.1488e-15	 6.0782e-16
 12.9	 1.507e+00	   165.27	   501.24	   570.57	  1310.51	  3216.11	 5769.91	 9.7357e-16	 4.0246e-17	 3.5755e-17	 8.7709e-17	 9.8576e-16	 2.7282e-14	 1.1496e-15	 6.0825e-16
 13.0	 1.510e+00	   161.42	   501.21	   578.56	  1311.44	  3233.97	 5792.89	 9.7351e-16	 4.0274e-17	 3.6255e-17	 8.5665e-17	 9.9123e-16	 2.2977e-14	 1.1538e-15	 6.1087e-16
 13.1	 1.512e+00	   169.40	   504.39	   577.06	  1310.04	  3241.45	 5808.97	 9.7970e-16	 4.0231e-17	 3.6162e-17	 8.9906e-17	 9.9353e-16	 2.5631e-14	 1.1603e-15	 6.1335e-16
 13.2	 1.514e+00	   167.02	   510.51	   565.06	  1313.57	  3252.72	 5813.93	 9.9157e-16	 4.0340e-17	 3.5410e-17	 8.8639e-17	 9.9698e-16	 1.8416e-14	 1.1619e-15	 6.1425e-16
 13.3	 1.517e+00	   161.92	   508.21	   577.48	  1314.40	  3225.88	 5793.79	 9.8711e-16	 4.0365e-17	 3.6188e-17	 8.5936e-17	 9.8875e-16	 2.2572e-14	 1.1515e-15	 6.0988e-16
 13.4	 1.519e+00	   168.48	   507.00	   567.39	  1300.97	  3235.62	 5785.96	 9.8477e-16	 3.9953e-17	 3.5555e-17	 8.9416e-17	 9.9174e-16	 2.5355e-14	 1.1570e-15	 6.1155e-16
 13.5	 1.521e+00	   158.26	   506.62	   577.32	  1312.77	  3247.56	 5808.27	 9.8402e-16	 4.0315e-17	 3.6178e-17	 8.3993e-17	 9.9540e-16	 2.4380e-14	 1.1561e-15	 6.1255e-16
 13.6	 1.523e+00	   162.88	   496.31	   581.14	  1316.31	  3225.34	 5787.83	 9.6399e-16	 4.0424e-17	 3.6417e-17	 8.6442e-17	 9.8859e-16	 2.2271e-14	 1.1523e-15	 6.0994e-16
 13.7	 1.525e+00	   165.65	   504.84	   568.06	  1308.99	  3236.77	 5790.03	 9.8056e-16	 4.0199e-17	 3.5597e-17	 8.7912e-17	 9.9209e-16	 1.9512e-14	 1.1562e-15	 6.1142e-16
 13.8	 1.527e+00	   168.23	   503.28	   564.91	  1312.71	  3203.41	 5758.33	 9.7753e-16	 4.0313e-17	 3.5400e-17	 8.9280e-17	 9.8187e-16	 2.0056e-14	 1.1474e-15	 6.0662e-16
 13.9	 1.529e+00	   160.49	   490.99	   564.49	  1306.76	  3238.49	 5767.88	 9.5367e-16	 4.0131e-17	 3.5374e-17	 8.5175e-17	 9.9262e-16	 2.6155e-14	 1.1538e-15	 6.1033e-16
 14.0	 1.531e+00	   168.58	   497.33	   574.07	  1299.44	  3236.07	 5782.10	 9.6597e-16	 3.9906e-17	 3.5974e-17	 8.9466e-17	 9.9188e-16	 2.5893e-14	 1.1576e-15	 6.1171e-16
 14.1	 1.533e+00	   163.32	   509.71	   566.97	  1281.17	  3237.06	 5766.09	 9.9002e-16	 3.9345e-17	 3.5529e-17	 8.6679e-17	 9.9218e-16	 3.1195e-14	 1.1541e-15	 6.1048e-16
 14.2	 1.535e+00	   163.42	   499.75	   578.43	  1304.72	  3256.66	 5809.73	 9.7067e-16	 4.0068e-17	 3.6247e-17	 8.6730e-17	 9.9819e-16	 2.5206e-14	 1.1614e-15	 6.1447e-16
 14.3	 1.537e+00	   158.65	   508.05	   571.08	  1305.74	  3233.71	 5783.28	 9.8681e-16	 4.0099e-17	 3.5787e-17	 8.4196e-17	 9.9115e-16	 2.2850e-14	 1.1518e-15	 6.1004e-16
 14.4	 1.538e+00	   166.13	   497.33	   565.96	  1300.74	  3255.77	 5791.97	 9.6597e-16	 3.9946e-17	 3.5466e-17	 8.8166e-17	 9.9792e-16	 2.4924e-14	 1.1618e-15	 6.1393e-16
 14.5	 1.540e+00	   163.42	   503.12	   578.69	  1291.10	  3242.40	 5786.66	 9.7722e-16	 3.9650e-17	 3.6263e-17	 8.6730e-17	 9.9382e-16	 3.1324e-14	 1.1567e-15	 6.1205e-16
 14.6	 1.542e+00	   171.51	   494.84	   581.84	  1311.18	  3268.63	 5835.64	 9.6115e-16	 4.0266e-17	 3.6461e-17	 9.1020e-17	 1.0019e-15	 2.8541e-14	 1.1700e-15	 6.1798e-16
 14.7	 1.544e+00	   163.17	   505.92	   573.75	  1318.60	  3246.29	 5814.16	 9.8266e-16	 4.0494e-17	 3.5954e-17	 8.6594e-17	 9.9501e-16	 2.7161e-14	 1.1583e-15	 6.1316e-16
 14.8	 1.545e+00	   160.14	   498.35	   563.50	  1322.74	  3262.39	 5814.64	 9.6795e-16	 4.0621e-17	 3.5312e-17	 8.4990e-17	 9.9995e-16	 3.1041e-14	 1.1611e-15	 6.1455e-16
 14.9	 1.547e+00	   168.67	   500.86	   576.17	  1310.45	  3260.77	 5823.77	 9.7283e-16	 4.0244e-17	 3.6106e-17	 8.9517e-17	 9.9945e-16	 2.3545e-14	 1.1657e-15	 6.1608e-16
 15.0	 1.549e+00	   166.22	   491.28	   584.89	  1300.17	  3236.51	 5785.54	 9.5422e-16	 3.9928e-17	 3.6652e-17	 8.8216e-17	 9.9201e-16	 2.4908e-14	 1.1572e-15	 6.1185e-16
 15.1	 1.552e+00	   167.40	   502.13	   577.89	  1305.26	  3239.28	 5798.82	 9.7531e-16	 4.0085e-17	 3.6214e-17	 8.8841e-17	 9.9286e-16	 2.6459e-14	 1.1584e-15	 6.1254e-16
 15.2	 1.556e+00	   167.43	   497.30	   566.24	  1298.99	  3247.94	 5784.40	 9.6591e-16	 3.9892e-17	 3.5484e-17	 8.8858e-17	 9.9552e-16	 2.4644e-14	 1.1602e-15	 6.1293e-16
 15.3	 1.560e+00	   159.25	   491.31	   585.37	  1322.99	  3237.66	 5802.57	 9.5429e-16	 4.0629e-17	 3.6682e-17	 8.4517e-17	 9.9236e-16	 2.4349e-14	 1.1544e-15	 6.1151e-16
 15.4	 1.566e+00	   165.74	   496.28	   569.71	  1315.45	  3236.48	 5790.83	 9.6393e-16	 4.0397e-17	 3.5701e-17	 8.7963e-17	 9.9200e-16	 2.7696e-14	 1.1565e-15	 6.1154e-16
 15.5	 1.572e+00	   158.23	   497.01	   585.18	  1304.85	  3234.57	 5786.27	 9.6535e-16	 4.0072e-17	 3.6670e-17	 8.3976e-17	 9.9142e-16	 2.4219e-14	 1.1525e-15	 6.1053e-16
 15.6	 1.578e+00	   163.39	   495.51	   569.78	  1304.44	  3273.02	 5812.25	 9.6245e-16	 4.0059e-17	 3.5705e-17	 8.6713e-17	 1.0032e-15	 2.2700e-14	 1.1659e-15	 6.1639e-16
 15.7	 1.583e+00	   164.92	   501.08	   567.26	  1301.67	  3268.19	 5809.48	 9.7327e-16	 3.9974e-17	 3.5547e-17	 8.7524e-17	 1.0017e-15	 2.3545e-14	 1.1653e-15	 6.1590e-16
 15.8	 1.587e+00	   166.54	   493.89	   579.90	  1307.40	  3246.80	 5799.96	 9.5929e-16	 4.0150e-17	 3.6339e-17	 8.8385e-17	 9.9516e-16	 2.0190e-14	 1.1604e-15	 6.1345e-16
 15.9	 1.591e+00	   165.17	   491.69	   573.28	  1282.89	  3230.59	 5748.49	 9.5503e-16	 3.9397e-17	 3.5924e-17	 8.7659e-17	 9.9020e-16	 1.7538e-14	 1.1535e-15	 6.0955e-16
 16.0	 1.594e+00	   165.84	   487.84	   580.25	  1303.96	  3245.36	 5789.90	 9.4755e-16	 4.0044e-17	 3.6361e-17	 8.8013e-17	 9.9473e-16	 2.5459e-14	 1.1594e-15	 6.1290e-16
 16.1	 1.598e+00	   166.54	   488.16	   564.59	  1281.61	  3243.99	 5752.06	 9.4816e-16	 3.9358e-17	 3.5380e-17	 8.8385e-17	 9.9431e-16	 2.9072e-14	 1.1578e-15	 6.1137e-16
 16.2	 1.601e+00	   166.25	   495.64	   571.88	  1295.20	  3264.40	 5800.63	 9.6269e-16	 3.9776e-17	 3.5837e-17	 8.8233e-17	 1.0006e-15	 2.8955e-14	 1.1649e-15	 6.1550e-16
 16.3	 1.604e+00	   158.23	   495.04	   581.78	  1293.17	  3238.49	 5772.87	 9.6152e-16	 3.9713e-17	 3.6457e-17	 8.3976e-17	 9.9262e-16	 2.4772e-14	 1.1531e-15	 6.1056e-16
 16.4	 1.607e+00	   168.99	   484.79	   577.89	  1274.16	  3277.61	 5790.03	 9.4161e-16	 3.9130e-17	 3.6214e-17	 8.9686e-17	 1.0046e-15	 2.6298e-14	 1.1700e-15	 6.1739e-16
 16.5	 1.610e+00	   163.83	   490.93	   579.29	  1297.30	  3287.16	 5825.01	 9.5354e-16	 3.9840e-17	 3.6301e-17	 8.6949e-17	 1.0075e-15	 2.4643e-14	 1.1710e-15	 6.1891e-16
 16.6	 1.613e+00	   164.63	   479.44	   566.59	  1300.87	  3275.06	 5793.12	 9.3122e-16	 3.9950e-17	 3.5505e-17	 8.7372e-17	 1.0038e-15	 2.4200e-14	 1.1672e-15	 6.1633e-16
 16.7	 1.616e+00	   163.23	   483.70	   571.27	  1272.19	  3254.82	 5751.93	 9.3951e-16	 3.9069e-17	 3.5799e-17	 8.6628e-17	 9.9762e-16	 2.3644e-14	 1.1597e-15	 6.1250e-16
 16.8	 1.620e+00	   161.42	   492.87	   572.93	  1270.09	  3253.89	 5757.43	 9.5731e-16	 3.9004e-17	 3.5902e-17	 8.5665e-17	 9.9734e-16	 2.2966e-14	 1.1583e-15	 6.1228e-16
 16.9	 1.623e+00	   159.76	   475.49	   559.27	  1295.84	  3257.11	 5752.21	 9.2356e-16	 3.9795e-17	 3.5047e-17	 8.4787e-17	 9.9833e-16	 1.7650e-14	 1.1583e-15	 6.1197e-16
 17.0	 1.626e+00	   167.27	   483.70	   582.35	  1273.56	  3249.82	 5761.22	 9.3951e-16	 3.9111e-17	 3.6493e-17	 8.8774e-17	 9.9609e-16	 1.8502e-14	 1.1608e-15	 6.1289e-16
 17.1	 1.630e+00	   164.53	   484.40	   573.91	  1269.45	  3273.63	 5772.33	 9.4087e-16	 3.8985e-17	 3.5964e-17	 8.7321e-17	 1.0034e-15	 2.1984e-14	 1.1659e-15	 6.1560e-16
 17.2	 1.633e+00	   168.86	   482.14	   585.28	  1282.92	  3259.62	 5784.94	 9.3648e-16	 3.9398e-17	 3.6676e-17	 8.9618e-17	 9.9910e-16	 2.2813e-14	 1.1652e-15	 6.1515e-16
 17.3	 1.636e+00	   163.20	   491.50	   563.89	  1269.61	  3258.32	 5753.23	 9.5466e-16	 3.8990e-17	 3.5336e-17	 8.6611e-17	 9.9870e-16	 2.4633e-14	 1.1600e-15	 6.1272e-16
 17.4	 1.639e+00	   165.11	   475.91	   567.55	  1264.81	  3265.58	 5745.47	 9.2436e-16	 3.8842e-17	 3.5565e-17	 8.7625e-17	 1.0009e-15	 2.4884e-14	 1.1634e-15	 6.1383e-16
 17.5	 1.643e+00	   163.36	   480.30	   568.85	  1274.67	  3240.59	 5734.61	 9.3289e-16	 3.9145e-17	 3.5647e-17	 8.6696e-17	 9.9326e-16	 2.7386e-14	 1.1552e-15	 6.1017e-16
 17.6	 1.646e+00	   154.54	   475.75	   577.41	  1270.44	  3255.29	 5740.12	 9.2405e-16	 3.9015e-17	 3.6184e-17	 8.2016e-17	 9.9777e-16	 2.4042e-14	 1.1555e-15	 6.1122e-16
 17.7	 1.650e+00	   164.63	   477.53	   563.73	  1257.13	  3251.35	 5720.10	 9.2751e-16	 3.8607e-17	 3.5326e-17	 8.7372e-17	 9.9656e-16	 2.1268e-14	 1.1583e-15	 6.1112e-16
 17.8	 1.654e+00	   173.51	   479.44	   571.75	  1274.86	  3293.65	 5799.52	 9.3122e-16	 3.9151e-17	 3.5829e-17	 9.2085e-17	 1.0095e-15	 2.4626e-14	 1.1770e-15	 6.2016e-16
 17.9	 1.657e+00	   159.60	   474.86	   584.26	  1261.11	  3263.32	 5748.59	 9.2232e-16	 3.8729e-17	 3.6613e-17	 8.4702e-17	 1.0002e-15	 2.1265e-14	 1.1606e-15	 6.1329e-16
 18.0	 1.661e+00	   157.12	   490.96	   565.96	  1300.62	  3250.81	 5772.14	 9.5361e-16	 3.9942e-17	 3.5466e-17	 8.3385e-17	 9.9639e-16	 2.4349e-14	 1.1556e-15	 6.1155e-16
 18.1	 1.665e+00	   167.53	   480.30	   574.30	  1275.41	  3228.84	 5733.37	 9.3289e-16	 3.9168e-17	 3.5988e-17	 8.8909e-17	 9.8966e-16	 2.7107e-14	 1.1543e-15	 6.0937e-16
 18.2	 1.669e+00	   162.18	   480.52	   564.49	  1288.65	  3259.21	 5762.31	 9.3333e-16	 3.9574e-17	 3.5374e-17	 8.6071e-17	 9.9897e-16	 2.7114e-14	 1.1603e-15	 6.1298e-16
 18.3	 1.673e+00	   163.32	   469.70	   563.47	  1265.19	  3259.05	 5726.69	 9.1231e-16	 3.8854e-17	 3.5310e-17	 8.6679e-17	 9.9892e-16	 2.1394e-14	 1.1603e-15	 6.1214e-16
 18.4	 1.676e+00	   161.89	   475.75	   566.40	  1267.22	  3264.68	 5741.68	 9.2405e-16	 3.8916e-17	 3.5493e-17	 8.5919e-17	 1.0006e-15	 2.0156e-14	 1.1615e-15	 6.1313e-16
 18.5	 1.680e+00	   162.08	   467.63	   582.41	  1253.86	  3271.66	 5744.83	 9.0829e-16	 3.8506e-17	 3.6497e-17	 8.6020e-17	 1.0028e-15	 2.7927e-14	 1.1642e-15	 6.1458e-16
 18.6	 1.684e+00	   164.88	   476.13	   563.82	  1254.36	  3272.93	 5738.91	 9.2479e-16	 3.8521e-17	 3.5332e-17	 8.7507e-17	 1.0032e-15	 2.4330e-14	 1.1649e-15	 6.1442e-16
 18.7	 1.688e+00	   160.71	   470.53	   571.59	  1262.83	  3242.31	 5715.00	 9.1391e-16	 3.8782e-17	 3.5819e-17	 8.5294e-17	 9.9379e-16	 2.6532e-14	 1.1539e-15	 6.0948e-16
 18.8	 1.693e+00	   165.17	   467.02	   568.15	  1253.35	  3249.34	 5709.62	 9.0711e-16	 3.8490e-17	 3.5603e-17	 8.7659e-17	 9.9595e-16	 2.4305e-14	 1.1583e-15	 6.1083e-16
 18.9	 1.697e+00	   160.27	   456.36	   575.63	  1247.71	  3272.04	 5718.51	 8.8640e-16	 3.8317e-17	 3.6072e-17	 8.5057e-17	 1.0029e-15	 2.4289e-14	 1.1627e-15	 6.1345e-16
 19.0	 1.701e+00	   170.39	   474.25	   582.28	  1253.66	  3242.98	 5729.33	 9.2115e-16	 3.8500e-17	 3.6489e-17	 9.0429e-17	 9.9399e-16	 2.1124e-14	 1.1597e-15	 6.1155e-16
 19.1	 1.705e+00	   163.13	   475.49	   568.18	  1247.93	  3247.53	 5708.73	 9.2356e-16	 3.8324e-17	 3.5605e-17	 8.6578e-17	 9.9539e-16	 2.3347e-14	 1.1564e-15	 6.1025e-16
 19.2	 1.710e+00	   160.17	   473.20	   585.09	  1249.49	  3272.61	 5746.13	 9.1911e-16	 3.8372e-17	 3.6664e-17	 8.5006e-17	 1.0031e-15	 2.2376e-14	 1.1633e-15	 6.1447e-16
 19.3	 1.714e+00	   164.44	   465.69	   579.17	  1262.29	  3265.23	 5744.10	 9.0452e-16	 3.8765e-17	 3.6293e-17	 8.7270e-17	 1.0008e-15	 2.5003e-14	 1.1638e-15	 6.1402e-16
 19.4	 1.718e+00	   163.87	   458.53	   571.30	  1247.90	  3236.77	 5686.45	 8.9060e-16	 3.8323e-17	 3.5801e-17	 8.6966e-17	 9.9209e-16	 2.9010e-14	 1.1536e-15	 6.0847e-16
 19.5	 1.723e+00	   159.92	   463.30	   566.34	  1242.43	  3316.51	 5755.75	 8.9988e-16	 3.8155e-17	 3.5490e-17	 8.4871e-17	 1.0165e-15	 2.5567e-14	 1.1757e-15	 6.1991e-16
 19.6	 1.727e+00	   161.00	   458.24	   571.69	  1245.52	  3248.23	 5690.84	 8.9005e-16	 3.8250e-17	 3.5825e-17	 8.5446e-17	 9.9560e-16	 2.4702e-14	 1.1553e-15	 6.0961e-16
 19.7	 1.731e+00	   162.59	   451.75	   580.37	  1240.65	  3241.54	 5682.50	 8.7744e-16	 3.8100e-17	 3.6369e-17	 8.6290e-17	 9.9355e-16	 2.1631e-14	 1.1547e-15	 6.0901e-16
 19.8	 1.736e+00	   166.76	   461.68	   575.63	  1237.46	  3281.91	 5731.11	 8.9673e-16	 3.8002e-17	 3.6072e-17	 8.8503e-17	 1.0059e-15	 2.9310e-14	 1.1688e-15	 6.1592e-16
 19.9	 1.740e+00	   161.48	   460.47	   575.79	  1253.06	  3264.65	 5721.82	 8.9438e-16	 3.8481e-17	 3.6082e-17	 8.5699e-17	 1.0006e-15	 2.3462e-14	 1.1612e-15	 6.1275e-16
 20.0	 1.744e+00	   161.35	   461.42	   575.60	  1214.48	  3277.13	 5696.32	 8.9623e-16	 3.7297e-17	 3.6070e-17	 8.5632e-17	 1.0045e-15	 2.5690e-14	 1.1637e-15	 6.1359e-16
 20.1	 1.749e+00	   163.45	   455.95	   579.87	  1222.85	  3295.75	 5725.67	 8.8560e-16	 3.7554e-17	 3.6337e-17	 8.6746e-17	 1.0102e-15	 3.0274e-14	 1.1713e-15	 6.1726e-16
 20.2	 1.753e+00	   167.14	   450.41	   579.42	  1224.19	  3287.32	 5714.40	 8.7484e-16	 3.7595e-17	 3.6309e-17	 8.8706e-17	 1.0076e-15	 2.1505e-14	 1.1705e-15	 6.1627e-16
 20.3	 1.758e+00	   162.24	   448.09	   570.92	  1219.45	  3279.23	 5687.63	 8.7033e-16	 3.7449e-17	 3.5777e-17	 8.6105e-17	 1.0051e-15	 3.0391e-14	 1.1648e-15	 6.1368e-16
 20.4	 1.763e+00	   165.39	   450.44	   572.29	  1241.70	  3307.37	 5744.29	 8.7490e-16	 3.8132e-17	 3.5863e-17	 8.7777e-17	 1.0137e-15	 2.5820e-14	 1.1759e-15	 6.1931e-16
 20.5	 1.769e+00	   170.49	   456.23	   576.97	  1242.71	  3273.72	 5726.43	 8.8615e-16	 3.8164e-17	 3.6156e-17	 9.0480e-17	 1.0034e-15	 2.4851e-14	 1.1685e-15	 6.1530e-16
 20.6	 1.775e+00	   164.12	   456.30	   564.40	  1239.09	  3294.03	 5723.28	 8.8628e-16	 3.8052e-17	 3.5368e-17	 8.7101e-17	 1.0096e-15	 2.1795e-14	 1.1703e-15	 6.1655e-16
 20.7	 1.782e+00	   162.97	   451.68	   586.39	  1221.83	  3289.26	 5717.39	 8.7731e-16	 3.7522e-17	 3.6746e-17	 8.6493e-17	 1.0082e-15	 2.1368e-14	 1.1692e-15	 6.1623e-16
 20.8	 1.789e+00	   165.62	   445.38	   569.46	  1232.05	  3351.55	 5770.87	 8.6507e-16	 3.7836e-17	 3.5685e-17	 8.7895e-17	 1.0273e-15	 2.5962e-14	 1.1889e-15	 6.2558e-16
 20.9	 1.797e+00	   162.62	   454.77	   580.41	  1230.08	  3314.40	 5749.16	 8.8331e-16	 3.7776e-17	 3.6371e-17	 8.6307e-17	 1.0159e-15	 2.6385e-14	 1.1768e-15	 6.2018e-16
 21.0	 1.805e+00	   165.68	   441.53	   587.79	  1240.17	  3352.63	 5794.87	 8.5759e-16	 3.8086e-17	 3.6834e-17	 8.7929e-17	 1.0276e-15	 2.6513e-14	 1.1910e-15	 6.2698e-16
 21.1	 1.813e+00	   164.53	   451.90	   566.43	  1232.91	  3334.24	 5756.99	 8.7774e-16	 3.7863e-17	 3.5495e-17	 8.7321e-17	 1.0220e-15	 2.5691e-14	 1.1831e-15	 6.2279e-16
 21.2	 1.820e+00	   165.65	   447.10	   572.32	  1217.57	  3345.41	 5754.51	 8.6841e-16	 3.7391e-17	 3.5865e-17	 8.7912e-17	 1.0254e-15	 2.5268e-14	 1.1869e-15	 6.2444e-16
 21.3	 1.827e+00	   165.20	   452.67	   581.04	  1215.40	  3366.80	 5788.25	 8.7923e-16	 3.7325e-17	 3.6411e-17	 8.7676e-17	 1.0319e-15	 2.5425e-14	 1.1939e-15	 6.2831e-16
 21.4	 1.834e+00	   165.30	   446.59	   572.35	  1235.71	  3351.39	 5777.52	 8.6742e-16	 3.7949e-17	 3.5867e-17	 8.7726e-17	 1.0272e-15	 2.4158e-14	 1.1890e-15	 6.2579e-16
 21.5	 1.842e+00	   169.31	   449.20	   593.78	  1215.09	  3390.83	 5825.81	 8.7249e-16	 3.7315e-17	 3.7209e-17	 8.9855e-17	 1.0393e-15	 2.8765e-14	 1.2041e-15	 6.3330e-16
 21.6	 1.849e+00	   166.38	   428.76	   592.85	  1229.25	  3387.39	 5812.47	 8.3280e-16	 3.7750e-17	 3.7151e-17	 8.8301e-17	 1.0383e-15	 3.0252e-14	 1.2019e-15	 6.3215e-16
 21.7	 1.857e+00	   170.96	   436.50	   589.48	  1225.91	  3387.71	 5816.93	 8.4782e-16	 3.7648e-17	 3.6940e-17	 9.0733e-17	 1.0384e-15	 2.4153e-14	 1.2042e-15	 6.3282e-16
 21.8	 1.865e+00	   167.21	   432.23	   593.87	  1210.34	  3404.52	 5815.24	 8.3954e-16	 3.7170e-17	 3.7215e-17	 8.8740e-17	 1.0435e-15	 2.6233e-14	 1.2070e-15	 6.3447e-16
 21.9	 1.874e+00	   169.66	   452.03	   577.76	  1218.36	  3385.39	 5810.05	 8.7799e-16	 3.7416e-17	 3.6206e-17	 9.0041e-17	 1.0376e-15	 2.5293e-14	 1.2018e-15	 6.3181e-16
 22.0	 1.882e+00	   163.26	   431.63	   592.85	  1204.17	  3406.24	 5805.25	 8.3836e-16	 3.6980e-17	 3.7151e-17	 8.6645e-17	 1.0440e-15	 2.6369e-14	 1.2051e-15	 6.3384e-16
 22.1	 1.891e+00	   169.56	   432.17	   592.73	  1202.23	  3401.56	 5804.54	 8.3941e-16	 3.6920e-17	 3.7143e-17	 8.9990e-17	 1.0426e-15	 2.2758e-14	 1.2071e-15	 6.3408e-16
 22.2	 1.900e+00	   166.35	   430.45	   603.99	  1205.89	  3390.83	 5803.24	 8.3607e-16	 3.7033e-17	 3.7849e-17	 8.8284e-17	 1.0393e-15	 2.2333e-14	 1.2027e-15	 6.3250e-16
 22.3	 1.909e+00	   167.81	   426.89	   599.22	  1202.54	  3434.63	 5837.39	 8.2915e-16	 3.6930e-17	 3.7550e-17	 8.9061e-17	 1.0527e-15	 2.4008e-14	 1.2165e-15	 6.3911e-16
 22.4	 1.917e+00	   171.76	   421.38	   587.66	  1185.20	  3429.66	 5802.83	 8.1845e-16	 3.6397e-17	 3.6826e-17	 9.1156e-17	 1.0512e-15	 2.6082e-14	 1.2160e-15	 6.3779e-16
 22.5	 1.925e+00	   171.06	   417.37	   591.04	  1196.08	  3423.46	 5805.05	 8.1066e-16	 3.6732e-17	 3.7037e-17	 9.0784e-17	 1.0493e-15	 2.1068e-14	 1.2143e-15	 6.3705e-16
 22.6	 1.933e+00	   175.83	   419.66	   603.77	  1188.00	  3435.01	 5829.56	 8.1511e-16	 3.6483e-17	 3.7835e-17	 9.3318e-17	 1.0529e-15	 2.6500e-14	 1.2209e-15	 6.4019e-16
 22.7	 1.942e+00	   168.74	   412.18	   588.87	  1187.39	  3429.60	 5793.53	 8.0059e-16	 3.6465e-17	 3.6902e-17	 8.9551e-17	 1.0512e-15	 2.5228e-14	 1.2146e-15	 6.3719e-16
 22.8	 1.951e+00	   167.75	   426.12	   592.88	  1174.50	  3430.75	 5799.48	 8.2767e-16	 3.6069e-17	 3.7153e-17	 8.9027e-17	 1.0515e-15	 2.6923e-14	 1.2141e-15	 6.3739e-16
 22.9	 1.962e+00	   173.38	   414.85	   599.73	  1172.69	  3450.96	 5819.47	 8.0578e-16	 3.6013e-17	 3.7582e-17	 9.2017e-17	 1.0577e-15	 2.8440e-14	 1.2239e-15	 6.4155e-16
 23.0	 1.973e+00	   173.61	   411.16	   597.88	  1171.76	  3439.44	 5800.92	 7.9861e-16	 3.5985e-17	 3.7466e-17	 9.2135e-17	 1.0542e-15	 2.5093e-14	 1.2203e-15	 6.3951e-16
 23.1	 1.985e+00	   178.86	   418.13	   617.04	  1150.79	  3450.04	 5821.64	 8.1215e-16	 3.5341e-17	 3.8667e-17	 9.4923e-17	 1.0575e-15	 2.4140e-14	 1.2269e-15	 6.4264e-16
 23.2	 1.998e+00	   171.28	   401.33	   589.92	  1153.72	  3481.01	 5804.23	 7.7950e-16	 3.5431e-17	 3.6968e-17	 9.0902e-17	 1.0670e-15	 2.6613e-14	 1.2306e-15	 6.4435e-16
 23.3	 2.011e+00	   169.63	   399.67	   593.87	  1150.02	  3491.29	 5810.85	 7.7629e-16	 3.5317e-17	 3.7215e-17	 9.0024e-17	 1.0701e-15	 2.2999e-14	 1.2332e-15	 6.4577e-16
 23.4	 2.025e+00	   169.60	   398.91	   590.72	  1141.87	  3481.33	 5788.15	 7.7480e-16	 3.5067e-17	 3.7017e-17	 9.0007e-17	 1.0670e-15	 2.1047e-14	 1.2295e-15	 6.4371e-16
 23.5	 2.039e+00	   176.98	   398.46	   600.08	  1131.62	  3507.36	 5821.42	 7.7394e-16	 3.4752e-17	 3.7604e-17	 9.3926e-17	 1.0750e-15	 2.5090e-14	 1.2418e-15	 6.4924e-16
 23.6	 2.053e+00	   171.73	   404.95	   597.18	  1144.36	  3516.31	 5841.85	 7.8655e-16	 3.5143e-17	 3.7422e-17	 9.1139e-17	 1.0778e-15	 2.7466e-14	 1.2419e-15	 6.5015e-16
 23.7	 2.068e+00	   175.61	   391.65	   601.67	  1134.23	  3542.19	 5852.26	 7.6071e-16	 3.4832e-17	 3.7704e-17	 9.3200e-17	 1.0857e-15	 2.4670e-14	 1.2519e-15	 6.5441e-16
 23.8	 2.084e+00	   170.07	   383.31	   605.20	  1149.29	  3570.45	 5885.75	 7.4451e-16	 3.5295e-17	 3.7925e-17	 9.0260e-17	 1.0944e-15	 2.6189e-14	 1.2585e-15	 6.5835e-16
 23.9	 2.101e+00	   172.24	   384.71	   607.65	  1130.99	  3577.17	 5879.86	 7.4723e-16	 3.4733e-17	 3.8079e-17	 9.1409e-17	 1.0964e-15	 2.5917e-14	 1.2613e-15	 6.5940e-16
 24.0	 2.119e+00	   167.97	   388.82	   617.55	  1126.79	  3643.76	 5952.24	 7.5521e-16	 3.4604e-17	 3.8699e-17	 8.9145e-17	 1.1168e-15	 2.1495e-14	 1.2799e-15	 6.6952e-16
 24.1	 2.137e+00	   182.52	   382.74	   606.89	  1125.26	  3630.96	 5935.62	 7.4340e-16	 3.4557e-17	 3.8031e-17	 9.6865e-17	 1.1129e-15	 2.8575e-14	 1.2827e-15	 6.6911e-16
 24.2	 2.156e+00	   181.18	   386.56	   622.33	  1113.07	  3722.67	 6033.28	 7.5082e-16	 3.4182e-17	 3.8998e-17	 9.6156e-17	 1.1410e-15	 2.5553e-14	 1.3109e-15	 6.8376e-16
 24.3	 2.176e+00	   187.58	   387.26	   623.63	  1120.32	  3696.57	 6021.76	 7.5218e-16	 3.4405e-17	 3.9080e-17	 9.9552e-17	 1.1330e-15	 2.3187e-14	 1.3065e-15	 6.8100e-16
 24.4	 2.197e+00	   189.97	   373.63	   630.48	  1095.46	  3735.75	 6032.90	 7.2571e-16	 3.3642e-17	 3.9509e-17	 1.0082e-16	 1.1450e-15	 2.6232e-14	 1.3197e-15	 6.8686e-16
 24.5	 2.219e+00	   185.73	   370.96	   624.33	  1088.53	  3807.56	 6084.66	 7.2052e-16	 3.3429e-17	 3.9124e-17	 9.8572e-17	 1.1670e-15	 2.5967e-14	 1.3386e-15	 6.9665e-16
 24.6	 2.242e+00	   191.34	   369.65	   640.03	  1092.76	  3832.42	 6133.04	 7.1799e-16	 3.3559e-17	 4.0107e-17	 1.0154e-16	 1.1747e-15	 2.4725e-14	 1.3502e-15	 7.0232e-16
 24.7	 2.266e+00	   192.48	   374.87	   635.63	  1065.26	  3896.78	 6171.78	 7.2813e-16	 3.2714e-17	 3.9832e-17	 1.0215e-16	 1.1944e-15	 2.3087e-14	 1.3695e-15	 7.1161e-16
 24.8	 2.292e+00	   196.94	   362.14	   657.31	  1059.11	  3967.80	 6249.61	 7.0340e-16	 3.2525e-17	 4.1190e-17	 1.0452e-16	 1.2162e-15	 2.2531e-14	 1.3948e-15	 7.2401e-16
 24.9	 2.319e+00	   195.92	   362.24	   663.49	  1049.95	  4045.15	 6324.63	 7.0358e-16	 3.2244e-17	 4.1577e-17	 1.0398e-16	 1.2399e-15	 2.7559e-14	 1.4182e-15	 7.3604e-16
 25.0	 2.347e+00	   203.11	   353.29	   659.92	  1038.46	  4065.97	 6327.56	 6.8621e-16	 3.1891e-17	 4.1354e-17	 1.0780e-16	 1.2462e-15	 2.1713e-14	 1.4280e-15	 7.3965e-16
 25.1	 2.377e+00	   207.54	   358.00	   665.08	  1019.20	  4123.64	 6380.18	 6.9536e-16	 3.1300e-17	 4.1677e-17	 1.1014e-16	 1.2639e-15	 2.2715e-14	 1.4476e-15	 7.4916e-16
 25.2	 2.409e+00	   205.66	   352.31	   675.65	   992.11	  4216.46	 6447.63	 6.8429e-16	 3.0468e-17	 4.2339e-17	 1.0915e-16	 1.2924e-15	 1.8978e-14	 1.4746e-15	 7.6280e-16
 25.3	 2.443e+00	   211.58	   359.12	   688.28	   967.41	  4270.19	 6502.63	 6.9752e-16	 2.9709e-17	 4.3131e-17	 1.1229e-16	 1.3088e-15	 1.9845e-14	 1.4948e-15	 7.7240e-16
 25.4	 2.479e+00	   208.43	   343.36	   688.60	   950.54	  4346.65	 6543.85	 6.6692e-16	 2.9191e-17	 4.3151e-17	 1.1062e-16	 1.3323e-15	 2.0114e-14	 1.5160e-15	 7.8287e-16
 25.5	 2.518e+00	   212.76	   332.25	   703.56	   918.55	  4482.67	 6655.55	 6.4534e-16	 2.8209e-17	 4.4089e-17	 1.1291e-16	 1.3740e-15	 1.7773e-14	 1.5597e-15	 8.0422e-16
 25.6	 2.558e+00	   221.03	   315.35	   692.32	   899.00	  4518.03	 6651.25	 6.1251e-16	 2.7608e-17	 4.3384e-17	 1.1731e-16	 1.3848e-15	 1.5391e-14	 1.5739e-15	 8.0947e-16
 25.7	 2.602e+00	   226.76	   303.83	   692.71	   867.08	  4627.27	 6723.54	 5.9013e-16	 2.6628e-17	 4.3408e-17	 1.2035e-16	 1.4183e-15	 1.5821e-14	 1.6093e-15	 8.2614e-16
 25.8	 2.649e+00	   225.14	   289.09	   701.43	   831.90	  4684.54	 6737.32	 5.6150e-16	 2.5548e-17	 4.3955e-17	 1.1949e-16	 1.4358e-15	 1.3863e-14	 1.6257e-15	 8.3389e-16
 25.9	 2.700e+00	   231.06	   271.77	   684.37	   788.49	  4789.74	 6771.41	 5.2787e-16	 2.4214e-17	 4.2886e-17	 1.2263e-16	 1.4681e-15	 1.5253e-14	 1.6587e-15	 8.4859e-16
 26.0	 2.755e+00	   234.37	   252.61	   700.00	   774.83	  4910.13	 6876.74	 4.9065e-16	 2.3795e-17	 4.3865e-17	 1.2438e-16	 1.5050e-15	 1.3308e-14	 1.6976e-15	 8.6766e-16
 26.1	 2.815e+00	   246.69	   227.66	   690.45	   716.99	  5047.99	 6934.55	 4.4218e-16	 2.2019e-17	 4.3267e-17	 1.3092e-16	 1.5472e-15	 1.2195e-14	 1.7443e-15	 8.8831e-16
 26.2	 2.881e+00	   248.00	   202.70	   677.14	   698.25	  5147.62	 6979.14	 3.9371e-16	 2.1443e-17	 4.2433e-17	 1.3161e-16	 1.5778e-15	 8.8401e-15	 1.7744e-15	 9.0210e-16
 26.3	 2.954e+00	   251.85	   182.01	   653.36	   645.37	  5321.22	 7057.38	 3.5352e-16	 1.9819e-17	 4.0943e-17	 1.3366e-16	 1.6310e-15	 6.6276e-15	 1.8260e-15	 9.2617e-16
 26.4	 3.034e+00	   254.97	   152.41	   639.61	   618.92	  5429.89	 7099.37	 2.9602e-16	 1.9007e-17	 4.0081e-17	 1.3531e-16	 1.6643e-15	 3.5456e-15	 1.8596e-15	 9.4131e-16
 26.5	 3.125e+00	   256.75	   127.64	   613.57	   549.02	  5609.52	 7160.71	 2.4792e-16	 1.6860e-17	 3.8450e-17	 1.3626e-16	 1.7194e-15	 4.5231e-15	 1.9122e-15	 9.6553e-16
 26.6	 3.227e+00	   252.96	   100.24	   586.36	   506.97	  5698.17	 7148.13	 1.9469e-16	 1.5569e-17	 3.6744e-17	 1.3425e-16	 1.7465e-15	 3.6575e-15	 1.9338e-15	 9.7511e-16
 26.7	 3.344e+00	   253.15	    76.55	   545.77	   450.89	  5864.77	 7195.08	 1.4869e-16	 1.3847e-17	 3.4201e-17	 1.3435e-16	 1.7976e-15	 2.6858e-15	 1.9811e-15	 9.9665e-16
 26.8	 3.478e+00	   241.63	    57.20	   479.34	   377.77	  5942.28	 7101.75	 1.1110e-16	 1.1601e-17	 3.0038e-17	 1.2824e-16	 1.8213e-15	 2.1036e-15	 1.9925e-15	 1.0006e-15
 26.9	 3.634e+00	   229.53	    34.57	   449.23	   320.70	  6033.73	 7072.72	 6.7143e-17	 9.8486e-18	 2.8151e-17	 1.2182e-16	 1.8494e-15	 2.6336e-15	 2.0105e-15	 1.0090e-15
 27.0	 3.818e+00	   216.42	    22.63	   387.13	   257.19	  5990.28	 6879.06	 4.3958e-17	 7.8984e-18	 2.4259e-17	 1.1486e-16	 1.8361e-15	 2.1673e-15	 1.9843e-15	 9.9455e-16
 27.1	 4.035e+00	   189.08	    16.23	   344.41	   192.93	  5925.53	 6673.56	 3.1531e-17	 5.9248e-18	 2.1583e-17	 1.0035e-16	 1.8162e-15	 1.9770e-15	 1.9455e-15	 9.7575e-16
 27.2	 4.292e+00	   155.75	    11.11	   299.12	   143.59	  5597.58	 6213.73	 2.1577e-17	 4.4096e-18	 1.8744e-17	 8.2658e-17	 1.7157e-15	 1.9834e-15	 1.8228e-15	 9.1536e-16
 27.3	 4.586e+00	   124.97	     6.40	   271.71	   101.19	  5113.68	 5626.32	 1.2427e-17	 3.1076e-18	 1.7027e-17	 6.6323e-17	 1.5674e-15	 1.6684e-15	 1.6560e-15	 8.3262e-16
 27.4	 4.896e+00	    96.16	     5.67	   237.46	    71.30	  4479.32	 4899.08	 1.1005e-17	 2.1897e-18	 1.4880e-17	 5.1034e-17	 1.3729e-15	 1.4540e-15	 1.4430e-15	 7.2665e-16
 27.5	 5.179e+00	    67.10	     5.16	   217.98	    48.64	  3705.26	 4055.30	 1.0016e-17	 1.4937e-18	 1.3660e-17	 3.5611e-17	 1.1357e-15	 1.1990e-15	 1.1890e-15	 6.0021e-16
 27.6	 5.355e+00	    44.28	     5.44	   200.03	    39.95	  2871.64	 3173.52	 1.0572e-17	 1.2268e-18	 1.2535e-17	 2.3498e-17	 8.8018e-16	 1.0702e-15	 9.2067e-16	 4.6606e-16
 27.7	 5.337e+00	    27.41	     4.14	   168.64	    33.14	  2059.31	 2303.93	 8.0374e-18	 1.0176e-18	 1.0568e-17	 1.4545e-17	 6.3119e-16	 6.6848e-16	 6.6044e-16	 3.3525e-16
 27.8	 5.044e+00	    13.81	     3.98	   138.34	    29.79	  1396.59	 1592.82	 7.7283e-18	 9.1497e-19	 8.6689e-18	 7.3316e-18	 4.2806e-16	 7.3404e-16	 4.4831e-16	 2.2847e-16
 27.9	 4.454e+00	     8.66	     4.58	   103.01	    29.19	   881.85	 1036.45	 8.9030e-18	 8.9639e-19	 6.4548e-18	 4.5949e-18	 2.7029e-16	 4.3320e-16	 2.8529e-16	 1.4572e-16
 28.0	 3.626e+00	     5.22	     4.46	    73.98	    29.44	   527.54	  648.24	 8.6556e-18	 9.0421e-19	 4.6357e-18	 2.7705e-18	 1.6169e-16	 1.8143e-16	 1.7278e-16	 8.8502e-17
 28.1	 2.691e+00	     3.44	     3.82	    46.89	    30.75	   323.56	  413.33	 7.4191e-18	 9.4429e-19	 2.9382e-18	 1.8245e-18	 9.9174e-17	 1.1442e-16	 1.0700e-16	 5.4908e-17
 28.2	 1.804e+00	     2.77	     4.01	    26.58	    29.09	   204.80	  270.82	 7.7901e-18	 8.9346e-19	 1.6656e-18	 1.4697e-18	 6.2773e-17	 2.1519e-16	 6.8396e-17	 3.5072e-17
 28.3	 1.083e+00	     2.48	     3.47	    18.02	    26.23	   154.83	  206.46	 6.7390e-18	 8.0548e-19	 1.1290e-18	 1.3177e-18	 4.7455e-17	 5.8059e-17	 5.1320e-17	 2.6432e-17
 28.4	 5.800e-01	     2.20	     4.01	    15.18	    29.95	   131.75	  184.24	 7.7901e-18	 9.1985e-19	 9.5147e-19	 1.1656e-18	 4.0382e-17	 1.9078e-16	 4.3993e-17	 2.2760e-17
 28.5	 2.771e-01	     1.75	     3.44	    12.83	    29.25	   117.39	  165.04	 6.6772e-18	 8.9835e-19	 8.0386e-19	 9.2912e-19	 3.5982e-17	 4.5457e-17	 3.8780e-17	 2.0181e-17
 28.6	 1.196e-01	     1.59	     3.37	    11.52	    28.01	   118.51	  163.04	 6.5536e-18	 8.6023e-19	 7.2208e-19	 8.4466e-19	 3.6323e-17	 4.5322e-17	 3.8769e-17	 2.0179e-17
 28.7	 4.903e-02	     2.45	     4.58	    10.15	    27.98	   115.04	  160.24	 8.9030e-18	 8.5925e-19	 6.3631e-19	 1.3008e-18	 3.5260e-17	 4.6977e-17	 3.8075e-17	 1.9736e-17
 28.8	 2.185e-02	     2.74	     3.72	    10.50	    26.99	   114.24	  158.33	 7.2336e-18	 8.2894e-19	 6.5825e-19	 1.4528e-18	 3.5016e-17	 4.6221e-16	 3.7974e-17	 1.9633e-17
 28.9	 1.629e-02	     1.62	     3.82	     8.44	    27.02	   112.90	  153.84	 7.4191e-18	 8.2992e-19	 5.2859e-19	 8.6155e-19	 3.4606e-17	 1.8325e-16	 3.6826e-17	 1.9126e-17
 29.0	 1.302e-02	     2.20	     4.46	    10.12	    26.67	   115.36	  158.90	 8.6556e-18	 8.1917e-19	 6.3431e-19	 1.1656e-18	 3.5357e-17	 4.6363e-16	 3.7976e-17	 1.9701e-17
 29.1	 1.226e-02	     2.61	     4.11	    10.79	    25.11	   116.34	  159.03	 7.9756e-18	 7.7127e-19	 6.7620e-19	 1.3852e-18	 3.5660e-17	 1.8549e-16	 3.8511e-17	 1.9907e-17
 29.2	 1.200e-02	     2.58	     3.12	    10.44	    26.71	   112.43	  155.43	 6.0590e-18	 8.2015e-19	 6.5426e-19	 1.3683e-18	 3.4460e-17	 5.9938e-16	 3.7321e-17	 1.9299e-17
 29.3	 1.187e-02	     1.85	     4.33	    10.85	    25.81	   108.42	  151.29	 8.4083e-18	 7.9278e-19	 6.8019e-19	 9.7980e-19	 3.3230e-17	 4.4110e-17	 3.5702e-17	 1.8579e-17
 29.4	 1.179e-02	     2.39	     4.33	    10.22	    26.83	   112.05	  155.84	 8.4083e-18	 8.2406e-19	 6.4030e-19	 1.2670e-18	 3.4343e-17	 4.5501e-17	 3.7092e-17	 1.9226e-17
 29.5	 1.171e-02	     2.36	     3.92	     9.68	    25.72	   110.61	  152.34	 7.6046e-18	 7.8984e-19	 6.0639e-19	 1.2501e-18	 3.3904e-17	 4.4191e-17	 3.6587e-17	 1.8931e-17
 29.6	 1.164e-02	     2.67	     3.60	    10.09	    27.66	   112.36	  156.39	 6.9863e-18	 8.4947e-19	 6.3232e-19	 1.4190e-18	 3.4440e-17	 4.4327e-17	 3.7341e-17	 1.9314e-17
 29.7	 1.155e-02	     1.62	     3.95	     8.72	    28.01	   111.28	  153.65	 7.6664e-18	 8.6023e-19	 5.4654e-19	 8.6155e-19	 3.4108e-17	 1.8306e-16	 3.6395e-17	 1.8926e-17
 29.8	 1.152e-02	     2.20	     3.53	     8.66	    26.17	   107.08	  147.70	 6.8627e-18	 8.0353e-19	 5.4256e-19	 1.1656e-18	 3.2821e-17	 1.8120e-16	 3.5332e-17	 1.8295e-17
 29.9	 1.147e-02	     2.13	     3.88	     9.23	    24.64	   106.00	  145.88	 7.5428e-18	 7.5661e-19	 5.7846e-19	 1.1318e-18	 3.2489e-17	 4.2499e-17	 3.4956e-17	 1.8112e-17
 30.0	 1.129e-02	     0.76	     1.72	     2.61	     7.83	    34.50	   47.43	 3.3386e-18	 2.4047e-19	 1.6356e-19	 4.0544e-19	 1.0576e-17	 1.4724e-17	 1.1385e-17	 5.8921e-18
 30.1	 5.190e-03	     0.99	     1.15	     3.02	     7.89	    33.39	   46.44	 2.2257e-18	 2.4243e-19	 1.8950e-19	 5.2369e-19	 1.0234e-17	 1.3416e-17	 1.1190e-17	 5.7650e-18
 30.2	 2.730e-03	     0.73	     1.53	     4.23	     6.81	    32.50	   45.80	 2.9677e-18	 2.0919e-19	 2.6529e-19	 3.8854e-19	 9.9613e-18	 1.3792e-17	 1.0824e-17	 5.6300e-18
 30.3	 5.086e-03	     0.48	     1.15	     2.74	     7.48	    32.72	   44.60	 2.2257e-18	 2.2972e-19	 1.7154e-19	 2.5340e-19	 1.0030e-17	 1.2928e-17	 1.0703e-17	 5.5557e-18
 30.4	 2.712e-03	     0.57	     1.05	     3.63	     7.93	    32.91	   46.15	 2.0403e-18	 2.4340e-19	 2.2739e-19	 3.0408e-19	 1.0088e-17	 1.5190e-16	 1.0863e-17	 5.6565e-18
 30.5	 5.065e-03	     0.54	     0.95	     2.96	     8.56	    34.03	   47.05	 1.8548e-18	 2.6296e-19	 1.8551e-19	 2.8718e-19	 1.0430e-17	 1.3020e-17	 1.1165e-17	 5.8018e-18
 30.6	 4.989e-03	     0.64	     1.05	     3.31	     8.05	    31.13	   44.18	 2.0403e-18	 2.4731e-19	 2.0745e-19	 3.3786e-19	 9.5418e-18	 1.2375e-17	 1.0334e-17	 5.3748e-18
 30.7	 2.658e-03	     0.48	     0.83	     3.44	     6.91	    30.56	   42.21	 1.6075e-18	 2.1212e-19	 2.1543e-19	 2.5340e-19	 9.3662e-18	 1.1655e-17	 1.0047e-17	 5.2281e-18
 30.8	 4.923e-03	     0.67	     1.15	     2.04	     7.96	    29.95	   41.79	 2.2257e-18	 2.4438e-19	 1.2766e-19	 3.5476e-19	 9.1808e-18	 1.5113e-16	 9.9076e-18	 5.1290e-18
 30.9	 4.886e-03	     0.67	     0.45	     3.34	     7.67	    30.56	   42.69	 8.6556e-19	 2.3558e-19	 2.0944e-19	 3.5476e-19	 9.3662e-18	 1.1032e-17	 1.0166e-17	 5.2661e-18
 31.0	 4.882e-03	     0.54	     1.08	     3.18	     7.38	    31.13	   43.32	 2.1021e-18	 2.2679e-19	 1.9947e-19	 2.8718e-19	 9.5418e-18	 1.2357e-17	 1.0255e-17	 5.3339e-18
 31.1	 4.851e-03	     0.29	     0.99	     2.93	     6.62	    31.07	   41.89	 1.9166e-18	 2.0333e-19	 1.8351e-19	 1.5204e-19	 9.5223e-18	 1.1978e-17	 1.0061e-17	 5.2441e-18
 31.2	 4.814e-03	     0.29	     1.34	     3.18	     7.80	    30.59	   43.19	 2.5967e-18	 2.3949e-19	 1.9947e-19	 1.5204e-19	 9.3759e-18	 1.2564e-17	 9.9669e-18	 5.2268e-18
 31.3	 4.746e-03	     0.67	     1.08	     3.25	     8.02	    28.36	   41.38	 2.1021e-18	 2.4634e-19	 2.0346e-19	 3.5476e-19	 8.6930e-18	 1.1600e-17	 9.4975e-18	 4.9466e-18
 31.4	 4.679e-03	     0.41	     1.08	     2.86	     7.89	    30.21	   42.49	 2.1021e-18	 2.4243e-19	 1.7952e-19	 2.1961e-19	 9.2588e-18	 1.5100e-16	 9.9004e-18	 5.1686e-18
 31.5	 4.698e-03	     0.48	     0.99	     3.09	     7.99	    28.23	   40.81	 1.9166e-18	 2.4536e-19	 1.9348e-19	 2.5340e-19	 8.6539e-18	 1.5026e-16	 9.3462e-18	 4.8851e-18
 31.6	 4.714e-03	     0.60	     1.21	     2.04	     7.93	    28.97	   40.74	 2.3494e-18	 2.4340e-19	 1.2766e-19	 3.2097e-19	 8.8783e-18	 1.1920e-17	 9.5704e-18	 4.9647e-18
 31.7	 4.687e-03	     0.48	     0.89	     3.21	     6.49	    29.09	   40.17	 1.7311e-18	 1.9942e-19	 2.0146e-19	 2.5340e-19	 8.9174e-18	 1.1303e-17	 9.5716e-18	 4.9785e-18
 31.8	 4.598e-03	     0.57	     1.02	     2.58	     7.32	    28.78	   40.27	 1.9784e-18	 2.2483e-19	 1.6157e-19	 3.0408e-19	 8.8198e-18	 1.1489e-17	 9.5103e-18	 4.9370e-18
 31.9	 4.573e-03	     0.54	     1.08	     2.42	     7.64	    29.76	   41.48	 2.1021e-18	 2.3461e-19	 1.5160e-19	 2.8718e-19	 9.1223e-18	 1.1898e-17	 9.7958e-18	 5.0873e-18
 32.0	 4.548e-03	     0.38	     0.83	     3.21	     7.00	    29.41	   40.84	 1.6075e-18	 2.1506e-19	 2.0146e-19	 2.0272e-19	 9.0149e-18	 1.1242e-17	 9.6342e-18	 5.0252e-18
 32.1	 4.475e-03	     0.80	     0.76	     2.39	     7.07	    27.37	   38.39	 1.4838e-18	 2.1701e-19	 1.4960e-19	 4.2233e-19	 8.3905e-18	 1.0663e-17	 9.1795e-18	 4.7317e-18
 32.2	 4.474e-03	     0.54	     1.15	     2.86	     6.53	    27.85	   38.93	 2.2257e-18	 2.0039e-19	 1.7952e-19	 2.8718e-19	 8.5369e-18	 1.1430e-17	 9.2040e-18	 4.7846e-18
 32.3	 4.449e-03	     0.60	     1.15	     2.74	     7.10	    27.12	   38.71	 2.2257e-18	 2.1799e-19	 1.7154e-19	 3.2097e-19	 8.3125e-18	 1.1249e-17	 9.0230e-18	 4.6909e-18
 32.4	 4.456e-03	     0.54	     1.05	     2.93	     6.08	    28.36	   38.99	 2.0403e-18	 1.8671e-19	 1.8351e-19	 2.8718e-19	 8.6930e-18	 1.5039e-16	 9.3504e-18	 4.8534e-18
 32.5	 4.380e-03	     0.64	     1.18	     2.23	     7.83	    28.46	   40.33	 2.2876e-18	 2.4047e-19	 1.3963e-19	 3.3786e-19	 8.7222e-18	 1.1728e-17	 9.4402e-18	 4.8977e-18
 32.6	 4.358e-03	     0.64	     0.80	     2.86	     6.53	    28.27	   39.09	 1.5457e-18	 2.0039e-19	 1.7952e-19	 3.3786e-19	 8.6637e-18	 1.0927e-17	 9.3815e-18	 4.8553e-18
 32.7	 4.300e-03	     0.35	     1.24	     2.32	     6.43	    30.46	   40.87	 2.4112e-18	 1.9746e-19	 1.4561e-19	 1.8582e-19	 9.3369e-18	 1.5130e-16	 9.8843e-18	 5.1354e-18
 32.8	 4.309e-03	     0.54	     0.70	     2.99	     7.13	    27.22	   38.58	 1.3602e-18	 2.1897e-19	 1.8750e-19	 2.8718e-19	 8.3417e-18	 1.0396e-17	 9.0354e-18	 4.6985e-18
 32.9	 4.262e-03	     0.41	     1.08	     2.45	     7.35	    27.88	   39.22	 2.1021e-18	 2.2581e-19	 1.5359e-19	 2.1961e-19	 8.5466e-18	 1.5025e-16	 9.1456e-18	 4.7698e-18
 33.0	 4.305e-03	     0.48	     0.92	     2.90	     6.53	    26.67	   37.50	 1.7930e-18	 2.0039e-19	 1.8152e-19	 2.5340e-19	 8.1759e-18	 1.0604e-17	 8.8112e-18	 4.5874e-18
 33.1	 4.249e-03	     0.41	     0.99	     2.93	     6.53	    29.67	   40.55	 1.9166e-18	 2.0039e-19	 1.8351e-19	 2.1961e-19	 9.0930e-18	 1.1632e-17	 9.7150e-18	 5.0499e-18
 33.2	 4.228e-03	     0.32	     0.95	     2.58	     7.89	    26.90	   38.64	 1.8548e-18	 2.4243e-19	 1.6157e-19	 1.6893e-19	 8.2442e-18	 1.0672e-17	 8.8171e-18	 4.6187e-18
 33.3	 2.252e-03	     0.54	     1.37	     2.83	     6.05	    27.31	   38.17	 2.6585e-18	 1.8573e-19	 1.7753e-19	 2.8718e-19	 8.3710e-18	 1.1698e-17	 9.0399e-18	 4.6961e-18
 33.4	 4.160e-03	     0.67	     0.64	     2.32	     6.40	    26.52	   36.57	 1.2365e-18	 1.9648e-19	 1.4561e-19	 3.5476e-19	 8.1271e-18	 1.0079e-17	 8.8424e-18	 4.5566e-18
 33.5	 4.202e-03	     0.48	     1.08	     1.62	     6.78	    26.64	   36.61	 2.1021e-18	 2.0821e-19	 1.0173e-19	 2.5340e-19	 8.1661e-18	 1.0832e-17	 8.7295e-18	 4.5245e-18
 33.6	 4.154e-03	     0.54	     0.80	     1.91	     7.10	    24.73	   35.08	 1.5457e-18	 2.1799e-19	 1.1968e-19	 2.8718e-19	 7.5807e-18	 9.7512e-18	 8.2056e-18	 4.2557e-18
 33.7	 4.114e-03	     0.41	     1.21	     2.71	     6.94	    25.34	   36.61	 2.3494e-18	 2.1310e-19	 1.6955e-19	 2.1961e-19	 7.7661e-18	 1.0718e-17	 8.3684e-18	 4.3784e-18
 33.8	 4.092e-03	     0.32	     0.64	     2.45	     6.14	    27.95	   37.50	 1.2365e-18	 1.8866e-19	 1.5359e-19	 1.6893e-19	 8.5661e-18	 1.0314e-17	 9.0773e-18	 4.7163e-18
 33.9	 2.147e-03	     0.29	     1.05	     2.61	     6.59	    25.97	   36.51	 2.0403e-18	 2.0235e-19	 1.6356e-19	 1.5204e-19	 7.9612e-18	 1.0519e-17	 8.4792e-18	 4.4370e-18
 34.0	 4.040e-03	     0.60	     0.67	     2.55	     6.84	    26.71	   37.37	 1.2983e-18	 2.1017e-19	 1.5958e-19	 3.2097e-19	 8.1856e-18	 1.0175e-17	 8.8764e-18	 4.5965e-18
 34.1	 4.019e-03	     0.48	     1.11	     2.36	     6.68	    26.52	   37.15	 2.1639e-18	 2.0528e-19	 1.4761e-19	 2.5340e-19	 8.1271e-18	 1.0897e-17	 8.7334e-18	 4.5427e-18
 34.2	 3.979e-03	     0.51	     1.02	     2.55	     7.10	    24.99	   36.16	 1.9784e-18	 2.1799e-19	 1.5958e-19	 2.7029e-19	 7.6588e-18	 1.0285e-17	 8.3066e-18	 4.3305e-18
 34.3	 3.947e-03	     0.76	     0.80	     1.91	     6.02	    25.08	   34.57	 1.5457e-18	 1.8475e-19	 1.1968e-19	 4.0544e-19	 7.6881e-18	 9.9436e-18	 8.3979e-18	 4.3154e-18
 34.4	 3.935e-03	     0.41	     0.83	     2.80	     6.49	    24.99	   35.56	 1.6075e-18	 1.9942e-19	 1.7553e-19	 2.1961e-19	 7.6588e-18	 1.4886e-16	 8.2533e-18	 4.3081e-18
 34.5	 3.858e-03	     0.51	     1.05	     2.23	     6.94	    24.76	   35.49	 2.0403e-18	 2.1310e-19	 1.3963e-19	 2.7029e-19	 7.5905e-18	 1.0254e-17	 8.2135e-18	 4.2749e-18
 34.6	 2.080e-03	     0.57	     0.76	     2.36	     6.37	    25.85	   35.91	 1.4838e-18	 1.9551e-19	 1.4761e-19	 3.0408e-19	 7.9222e-18	 1.0053e-17	 8.5694e-18	 4.4363e-18
 34.7	 3.886e-03	     0.57	     0.95	     2.48	     6.72	    23.55	   34.28	 1.8548e-18	 2.0626e-19	 1.5559e-19	 3.0408e-19	 7.2198e-18	 9.7405e-18	 7.8857e-18	 4.1025e-18
 34.8	 3.885e-03	     0.64	     0.92	     1.97	     6.68	    25.31	   35.52	 1.7930e-18	 2.0528e-19	 1.2367e-19	 3.3786e-19	 7.7564e-18	 1.0216e-17	 8.4232e-18	 4.3552e-18
 34.9	 3.835e-03	     0.51	     0.99	     2.29	     5.92	    25.08	   34.79	 1.9166e-18	 1.8182e-19	 1.4362e-19	 2.7029e-19	 7.6881e-18	 1.0200e-17	 8.2838e-18	 4.2969e-18
 35.0	 2.027e-03	     0.54	     1.11	     2.36	     6.59	    23.08	   33.68	 2.1639e-18	 2.0235e-19	 1.4761e-19	 2.8718e-19	 7.0734e-18	 9.8745e-18	 7.7105e-18	 4.0168e-18
 35.1	 3.741e-03	     0.25	     1.08	     2.48	     6.81	    23.49	   34.15	 2.1021e-18	 2.0919e-19	 1.5559e-19	 1.3515e-19	 7.2002e-18	 9.8024e-18	 7.7003e-18	 4.0469e-18
 35.2	 3.678e-03	     0.32	     1.05	     2.26	     6.18	    24.06	   33.90	 2.0403e-18	 1.8964e-19	 1.4162e-19	 1.6893e-19	 7.3759e-18	 9.9348e-18	 7.8945e-18	 4.1199e-18
 35.3	 3.714e-03	     0.29	     0.67	     2.86	     6.40	    23.24	   33.45	 1.2983e-18	 1.9648e-19	 1.7952e-19	 1.5204e-19	 7.1222e-18	 8.9486e-18	 7.6502e-18	 4.0106e-18
 35.4	 1.974e-03	     0.48	     0.83	     2.26	     5.98	    24.19	   33.74	 1.6075e-18	 1.8378e-19	 1.4162e-19	 2.5340e-19	 7.4149e-18	 9.6012e-18	 7.9937e-18	 4.1493e-18
 35.5	 3.683e-03	     0.48	     0.70	     2.07	     5.60	    22.85	   31.74	 1.3602e-18	 1.7205e-19	 1.2965e-19	 2.5340e-19	 7.0051e-18	 8.9389e-18	 7.5787e-18	 3.9222e-18
 35.6	 3.610e-03	     0.38	     1.11	     2.61	     6.46	    21.90	   32.47	 2.1639e-18	 1.9844e-19	 1.6356e-19	 2.0272e-19	 6.7124e-18	 9.4410e-18	 7.2771e-18	 3.8182e-18
 35.7	 3.594e-03	     0.51	     0.70	     2.23	     6.43	    22.95	   32.82	 1.3602e-18	 1.9746e-19	 1.3963e-19	 2.7029e-19	 7.0344e-18	 9.0019e-18	 7.6418e-18	 3.9695e-18
 35.8	 3.547e-03	     0.83	     1.37	     1.97	     5.79	    22.54	   32.50	 2.6585e-18	 1.7791e-19	 1.2367e-19	 4.3922e-19	 6.9075e-18	 1.0307e-17	 7.6483e-18	 3.9426e-18
 35.9	 3.553e-03	     0.45	     1.43	     2.39	     5.19	    23.01	   32.47	 2.7822e-18	 1.5934e-19	 1.4960e-19	 2.3650e-19	 7.0539e-18	 1.0382e-17	 7.5993e-18	 3.9611e-18
 36.0	 3.519e-03	     0.60	     1.02	     2.64	     5.38	    23.84	   33.52	 1.9784e-18	 1.6520e-19	 1.6556e-19	 3.2097e-19	 7.3076e-18	 1.4894e-16	 7.9593e-18	 4.1257e-18
 36.1	 3.513e-03	     0.57	     1.21	     2.20	     5.73	    21.17	   30.91	 2.3494e-18	 1.7596e-19	 1.3763e-19	 3.0408e-19	 6.4880e-18	 9.4553e-18	 7.1059e-18	 3.6949e-18
 36.2	 3.497e-03	     0.60	     0.76	     2.04	     6.02	    22.47	   31.89	 1.4838e-18	 1.8475e-19	 1.2766e-19	 3.2097e-19	 6.8880e-18	 9.0052e-18	 7.5214e-18	 3.8904e-18
 36.3	 3.467e-03	     0.54	     0.95	     2.39	     5.51	    20.75	   30.14	 1.8548e-18	 1.6911e-19	 1.4960e-19	 2.8718e-19	 6.3612e-18	 8.8219e-18	 6.9671e-18	 3.6227e-18
 36.4	 3.447e-03	     0.48	     0.48	     2.20	     5.00	    22.00	   30.14	 9.2739e-19	 1.5347e-19	 1.3763e-19	 2.5340e-19	 6.7417e-18	 8.2136e-18	 7.2862e-18	 3.7675e-18
 36.5	 3.418e-03	     0.57	     0.67	     2.10	     5.12	    21.20	   29.67	 1.2983e-18	 1.5738e-19	 1.3165e-19	 3.0408e-19	 6.4978e-18	 8.3892e-18	 7.0909e-18	 3.6630e-18
 36.6	 3.404e-03	     0.48	     0.70	     1.91	     6.43	    21.36	   30.88	 1.3602e-18	 1.9746e-19	 1.1968e-19	 2.5340e-19	 6.5466e-18	 8.4773e-18	 7.1171e-18	 3.6999e-18
 36.7	 1.810e-03	     0.32	     0.95	     1.85	     5.60	    21.77	   30.49	 1.8548e-18	 1.7205e-19	 1.1569e-19	 1.6893e-19	 6.6734e-18	 8.9848e-18	 7.1301e-18	 3.7176e-18
 36.8	 3.397e-03	     0.32	     0.67	     2.26	     5.73	    22.03	   31.00	 1.2983e-18	 1.7596e-19	 1.4162e-19	 1.6893e-19	 6.7514e-18	 8.5363e-18	 7.2380e-18	 3.7759e-18
 36.9	 3.345e-03	     0.29	     0.64	     1.81	     5.57	    22.63	   30.94	 1.2365e-18	 1.7107e-19	 1.1370e-19	 1.5204e-19	 6.9368e-18	 8.6101e-18	 7.3736e-18	 3.8348e-18
 37.0	 3.326e-03	     0.32	     1.15	     1.69	     5.44	    20.02	   28.62	 2.2257e-18	 1.6716e-19	 1.0572e-19	 1.6893e-19	 6.1368e-18	 8.8043e-18	 6.5786e-18	 3.4376e-18
 37.1	 3.274e-03	     0.54	     0.80	     2.32	     6.59	    21.74	   32.02	 1.5457e-18	 2.0235e-19	 1.4561e-19	 2.8718e-19	 6.6636e-18	 1.4784e-16	 7.2988e-18	 3.8008e-18
 37.2	 3.236e-03	     0.57	     0.99	     2.23	     5.44	    20.15	   29.38	 1.9166e-18	 1.6716e-19	 1.3963e-19	 3.0408e-19	 6.1758e-18	 8.7033e-18	 6.7867e-18	 3.5243e-18
 37.3	 3.245e-03	     0.60	     0.60	     2.42	     5.60	    18.78	   28.04	 1.1747e-18	 1.7205e-19	 1.5160e-19	 3.2097e-19	 5.7563e-18	 7.5941e-18	 6.4194e-18	 3.3272e-18
 37.4	 3.219e-03	     0.25	     0.73	     1.78	     5.06	    20.24	   28.07	 1.4220e-18	 1.5543e-19	 1.1170e-19	 1.3515e-19	 6.2051e-18	 8.0294e-18	 6.6074e-18	 3.4452e-18
 37.5	 3.176e-03	     0.60	     1.21	     1.69	     5.38	    21.01	   29.89	 2.3494e-18	 1.6520e-19	 1.0572e-19	 3.2097e-19	 6.4392e-18	 9.3805e-18	 7.0311e-18	 3.6374e-18
 37.6	 3.136e-03	     0.48	     0.76	     1.72	     5.28	    20.63	   28.87	 1.4838e-18	 1.6227e-19	 1.0771e-19	 2.5340e-19	 6.3222e-18	 8.3294e-18	 6.8455e-18	 3.5447e-18
 37.7	 3.164e-03	     0.22	     0.70	     2.39	     4.68	    20.50	   28.49	 1.3602e-18	 1.4370e-19	 1.4960e-19	 1.1825e-19	 6.2831e-18	 8.0549e-18	 6.6947e-18	 3.5008e-18
 37.8	 1.671e-03	     0.45	     0.92	     2.16	     5.19	    19.99	   28.71	 1.7930e-18	 1.5934e-19	 1.3564e-19	 2.3650e-19	 6.1270e-18	 8.4515e-18	 6.6585e-18	 3.4664e-18
 37.9	 3.148e-03	     0.29	     1.02	     1.97	     5.41	    20.59	   29.28	 1.9784e-18	 1.6618e-19	 1.2367e-19	 1.5204e-19	 6.3124e-18	 8.7327e-18	 6.7543e-18	 3.5327e-18
 38.0	 3.143e-03	     0.54	     0.76	     1.88	     4.84	    18.81	   26.83	 1.4838e-18	 1.4858e-19	 1.1769e-19	 2.8718e-19	 5.7660e-18	 7.8033e-18	 6.3195e-18	 3.2694e-18
 38.1	 3.067e-03	     0.57	     0.89	     1.75	     5.22	    19.26	   27.69	 1.7311e-18	 1.6031e-19	 1.0971e-19	 3.0408e-19	 5.9026e-18	 8.2079e-18	 6.4767e-18	 3.3511e-18
 38.2	 3.060e-03	     0.38	     0.54	     1.88	     5.79	    20.56	   29.16	 1.0510e-18	 1.7791e-19	 1.1769e-19	 2.0272e-19	 6.3026e-18	 7.8520e-18	 6.8010e-18	 3.5367e-18
 38.3	 1.621e-03	     0.64	     0.80	     2.04	     5.47	    18.78	   27.72	 1.5457e-18	 1.6814e-19	 1.2766e-19	 3.3786e-19	 5.7563e-18	 7.9356e-18	 6.3899e-18	 3.3078e-18
 38.4	 3.046e-03	     0.41	     0.83	     1.72	     5.38	    18.53	   26.87	 1.6075e-18	 1.6520e-19	 1.0771e-19	 2.1961e-19	 5.6782e-18	 7.7782e-18	 6.1708e-18	 3.2126e-18
 38.5	 2.982e-03	     0.48	     0.70	     1.78	     5.35	    19.54	   27.85	 1.3602e-18	 1.6422e-19	 1.1170e-19	 2.5340e-19	 5.9904e-18	 7.8799e-18	 6.5198e-18	 3.3803e-18
 38.6	 1.587e-03	     0.38	     1.02	     2.26	     5.28	    19.07	   28.01	 1.9784e-18	 1.6227e-19	 1.4162e-19	 2.0272e-19	 5.8441e-18	 8.3291e-18	 6.3507e-18	 3.3231e-18
 38.7	 2.950e-03	     0.25	     0.60	     1.88	     4.84	    18.21	   25.78	 1.1747e-18	 1.4858e-19	 1.1769e-19	 1.3515e-19	 5.5807e-18	 7.1568e-18	 5.9821e-18	 3.1246e-18
 38.8	 2.953e-03	     0.29	     0.73	     2.45	     4.42	    20.44	   28.33	 1.4220e-18	 1.3588e-19	 1.5359e-19	 1.5204e-19	 6.2636e-18	 8.1271e-18	 6.7051e-18	 3.4983e-18
 38.9	 2.929e-03	     0.45	     0.67	     2.23	     4.87	    17.79	   26.01	 1.2983e-18	 1.4956e-19	 1.3963e-19	 2.3650e-19	 5.4538e-18	 7.2779e-18	 5.9795e-18	 3.1132e-18
 39.0	 1.559e-03	     0.54	     0.60	     1.50	     5.06	    19.03	   26.74	 1.1747e-18	 1.5543e-19	 9.3750e-20	 2.8718e-19	 5.8343e-18	 7.5454e-18	 6.3707e-18	 3.2854e-18
 39.1	 2.901e-03	     0.29	     0.70	     2.07	     5.22	    16.97	   25.31	 1.3602e-18	 1.6031e-19	 1.2965e-19	 1.5204e-19	 5.2002e-18	 1.4602e-16	 5.6607e-18	 2.9676e-18
 39.2	 2.912e-03	     0.29	     0.64	     1.91	     4.84	    17.51	   25.18	 1.2365e-18	 1.4858e-19	 1.1968e-19	 1.5204e-19	 5.3660e-18	 7.0229e-18	 5.7863e-18	 3.0236e-18
 39.3	 2.908e-03	     0.35	     0.54	     2.10	     4.04	    17.67	   24.70	 1.0510e-18	 1.2415e-19	 1.3165e-19	 1.8582e-19	 5.4148e-18	 6.9075e-18	 5.8564e-18	 3.0438e-18
 39.4	 2.876e-03	     0.45	     0.51	     1.91	     5.12	    18.08	   26.07	 9.8922e-19	 1.5738e-19	 1.1968e-19	 2.3650e-19	 5.5416e-18	 7.0444e-18	 6.0552e-18	 3.1435e-18
 39.5	 2.809e-03	     0.25	     0.99	     1.91	     4.90	    17.76	   25.81	 1.9166e-18	 1.5054e-19	 1.1968e-19	 1.3515e-19	 5.4441e-18	 7.7661e-18	 5.8494e-18	 3.0689e-18
 39.6	 2.790e-03	     0.16	     0.99	     2.13	     5.38	    17.63	   26.29	 1.9166e-18	 1.6520e-19	 1.3364e-19	 8.4466e-20	 5.4051e-18	 7.7050e-18	 5.7884e-18	 3.0594e-18
 39.7	 2.819e-03	     0.35	     0.64	     1.97	     4.62	    17.60	   25.18	 1.2365e-18	 1.4174e-19	 1.2367e-19	 1.8582e-19	 5.3953e-18	 7.0831e-18	 5.8465e-18	 3.0459e-18
 39.8	 2.793e-03	     0.35	     0.70	     1.75	     4.11	    17.73	   24.64	 1.3602e-18	 1.2610e-19	 1.0971e-19	 1.8582e-19	 5.4343e-18	 7.2161e-18	 5.8560e-18	 3.0406e-18
 39.9	 1.461e-03	     0.41	     1.24	     1.75	     3.69	    17.86	   24.96	 2.4112e-18	 1.1339e-19	 1.0971e-19	 2.1961e-19	 5.4734e-18	 8.3273e-18	 5.9161e-18	 3.0730e-18
 40.0	 2.716e-03	     0.00	     0.00	     0.00	     0.00	     0.00	    0.00	 0.0000e+00	 0.0000e+00	 0.0000e+00	 0.0000e+00	 0.0000e+00	 0.0000e+00	 0.0000e+00	 0.0000e+00
