5000000
300
 ZONE MED   LOSS(MEV)      (MEV)    EXCITATION    PI0   (MEV)        PI+     K+    MU-    MU+     PROT    DEUT    TRIT     HE3    ALPH     ELSC    INEL    FISS
   1   1  0.225010E+07 0.331815E+03 0.5951E+01      0 0.0000E+00       0      0      0      0     2435     462     127     287    1371     1810    5518       0
   2   1  0.227619E+07 0.324687E+03 0.1199E+02      0 0.0000E+00       0      0      0      0     3201     543     149     319    1414     1817    5652       0
   3   1  0.229057E+07 0.304305E+03 0.1209E+01      2 0.2964E+02       0      0      0      0     3589     583     166     318    1402     1801    5676       0
   4   1  0.230644E+07 0.312717E+03 0.3131E+01      3 0.1837E+02       0      0      0      0     3904     592     151     304    1480     1827    5684       0
   5   1  0.231843E+07 0.318509E+03 0.7310E+01      0 0.0000E+00       0      0      0      0     4102     610     179     308    1407     1916    5587       0
   6   1  0.233085E+07 0.340446E+03 0.0000E+00      3 0.5893E+02       0      0      0      0     4326     642     148     343    1404     1966    5734       0
   7   1  0.234155E+07 0.337475E+03 0.1663E+02      2 0.1823E+02       0      0      0      0     4601     632     167     316    1446     1915    5829       0
   8   1  0.235286E+07 0.345932E+03 0.0000E+00      0 0.0000E+00       0      0      0      0     4792     596     153     298    1447     1909    5856       0
   9   1  0.236286E+07 0.350773E+03 0.2033E+01      2 0.2675E+02       0      0      0      0     4927     607     168     333    1414     2065    5906       0
  10   1  0.237219E+07 0.358158E+03 0.1597E+02      0 0.0000E+00       0      0      0      0     5060     668     158     335    1452     2010    6031       0
  11   1  0.237989E+07 0.354854E+03 0.7206E+01      1 0.3790E+01       0      0      0      0     5111     657     150     323    1501     2109    5884       0
  12   1  0.238930E+07 0.353862E+03 0.6617E+00      2 0.3057E+02       0      0      0      0     5303     616     152     315    1491     2064    5946       0
  13   1  0.239736E+07 0.347665E+03 0.0000E+00      0 0.0000E+00       0      0      0      0     5338     620     160     311    1436     2061    5914       0
  14   1  0.240647E+07 0.370878E+03 0.0000E+00      3 0.5308E+02       0      0      0      0     5647     618     157     303    1524     2073    6001       0
  15   1  0.241298E+07 0.358361E+03 0.1035E+02      0 0.0000E+00       0      0      0      0     5705     648     151     321    1433     2134    6116       0
  16   1  0.242101E+07 0.361600E+03 0.2724E+02      0 0.0000E+00       0      0      0      0     5687     636     160     317    1578     2117    6089       0
  17   1  0.242779E+07 0.354436E+03 0.0000E+00      1 0.3078E+00       0      0      0      0     5682     618     163     346    1541     2088    6019       0
  18   1  0.243456E+07 0.379318E+03 0.2855E+02      0 0.0000E+00       0      0      0      0     5799     634     161     336    1559     2240    6073       0
  19   1  0.243915E+07 0.389962E+03 0.8095E+01      2 0.4609E+02       0      0      0      0     5872     633     140     324    1374     2301    6038       0
  20   1  0.244908E+07 0.380814E+03 0.0000E+00      0 0.0000E+00       0      0      0      0     6032     607     162     309    1432     2287    6101       0
  21   1  0.245576E+07 0.373562E+03 0.1093E+02      0 0.0000E+00       0      0      0      0     6207     593     159     329    1536     2276    6109       0
  22   1  0.246176E+07 0.377145E+03 0.3180E+01      1 0.2324E+02       0      0      0      0     6190     616     146     310    1478     2252    6198       0
  23   1  0.246644E+07 0.381572E+03 0.1125E+02      0 0.0000E+00       0      0      0      0     6102     613     177     293    1416     2345    6000       0
  24   1  0.247553E+07 0.369452E+03 0.5839E+01      0 0.0000E+00       0      0      0      0     6291     657     170     340    1441     2243    6233       0
  25   1  0.247872E+07 0.389214E+03 0.1482E+02      0 0.0000E+00       0      0      0      0     6310     667     157     325    1455     2333    6068       0
  26   1  0.248508E+07 0.382426E+03 0.1436E+02      0 0.0000E+00       0      0      0      0     6182     634     174     314    1472     2337    6149       0
  27   1  0.249207E+07 0.385025E+03 0.1341E+02      1 0.1678E+01       0      0      0      0     6329     592     144     331    1468     2336    6060       0
  28   1  0.249856E+07 0.389337E+03 0.3544E+01      1 0.2759E+02       0      0      0      0     6505     652     145     294    1506     2361    6139       0
  29   1  0.250540E+07 0.387269E+03 0.9159E+01      0 0.0000E+00       0      0      0      0     6623     633     169     333    1478     2366    6171       0
  30   1  0.251148E+07 0.403837E+03 0.0000E+00      0 0.0000E+00       0      0      0      0     6575     673     164     320    1582     2455    6304       0
  31   1  0.251648E+07 0.388868E+03 0.6947E+01      0 0.0000E+00       0      0      0      0     6659     629     171     348    1459     2410    6152       0
  32   1  0.252236E+07 0.397886E+03 0.2955E+02      0 0.0000E+00       0      0      0      0     6543     618     157     308    1592     2407    6184       0
  33   1  0.252506E+07 0.403382E+03 0.2032E+02      1 0.1356E+02       0      0      0      0     6630     628     171     302    1421     2468    6228       0
  34   1  0.253446E+07 0.383386E+03 0.1084E+02      0 0.0000E+00       0      0      0      0     6795     643     139     317    1522     2403    6360       0
  35   1  0.254025E+07 0.396578E+03 0.2263E+01      0 0.0000E+00       0      0      0      0     6892     616     160     297    1535     2449    6279       0
  36   1  0.254560E+07 0.411440E+03 0.3952E+01      0 0.0000E+00       0      0      0      0     6973     602     162     330    1497     2563    6317       0
  37   1  0.255084E+07 0.409758E+03 0.9959E+01      0 0.0000E+00       0      0      0      0     7001     675     175     330    1488     2498    6412       0
  38   1  0.255535E+07 0.414122E+03 0.2800E+02      1 0.2126E+02       0      0      0      0     6979     676     161     316    1490     2498    6226       0
  39   1  0.256023E+07 0.412453E+03 0.0000E+00      1 0.1187E+02       0      0      0      0     6988     601     199     324    1612     2555    6433       0
  40   1  0.256466E+07 0.403700E+03 0.0000E+00      1 0.5250E+01       0      0      0      0     7054     602     147     303    1517     2505    6275       0
  41   1  0.257182E+07 0.421458E+03 0.1576E+02      0 0.0000E+00       0      0      0      0     7057     609     139     338    1505     2586    6401       0
  42   1  0.257602E+07 0.431108E+03 0.0000E+00      0 0.0000E+00       0      0      0      0     7112     609     170     303    1409     2667    6226       0
  43   1  0.258261E+07 0.427222E+03 0.0000E+00      0 0.0000E+00       0      0      0      0     7266     647     180     293    1514     2636    6440       0
  44   1  0.258952E+07 0.426333E+03 0.1728E+02      1 0.3451E+01       0      0      0      0     7179     630     157     310    1573     2578    6367       0
  45   1  0.259477E+07 0.426372E+03 0.1916E+01      0 0.0000E+00       0      0      0      0     7430     619     156     308    1528     2656    6356       0
  46   1  0.259735E+07 0.424495E+03 0.1342E+02      0 0.0000E+00       0      0      0      0     7403     621     159     311    1519     2623    6301       0
  47   1  0.260495E+07 0.423254E+03 0.1551E+02      0 0.0000E+00       0      0      0      0     7294     646     136     314    1575     2626    6446       0
  48   1  0.261013E+07 0.434078E+03 0.9569E+01      0 0.0000E+00       0      0      0      0     7500     660     151     378    1571     2719    6540       0
  49   1  0.261677E+07 0.412284E+03 0.5181E+01      0 0.0000E+00       0      0      0      0     7731     680     159     331    1581     2750    6588       0
  50   1  0.261975E+07 0.434055E+03 0.1090E+02      0 0.0000E+00       0      0      0      0     7474     625     162     310    1567     2711    6406       0
  51   1  0.262254E+07 0.441008E+03 0.6706E+01      0 0.0000E+00       0      0      0      0     7473     616     175     359    1571     2681    6431       0
  52   1  0.262887E+07 0.423517E+03 0.9409E+01      0 0.0000E+00       0      0      0      0     7584     606     165     318    1476     2685    6401       0
  53   1  0.263501E+07 0.437155E+03 0.4034E+01      0 0.0000E+00       0      0      0      0     7561     609     159     308    1528     2710    6303       0
  54   1  0.263944E+07 0.441632E+03 0.1004E+01      0 0.0000E+00       0      0      0      0     7622     681     146     357    1535     2748    6495       0
  55   1  0.264616E+07 0.439466E+03 0.1308E+02      0 0.0000E+00       0      0      0      0     7691     637     172     333    1579     2762    6625       0
  56   1  0.265224E+07 0.439337E+03 0.2067E+02      0 0.0000E+00       0      0      0      0     7799     626     157     355    1534     2788    6676       0
  57   1  0.265879E+07 0.449176E+03 0.1741E+02      0 0.0000E+00       0      0      0      0     7911     649     179     351    1540     2810    6525       0
  58   1  0.266284E+07 0.437582E+03 0.2166E+02      0 0.0000E+00       0      0      0      0     7836     646     158     354    1529     2781    6501       0
  59   1  0.266516E+07 0.435586E+03 0.1143E+02      0 0.0000E+00       0      0      0      0     7777     664     150     307    1425     2814    6372       0
  60   1  0.266856E+07 0.455221E+03 0.1158E+02      1 0.2998E+01       0      0      0      0     7884     621     150     325    1506     2891    6473       0
  61   1  0.267461E+07 0.455905E+03 0.1304E+02      0 0.0000E+00       0      0      0      0     7941     594     164     344    1544     2909    6553       0
  62   1  0.267591E+07 0.449293E+03 0.3598E+02      0 0.0000E+00       0      0      0      0     8025     611     163     304    1489     2828    6425       0
  63   1  0.268084E+07 0.437683E+03 0.5538E+00      0 0.0000E+00       0      0      0      0     7936     658     168     320    1510     2891    6491       0
  64   1  0.268912E+07 0.458872E+03 0.5491E+01      0 0.0000E+00       0      0      0      0     8130     642     161     320    1535     2893    6711       0
  65   1  0.269274E+07 0.457979E+03 0.6435E+01      0 0.0000E+00       0      0      0      0     8182     657     164     329    1604     2906    6525       0
  66   1  0.269849E+07 0.475369E+03 0.1675E+02      0 0.0000E+00       0      0      0      0     8042     651     156     350    1653     2997    6677       0
  67   1  0.270260E+07 0.484443E+03 0.1397E+02      0 0.0000E+00       0      0      0      0     8288     606     146     317    1490     2961    6607       0
  68   1  0.270503E+07 0.445631E+03 0.1221E+02      0 0.0000E+00       0      0      0      0     8146     598     170     312    1480     2934    6544       0
  69   1  0.271084E+07 0.477355E+03 0.1319E+02      0 0.0000E+00       0      0      0      0     8193     633     141     319    1524     3085    6567       0
  70   1  0.271386E+07 0.462472E+03 0.0000E+00      0 0.0000E+00       0      0      0      0     8235     613     158     353    1588     3013    6492       0
  71   1  0.271898E+07 0.486965E+03 0.2077E+01      0 0.0000E+00       0      0      0      0     8264     652     183     335    1515     3149    6548       0
  72   1  0.272312E+07 0.484722E+03 0.1669E+02      0 0.0000E+00       0      0      0      0     8066     630     175     311    1522     3062    6706       0
  73   1  0.272811E+07 0.461223E+03 0.5558E+01      0 0.0000E+00       0      0      0      0     8211     665     174     328    1576     2951    6581       0
  74   1  0.273462E+07 0.465359E+03 0.0000E+00      0 0.0000E+00       0      0      0      0     8382     670     175     326    1636     3066    6740       0
  75   1  0.273820E+07 0.485756E+03 0.5932E+01      0 0.0000E+00       0      0      0      0     8282     654     143     370    1498     3031    6630       0
  76   1  0.274144E+07 0.470409E+03 0.1562E+02      0 0.0000E+00       0      0      0      0     8430     632     164     284    1479     3131    6668       0
  77   1  0.274573E+07 0.470868E+03 0.1052E+02      0 0.0000E+00       0      0      0      0     8369     597     157     346    1612     2950    6534       0
  78   1  0.275199E+07 0.469981E+03 0.0000E+00      0 0.0000E+00       0      0      0      0     8580     609     170     358    1527     2978    6720       0
  79   1  0.275466E+07 0.475166E+03 0.1454E+02      0 0.0000E+00       0      0      0      0     8551     633     179     335    1441     3049    6653       0
  80   1  0.275954E+07 0.505062E+03 0.1064E+02      0 0.0000E+00       0      0      0      0     8612     669     146     291    1538     3200    6564       0
  81   1  0.276140E+07 0.491611E+03 0.2195E+01      0 0.0000E+00       0      0      0      0     8377     592     151     326    1590     3122    6637       0
  82   1  0.276675E+07 0.466244E+03 0.6328E+01      0 0.0000E+00       0      0      0      0     8420     615     153     310    1577     3077    6691       0
  83   1  0.277199E+07 0.468951E+03 0.1701E+02      0 0.0000E+00       0      0      0      0     8490     633     151     290    1530     3041    6648       0
  84   1  0.277781E+07 0.497867E+03 0.1243E+02      0 0.0000E+00       0      0      0      0     8601     630     169     292    1530     3206    6696       0
  85   1  0.278052E+07 0.508661E+03 0.6458E+01      0 0.0000E+00       0      0      0      0     8611     627     161     345    1501     3249    6695       0
  86   1  0.278608E+07 0.493419E+03 0.7350E+01      0 0.0000E+00       0      0      0      0     8749     606     142     325    1556     3127    6633       0
  87   1  0.278912E+07 0.485268E+03 0.1562E+02      0 0.0000E+00       0      0      0      0     8602     642     163     347    1549     3218    6654       0
  88   1  0.279370E+07 0.489642E+03 0.1703E+02      0 0.0000E+00       0      0      0      0     8457     596     164     333    1511     3198    6668       0
  89   1  0.279745E+07 0.480379E+03 0.1122E+02      0 0.0000E+00       0      0      0      0     8734     661     158     320    1551     3157    6656       0
  90   1  0.280033E+07 0.496708E+03 0.0000E+00      0 0.0000E+00       0      0      0      0     8786     595     161     333    1471     3216    6572       0
  91   1  0.280347E+07 0.502824E+03 0.0000E+00      0 0.0000E+00       0      0      0      0     8569     622     143     288    1552     3248    6631       0
  92   1  0.280907E+07 0.507713E+03 0.0000E+00      0 0.0000E+00       0      0      0      0     8694     637     139     339    1561     3221    6744       0
  93   1  0.281426E+07 0.478428E+03 0.1209E+02      0 0.0000E+00       0      0      0      0     8666     596     170     353    1592     3235    6683       0
  94   1  0.281810E+07 0.500849E+03 0.1238E+02      0 0.0000E+00       0      0      0      0     8742     587     137     335    1637     3331    6585       0
  95   1  0.282304E+07 0.501850E+03 0.3641E+02      0 0.0000E+00       0      0      0      0     8768     666     149     326    1592     3270    6795       0
  96   1  0.282880E+07 0.491345E+03 0.2556E+02      0 0.0000E+00       0      0      0      0     8797     656     139     323    1513     3305    6692       0
  97   1  0.283228E+07 0.503661E+03 0.3936E+01      0 0.0000E+00       0      0      0      0     8920     633     152     353    1498     3388    6626       0
  98   1  0.283899E+07 0.512131E+03 0.1847E+02      0 0.0000E+00       0      0      0      0     8827     663     186     339    1634     3391    6767       0
  99   1  0.284233E+07 0.525176E+03 0.0000E+00      0 0.0000E+00       0      0      0      0     8842     679     150     332    1608     3492    6806       0
 100   1  0.284693E+07 0.507170E+03 0.4656E+01      0 0.0000E+00       0      0      0      0     8852     663     168     330    1583     3398    6647       0
 101   1  0.284938E+07 0.522248E+03 0.2305E+02      0 0.0000E+00       0      0      0      0     9057     621     145     309    1527     3374    6669       0
 102   1  0.285171E+07 0.487090E+03 0.2562E+02      0 0.0000E+00       0      0      0      0     9043     627     163     313    1551     3371    6778       0
 103   1  0.285717E+07 0.521495E+03 0.1755E+02      0 0.0000E+00       0      0      0      0     8897     636     162     335    1499     3521    6800       0
 104   1  0.286321E+07 0.526913E+03 0.1421E+02      0 0.0000E+00       0      0      0      0     9101     655     139     334    1630     3433    6730       0
 105   1  0.286638E+07 0.523146E+03 0.1553E+02      0 0.0000E+00       0      0      0      0     9083     635     137     307    1580     3442    6722       0
 106   1  0.287038E+07 0.514498E+03 0.1047E+02      0 0.0000E+00       0      0      0      0     9059     671     151     337    1535     3399    6728       0
 107   1  0.287222E+07 0.521569E+03 0.1005E+02      0 0.0000E+00       0      0      0      0     9074     638     129     309    1497     3555    6651       0
 108   1  0.287881E+07 0.532578E+03 0.6125E-01      0 0.0000E+00       0      0      0      0     9105     633     162     321    1698     3548    6829       0
 109   1  0.288206E+07 0.515673E+03 0.2105E+02      0 0.0000E+00       0      0      0      0     9166     629     170     322    1582     3473    6767       0
 110   1  0.289003E+07 0.537426E+03 0.1423E+02      0 0.0000E+00       0      0      0      0     9287     614     161     358    1687     3605    6846       0
 111   1  0.288999E+07 0.527162E+03 0.2253E+02      0 0.0000E+00       0      0      0      0     9245     669     130     364    1538     3613    6695       0
 112   1  0.289238E+07 0.529622E+03 0.1511E+02      0 0.0000E+00       0      0      0      0     9147     586     149     305    1568     3552    6685       0
 113   1  0.289542E+07 0.536402E+03 0.2050E+02      0 0.0000E+00       0      0      0      0     9187     638     138     331    1485     3518    6712       0
 114   1  0.289888E+07 0.542452E+03 0.6554E+01      0 0.0000E+00       0      0      0      0     9142     660     152     328    1528     3610    6773       0
 115   1  0.290300E+07 0.536411E+03 0.7860E+01      0 0.0000E+00       0      0      0      0     9243     613     147     319    1658     3644    6835       0
 116   1  0.290688E+07 0.539836E+03 0.7685E+01      0 0.0000E+00       0      0      0      0     9098     640     164     324    1592     3614    6738       0
 117   1  0.291088E+07 0.532555E+03 0.3420E+01      0 0.0000E+00       0      0      0      0     9354     594     161     332    1578     3652    6669       0
 118   1  0.291589E+07 0.548121E+03 0.1654E+02      0 0.0000E+00       0      0      0      0     9318     632     153     327    1546     3727    6708       0
 119   1  0.291793E+07 0.553870E+03 0.2741E+01      0 0.0000E+00       0      0      0      0     9236     607     142     330    1542     3773    6678       0
 120   1  0.292409E+07 0.541458E+03 0.4965E+01      0 0.0000E+00       0      0      0      0     9219     607     118     352    1607     3728    6660       0
 121   1  0.292540E+07 0.562079E+03 0.2498E+02      0 0.0000E+00       0      0      0      0     9272     595     163     322    1539     3791    6744       0
 122   1  0.292992E+07 0.549178E+03 0.7025E+01      0 0.0000E+00       0      0      0      0     9255     652     156     334    1576     3824    6540       0
 123   1  0.293119E+07 0.566600E+03 0.1920E+02      0 0.0000E+00       0      0      0      0     9098     612     139     322    1533     3855    6496       0
 124   1  0.293815E+07 0.562664E+03 0.4866E+01      0 0.0000E+00       0      0      0      0     9368     577     143     348    1561     3905    6693       0
 125   1  0.294163E+07 0.559573E+03 0.9262E+00      0 0.0000E+00       0      0      0      0     9296     620     154     339    1521     3843    6697       0
 126   1  0.294862E+07 0.558497E+03 0.0000E+00      0 0.0000E+00       0      0      0      0     9499     624     152     300    1565     3838    6753       0
 127   1  0.295072E+07 0.562389E+03 0.1742E+02      0 0.0000E+00       0      0      0      0     9360     598     127     337    1495     3861    6642       0
 128   1  0.295759E+07 0.573460E+03 0.2083E+02      0 0.0000E+00       0      0      0      0     9522     612     151     343    1525     3930    6775       0
 129   1  0.296301E+07 0.567770E+03 0.3737E+01      0 0.0000E+00       0      0      0      0     9386     600     151     321    1536     3875    6847       0
 130   1  0.296803E+07 0.584012E+03 0.3144E+01      0 0.0000E+00       0      0      0      0     9646     654     183     314    1577     3919    6691       0
 131   1  0.297001E+07 0.569873E+03 0.2812E+02      0 0.0000E+00       0      0      0      0     9361     611     165     337    1591     3927    6682       0
 132   1  0.297300E+07 0.562394E+03 0.1611E+02      0 0.0000E+00       0      0      0      0     9579     639     141     307    1445     3925    6716       0
 133   1  0.297707E+07 0.551498E+03 0.2100E+02      0 0.0000E+00       0      0      0      0     9382     581     140     324    1572     3917    6525       0
 134   1  0.298260E+07 0.585964E+03 0.2096E+02      0 0.0000E+00       0      0      0      0     9483     636     140     336    1549     4070    6729       0
 135   1  0.298511E+07 0.601538E+03 0.7410E+01      0 0.0000E+00       0      0      0      0     9569     571     160     295    1433     4105    6601       0
 136   1  0.299058E+07 0.592153E+03 0.1351E+02      0 0.0000E+00       0      0      0      0     9587     593     158     357    1616     3978    6670       0
 137   1  0.299251E+07 0.580053E+03 0.1006E+02      0 0.0000E+00       0      0      0      0     9486     598     156     300    1519     4014    6608       0
 138   1  0.299934E+07 0.582455E+03 0.2087E+02      0 0.0000E+00       0      0      0      0     9486     627     148     279    1645     4010    6766       0
 139   1  0.300326E+07 0.592304E+03 0.0000E+00      0 0.0000E+00       0      0      0      0     9795     619     149     317    1578     4101    6781       0
 140   1  0.300520E+07 0.581085E+03 0.1154E+02      0 0.0000E+00       0      0      0      0     9615     579     147     346    1642     4083    6823       0
 141   1  0.301002E+07 0.609156E+03 0.0000E+00      0 0.0000E+00       0      0      0      0     9592     654     160     308    1553     4142    6801       0
 142   1  0.301416E+07 0.613812E+03 0.2081E+02      0 0.0000E+00       0      0      0      0     9768     587     138     319    1665     4185    6777       0
 143   1  0.301501E+07 0.600568E+03 0.4195E+02      0 0.0000E+00       0      0      0      0     9540     565     162     290    1531     4167    6742       0
 144   1  0.301971E+07 0.599386E+03 0.0000E+00      0 0.0000E+00       0      0      0      0     9725     578     130     305    1612     4268    6723       0
 145   1  0.302096E+07 0.607018E+03 0.8973E+01      0 0.0000E+00       0      0      0      0     9542     593     142     285    1494     4258    6675       0
 146   1  0.302566E+07 0.599454E+03 0.1372E+02      0 0.0000E+00       0      0      0      0     9774     605     154     306    1584     4245    6664       0
 147   1  0.302853E+07 0.626469E+03 0.0000E+00      0 0.0000E+00       0      0      0      0     9706     594     134     278    1528     4332    6761       0
 148   1  0.303389E+07 0.603325E+03 0.9035E+01      0 0.0000E+00       0      0      0      0     9863     602     146     313    1546     4198    6859       0
 149   1  0.303728E+07 0.614480E+03 0.3029E+01      0 0.0000E+00       0      0      0      0     9770     633     152     314    1572     4301    6839       0
 150   1  0.304176E+07 0.606073E+03 0.1666E+02      0 0.0000E+00       0      0      0      0     9679     606     141     308    1639     4272    6833       0
 151   1  0.304805E+07 0.610058E+03 0.1342E+02      0 0.0000E+00       0      0      0      0     9935     598     138     297    1531     4414    6752       0
 152   1  0.305829E+07 0.609945E+03 0.4477E+02      0 0.0000E+00       0      0      0      0     9879     641     123     345    1663     4301    6933       0
 153   1  0.306143E+07 0.641875E+03 0.5789E+01      0 0.0000E+00       0      0      0      0     9974     579     137     273    1469     4472    6614       0
 154   1  0.307139E+07 0.618563E+03 0.0000E+00      0 0.0000E+00       0      0      0      0     9835     568     159     307    1551     4354    6761       0
 155   1  0.308279E+07 0.630413E+03 0.6368E+01      0 0.0000E+00       0      0      0      0     9971     579     135     312    1484     4326    6737       0
 156   1  0.309650E+07 0.651892E+03 0.8912E+01      0 0.0000E+00       0      0      0      0     9682     648     151     318    1587     4559    6959       0
 157   1  0.310668E+07 0.633668E+03 0.6598E+01      0 0.0000E+00       0      0      0      0     9891     599     147     341    1568     4456    6904       0
 158   1  0.311672E+07 0.659172E+03 0.1322E+02      0 0.0000E+00       0      0      0      0    10081     593     145     331    1566     4626    6822       0
 159   1  0.312401E+07 0.653400E+03 0.0000E+00      0 0.0000E+00       0      0      0      0     9920     610     150     301    1544     4684    6772       0
 160   1  0.313326E+07 0.654566E+03 0.5467E+01      0 0.0000E+00       0      0      0      0     9991     638     166     325    1619     4612    6971       0
 161   1  0.313878E+07 0.649392E+03 0.4824E+01      0 0.0000E+00       0      0      0      0    10016     621     164     333    1562     4628    6820       0
 162   1  0.314446E+07 0.649007E+03 0.3948E+02      0 0.0000E+00       0      0      0      0     9901     637     146     287    1558     4668    6742       0
 163   1  0.315274E+07 0.661337E+03 0.0000E+00      0 0.0000E+00       0      0      0      0    10147     623     136     313    1534     4847    6878       0
 164   1  0.315916E+07 0.680851E+03 0.1805E+02      0 0.0000E+00       0      0      0      0    10269     579     132     310    1523     4758    6703       0
 165   1  0.316302E+07 0.687343E+03 0.0000E+00      0 0.0000E+00       0      0      0      0    10170     606     138     311    1501     4829    6829       0
 166   1  0.316856E+07 0.658114E+03 0.4063E+01      0 0.0000E+00       0      0      0      0    10196     618     114     342    1518     4735    6811       0
 167   1  0.317379E+07 0.672768E+03 0.2878E+02      0 0.0000E+00       0      0      0      0     9743     674     166     273    1519     4888    6785       0
 168   1  0.318032E+07 0.666555E+03 0.4610E+01      0 0.0000E+00       0      0      0      0    10138     565     122     333    1535     4897    6667       0
 169   1  0.318609E+07 0.676125E+03 0.2226E+02      0 0.0000E+00       0      0      0      0    10155     599     131     271    1540     5055    6715       0
 170   1  0.319208E+07 0.700736E+03 0.7433E+01      0 0.0000E+00       0      0      0      0    10002     600     135     310    1516     5025    6847       0
 171   1  0.319947E+07 0.708710E+03 0.0000E+00      0 0.0000E+00       0      0      0      0    10221     580     133     310    1487     5110    6763       0
 172   1  0.320337E+07 0.715291E+03 0.3274E+01      0 0.0000E+00       0      0      0      0    10049     576     146     271    1594     5028    6793       0
 173   1  0.321085E+07 0.696566E+03 0.2287E+02      0 0.0000E+00       0      0      0      0     9972     598     149     280    1540     5094    6646       0
 174   1  0.322027E+07 0.705988E+03 0.6375E+01      0 0.0000E+00       0      0      0      0    10288     598     152     298    1570     5201    6867       0
 175   1  0.322604E+07 0.701924E+03 0.6576E+01      0 0.0000E+00       0      0      0      0    10298     596     140     318    1520     5057    6732       0
 176   1  0.323199E+07 0.707753E+03 0.1308E+02      0 0.0000E+00       0      0      0      0    10197     566     144     296    1546     5132    6729       0
 177   1  0.323873E+07 0.725503E+03 0.3380E+02      0 0.0000E+00       0      0      0      0    10125     578     144     290    1513     5128    6796       0
 178   1  0.324943E+07 0.709750E+03 0.5965E+01      0 0.0000E+00       0      0      0      0    10421     631     159     299    1509     5201    6863       0
 179   1  0.325470E+07 0.742264E+03 0.0000E+00      0 0.0000E+00       0      0      0      0    10232     586     141     283    1575     5400    6948       0
 180   1  0.326337E+07 0.747860E+03 0.5579E+01      0 0.0000E+00       0      0      0      0    10335     584     154     292    1603     5367    6795       0
 181   1  0.326935E+07 0.747249E+03 0.3797E+01      0 0.0000E+00       0      0      0      0    10339     606     124     318    1619     5328    6790       0
 182   1  0.327834E+07 0.730586E+03 0.2049E+02      0 0.0000E+00       0      0      0      0    10271     563     133     316    1631     5355    6859       0
 183   1  0.328565E+07 0.754051E+03 0.0000E+00      0 0.0000E+00       0      0      0      0    10408     576     137     297    1529     5434    6836       0
 184   1  0.329171E+07 0.752997E+03 0.3399E+01      0 0.0000E+00       0      0      0      0    10341     593     130     290    1479     5537    6800       0
 185   1  0.330026E+07 0.749900E+03 0.1006E+02      0 0.0000E+00       0      0      0      0    10268     544     122     303    1591     5421    6743       0
 186   1  0.331072E+07 0.769966E+03 0.8620E+01      0 0.0000E+00       0      0      0      0    10534     630     135     335    1557     5649    6856       0
 187   1  0.331931E+07 0.762973E+03 0.1834E+02      0 0.0000E+00       0      0      0      0    10550     626     140     298    1604     5525    6755       0
 188   1  0.332507E+07 0.777098E+03 0.3550E+02      0 0.0000E+00       0      0      0      0    10346     597     127     301    1590     5711    6786       0
 189   1  0.333291E+07 0.776272E+03 0.1898E+02      0 0.0000E+00       0      0      0      0    10411     554     122     304    1527     5667    6665       0
 190   1  0.334042E+07 0.767794E+03 0.7043E+01      0 0.0000E+00       0      0      0      0    10388     602     148     298    1595     5678    6783       0
 191   1  0.334872E+07 0.811229E+03 0.1400E+02      0 0.0000E+00       0      0      0      0    10426     573     146     294    1573     5863    6820       0
 192   1  0.335990E+07 0.765041E+03 0.4846E+01      0 0.0000E+00       0      0      0      0    10678     599     128     313    1563     5728    6725       0
 193   1  0.336607E+07 0.800469E+03 0.0000E+00      0 0.0000E+00       0      0      0      0    10376     556     143     301    1536     5880    6733       0
 194   1  0.337618E+07 0.794957E+03 0.1957E+02      0 0.0000E+00       0      0      0      0    10592     548     147     290    1526     5862    6783       0
 195   1  0.338430E+07 0.816976E+03 0.3253E+01      0 0.0000E+00       0      0      0      0    10610     542     126     299    1545     6126    6927       0
 196   1  0.339268E+07 0.806069E+03 0.0000E+00      0 0.0000E+00       0      0      0      0    10558     560     154     266    1571     6097    6861       0
 197   1  0.340325E+07 0.817392E+03 0.2042E+02      0 0.0000E+00       0      0      0      0    10667     623     132     308    1535     6058    6743       0
 198   1  0.341060E+07 0.809979E+03 0.7122E+01      0 0.0000E+00       0      0      0      0    10784     564     118     270    1534     5896    6863       0
 199   1  0.341982E+07 0.826130E+03 0.6355E+01      0 0.0000E+00       0      0      0      0    10713     544     140     301    1580     6073    6868       0
 200   1  0.342611E+07 0.832376E+03 0.2273E+02      0 0.0000E+00       0      0      0      0    10691     543     106     291    1541     6095    6658       0
 201   1  0.343390E+07 0.854736E+03 0.9574E+01      0 0.0000E+00       0      0      0      0    10539     550     125     300    1516     6234    6723       0
 202   1  0.344553E+07 0.871849E+03 0.1626E+02      0 0.0000E+00       0      0      0      0    10722     602     122     264    1513     6331    6892       0
 203   1  0.345499E+07 0.837312E+03 0.6386E+01      0 0.0000E+00       0      0      0      0    10815     568     115     298    1543     6346    6743       0
 204   1  0.346540E+07 0.852856E+03 0.1009E+01      0 0.0000E+00       0      0      0      0    10904     591     127     300    1502     6358    6743       0
 205   1  0.347635E+07 0.868789E+03 0.2001E+02      0 0.0000E+00       0      0      0      0    10814     569     149     286    1490     6454    6882       0
 206   1  0.348907E+07 0.882289E+03 0.1566E+02      0 0.0000E+00       0      0      0      0    11007     556     133     322    1600     6616    6910       0
 207   1  0.350047E+07 0.880377E+03 0.1058E+02      0 0.0000E+00       0      0      0      0    10955     552     117     245    1524     6601    6750       0
 208   1  0.351626E+07 0.875208E+03 0.2686E+02      0 0.0000E+00       0      0      0      0    11179     576     102     268    1374     6687    6762       0
 209   1  0.353003E+07 0.859656E+03 0.3392E+01      0 0.0000E+00       0      0      0      0    11080     571     113     274    1601     6509    6860       0
 210   1  0.354270E+07 0.905235E+03 0.0000E+00      0 0.0000E+00       0      0      0      0    10898     522     132     283    1556     6818    6858       0
 211   1  0.355871E+07 0.911213E+03 0.1392E+02      0 0.0000E+00       0      0      0      0    10931     557     124     293    1519     6829    6875       0
 212   1  0.357553E+07 0.902883E+03 0.3122E+02      0 0.0000E+00       0      0      0      0    11001     585     118     287    1646     6840    6931       0
 213   1  0.358680E+07 0.921544E+03 0.7985E+01      0 0.0000E+00       0      0      0      0    10811     556     126     289    1480     6869    6754       0
 214   1  0.360181E+07 0.891922E+03 0.5838E+01      0 0.0000E+00       0      0      0      0    10967     513     126     282    1578     6879    6806       0
 215   1  0.361736E+07 0.910859E+03 0.2299E+02      0 0.0000E+00       0      0      0      0    11178     552     131     268    1538     6919    6894       0
 216   1  0.363203E+07 0.948020E+03 0.1572E+01      0 0.0000E+00       0      0      0      0    11238     555     135     230    1493     6998    6950       0
 217   1  0.364823E+07 0.964792E+03 0.5835E+01      0 0.0000E+00       0      0      0      0    11160     554     121     291    1600     7114    6930       0
 218   1  0.366488E+07 0.966879E+03 0.0000E+00      0 0.0000E+00       0      0      0      0    11244     588     111     287    1608     7226    6897       0
 219   1  0.368030E+07 0.989987E+03 0.5490E+01      0 0.0000E+00       0      0      0      0    11354     547     120     278    1625     7531    6973       0
 220   1  0.369741E+07 0.979097E+03 0.1513E+02      0 0.0000E+00       0      0      0      0    11280     546     121     284    1586     7273    6938       0
 221   1  0.371485E+07 0.980492E+03 0.1845E+02      0 0.0000E+00       0      0      0      0    11460     580     123     285    1561     7660    6908       0
 222   1  0.372941E+07 0.997196E+03 0.2439E+02      0 0.0000E+00       0      0      0      0    11271     559     111     262    1505     7664    6809       0
 223   1  0.374616E+07 0.100763E+04 0.0000E+00      0 0.0000E+00       0      0      0      0    11358     541     119     272    1612     7685    6965       0
 224   1  0.376154E+07 0.100884E+04 0.3649E+01      0 0.0000E+00       0      0      0      0    11338     566     106     275    1522     7675    6852       0
 225   1  0.377730E+07 0.102883E+04 0.4136E+01      0 0.0000E+00       0      0      0      0    11278     496     117     254    1600     7732    6861       0
 226   1  0.379248E+07 0.102462E+04 0.2612E+02      0 0.0000E+00       0      0      0      0    11196     543     109     267    1638     7825    6874       0
 227   1  0.381132E+07 0.103805E+04 0.2066E+02      0 0.0000E+00       0      0      0      0    11365     547     118     230    1614     7924    7058       0
 228   1  0.383060E+07 0.105378E+04 0.0000E+00      0 0.0000E+00       0      0      0      0    11493     523     109     243    1487     7994    7009       0
 229   1  0.385074E+07 0.107786E+04 0.1373E+02      0 0.0000E+00       0      0      0      0    11317     523     111     264    1519     8219    6856       0
 230   1  0.387415E+07 0.107597E+04 0.7600E+01      0 0.0000E+00       0      0      0      0    11403     509     122     289    1529     8208    6929       0
 231   1  0.389995E+07 0.108925E+04 0.0000E+00      0 0.0000E+00       0      0      0      0    11376     519     117     241    1621     8425    6987       0
 232   1  0.392268E+07 0.114634E+04 0.4100E+01      0 0.0000E+00       0      0      0      0    11622     488     119     247    1583     8635    6989       0
 233   1  0.395005E+07 0.112266E+04 0.1033E+02      0 0.0000E+00       0      0      0      0    11619     524     127     259    1582     8593    7108       0
 234   1  0.397636E+07 0.113158E+04 0.2638E+02      0 0.0000E+00       0      0      0      0    11642     538     102     265    1551     8673    6929       0
 235   1  0.400246E+07 0.111903E+04 0.1127E+02      0 0.0000E+00       0      0      0      0    11517     523     101     243    1564     8734    6854       0
 236   1  0.403335E+07 0.112090E+04 0.1170E+02      0 0.0000E+00       0      0      0      0    11786     551      97     276    1518     8733    7041       0
 237   1  0.405900E+07 0.116450E+04 0.2233E+02      0 0.0000E+00       0      0      0      0    11565     555      92     252    1494     8938    6890       0
 238   1  0.409376E+07 0.115613E+04 0.2120E+02      0 0.0000E+00       0      0      0      0    11696     537     111     248    1553     8982    7207       0
 239   1  0.412469E+07 0.119358E+04 0.1803E+02      0 0.0000E+00       0      0      0      0    11656     516     114     267    1596     9285    6914       0
 240   1  0.416000E+07 0.118568E+04 0.3808E+02      0 0.0000E+00       0      0      0      0    11754     520     105     239    1586     9277    7132       0
 241   1  0.419596E+07 0.121197E+04 0.5199E+01      0 0.0000E+00       0      0      0      0    11756     490     103     292    1597     9394    7029       0
 242   1  0.423347E+07 0.119215E+04 0.1356E+02      0 0.0000E+00       0      0      0      0    11878     568     104     241    1505     9503    7059       0
 243   1  0.427209E+07 0.122245E+04 0.2240E+02      0 0.0000E+00       0      0      0      0    11943     548     122     236    1542     9616    7070       0
 244   1  0.431530E+07 0.122761E+04 0.1725E+02      0 0.0000E+00       0      0      0      0    12186     547     115     236    1611     9757    7282       0
 245   1  0.435567E+07 0.128202E+04 0.3432E+02      0 0.0000E+00       0      0      0      0    11993     516     101     235    1530     9860    7255       0
 246   1  0.440143E+07 0.126247E+04 0.0000E+00      0 0.0000E+00       0      0      0      0    11954     560      89     234    1568     9880    7223       0
 247   1  0.445072E+07 0.127162E+04 0.2880E+02      0 0.0000E+00       0      0      0      0    12195     570     106     286    1564     9998    7268       0
 248   1  0.450102E+07 0.128523E+04 0.0000E+00      0 0.0000E+00       0      0      0      0    12308     520     101     250    1589    10156    7478       0
 249   1  0.455472E+07 0.130209E+04 0.2053E+02      0 0.0000E+00       0      0      0      0    12440     572     114     274    1597    10237    7594       0
 250   1  0.460746E+07 0.132406E+04 0.1568E+02      0 0.0000E+00       0      0      0      0    12668     515     116     234    1559    10353    7457       0
 251   1  0.466588E+07 0.136415E+04 0.6437E+01      0 0.0000E+00       0      0      0      0    12532     522     104     233    1571    10520    7552       0
 252   1  0.473024E+07 0.134789E+04 0.2743E+02      0 0.0000E+00       0      0      0      0    12793     541     112     232    1652    10648    7740       0
 253   1  0.479476E+07 0.136565E+04 0.0000E+00      0 0.0000E+00       0      0      0      0    12487     504      98     263    1641    10792    7725       0
 254   1  0.486638E+07 0.140045E+04 0.1073E+02      0 0.0000E+00       0      0      0      0    12731     573      91     230    1667    11079    7670       0
 255   1  0.494200E+07 0.141370E+04 0.0000E+00      0 0.0000E+00       0      0      0      0    12849     553     103     239    1768    11045    7958       0
 256   1  0.502357E+07 0.146339E+04 0.0000E+00      0 0.0000E+00       0      0      0      0    13061     639     103     245    1663    11396    7981       0
 257   1  0.510986E+07 0.146465E+04 0.1610E+02      0 0.0000E+00       0      0      0      0    13181     578      93     258    1753    11482    8058       0
 258   1  0.520247E+07 0.150230E+04 0.4213E+01      0 0.0000E+00       0      0      0      0    13489     564      88     230    1769    11688    8258       0
 259   1  0.530136E+07 0.149395E+04 0.2937E+02      0 0.0000E+00       0      0      0      0    13828     578      95     246    1742    11934    8210       0
 260   1  0.540580E+07 0.155159E+04 0.1153E+02      0 0.0000E+00       0      0      0      0    13780     547      86     236    1647    12296    8256       0
 261   1  0.552559E+07 0.158696E+04 0.1002E+02      0 0.0000E+00       0      0      0      0    14058     622     100     243    1856    12366    8463       0
 262   1  0.565496E+07 0.160335E+04 0.1724E+02      0 0.0000E+00       0      0      0      0    14381     568     118     228    1833    12601    8630       0
 263   1  0.579966E+07 0.158226E+04 0.0000E+00      0 0.0000E+00       0      0      0      0    15134     595     109     231    1825    12508    8905       0
 264   1  0.595857E+07 0.163493E+04 0.1387E+02      0 0.0000E+00       0      0      0      0    15593     611     116     211    1922    12840    8891       0
 265   1  0.613563E+07 0.162588E+04 0.2432E+02      0 0.0000E+00       0      0      0      0    17029     576     119     214    1935    12961    8975       0
 266   1  0.633450E+07 0.165136E+04 0.1219E+02      0 0.0000E+00       0      0      0      0    17727     601     123     209    1883    13154    9345       0
 267   1  0.656437E+07 0.170595E+04 0.2409E+01      0 0.0000E+00       0      0      0      0    19513     621     110     204    2014    13368    9647       0
 268   1  0.682909E+07 0.170696E+04 0.2974E+02      0 0.0000E+00       0      0      0      0    22145     622     104     207    2006    13381   10196       0
 269   1  0.713505E+07 0.173751E+04 0.2026E+02      0 0.0000E+00       0      0      0      0    25922     609     109     177    2120    13495   10419       0
 270   1  0.749450E+07 0.172917E+04 0.4801E+02      0 0.0000E+00       0      0      0      0    32198     619     100     180    2120    13657   10682       0
 271   1  0.792107E+07 0.176091E+04 0.5739E+02      0 0.0000E+00       0      0      0      0    42623     621      89     166    2105    13872   11701       0
 272   1  0.842584E+07 0.173283E+04 0.7846E+02      0 0.0000E+00       0      0      0      0    61125     627      76     168    2068    13574   12601       0
 273   1  0.900390E+07 0.168338E+04 0.6776E+02      0 0.0000E+00       0      0      0      0    91554     598      67     143    1876    13090   14002       0
 274   1  0.961344E+07 0.165472E+04 0.9091E+02      0 0.0000E+00       0      0      0      0   139907     533      66     137    1744    12800   16036       0
 275   1  0.101688E+08 0.153184E+04 0.1108E+03      0 0.0000E+00       0      0      0      0   208774     504      45      94    1596    11784   18941       0
 276   1  0.105179E+08 0.135411E+04 0.1117E+03      0 0.0000E+00       0      0      0      0   294874     449      42      62    1374    10557   21495       0
 277   1  0.104843E+08 0.116616E+04 0.1342E+03      0 0.0000E+00       0      0      0      0   384778     358      33      39    1119     9011   24055       0
 278   1  0.991436E+07 0.967613E+03 0.7531E+02      0 0.0000E+00       0      0      0      0   459724     315      26      30     832     7449   25276       0
 279   1  0.874846E+07 0.742521E+03 0.1021E+03      0 0.0000E+00       0      0      0      0   495823     186      24       9     605     5822   24493       0
 280   1  0.712038E+07 0.543038E+03 0.4058E+02      0 0.0000E+00       0      0      0      0   477534     144      12      16     427     4291   22296       0
 281   1  0.528245E+07 0.374338E+03 0.9413E+02      0 0.0000E+00       0      0      0      0   408456     116      15      13     314     2971   18094       0
 282   1  0.354361E+07 0.256040E+03 0.2001E+02      0 0.0000E+00       0      0      0      0   310845      73      17      14     235     1943   13112       0
 283   1  0.212671E+07 0.174601E+03 0.1422E+02      0 0.0000E+00       0      0      0      0   208431      82      10       5     181     1343    8687       0
 284   1  0.113760E+07 0.141202E+03 0.0000E+00      0 0.0000E+00       0      0      0      0   121430      51       9       4     164     1058    5220       0
 285   1  0.546274E+06 0.118385E+03 0.4121E+01      0 0.0000E+00       0      0      0      0    63186      50      11      12     153      890    3041       0
 286   1  0.233112E+06 0.107994E+03 0.8824E+01      0 0.0000E+00       0      0      0      0    28369      37       9      13     136      808    1878       0
 287   1  0.951058E+05 0.100323E+03 0.8858E+01      0 0.0000E+00       0      0      0      0    11284      44      12      12     149      753    1280       0
 288   1  0.419750E+05 0.105129E+03 0.0000E+00      0 0.0000E+00       0      0      0      0     4229      41      11      12     154      747    1087       0
 289   1  0.255397E+05 0.964521E+02 0.0000E+00      0 0.0000E+00       0      0      0      0     1748      52      13      15     169      695    1069       0
 290   1  0.199510E+05 0.952559E+02 0.0000E+00      0 0.0000E+00       0      0      0      0      951      53      10      13     131      764     928       0
 291   1  0.187633E+05 0.964688E+02 0.0000E+00      0 0.0000E+00       0      0      0      0      783      46      16       6     150      707     927       0
 292   1  0.182358E+05 0.869639E+02 0.1405E+01      0 0.0000E+00       0      0      0      0      740      45      13      13     132      681     951       0
 293   1  0.180192E+05 0.867832E+02 0.0000E+00      0 0.0000E+00       0      0      0      0      690      47      15      10     148      713     941       0
 294   1  0.181881E+05 0.930908E+02 0.0000E+00      0 0.0000E+00       0      0      0      0      697      49      17       6     162      694     978       0
 295   1  0.175749E+05 0.931328E+02 0.0000E+00      0 0.0000E+00       0      0      0      0      673      43      16       8     129      701     883       0
 296   1  0.178270E+05 0.949873E+02 0.8831E+01      0 0.0000E+00       0      0      0      0      675      41      16       6     146      701     917       0
 297   1  0.178514E+05 0.866104E+02 0.0000E+00      0 0.0000E+00       0      0      0      0      644      50      22       7     146      682     907       0
 298   1  0.178001E+05 0.868730E+02 0.0000E+00      0 0.0000E+00       0      0      0      0      671      38      23       7     141      681     898       0
 299   1  0.176955E+05 0.887598E+02 0.6397E+01      0 0.0000E+00       0      0      0      0      700      40      14       8     133      677     874       0
 300   1  0.170065E+05 0.849385E+02 0.0000E+00      0 0.0000E+00       0      0      0      0      684      29       7       4     115      677     820       0
 301   0  0.000000E+00 0.000000E+00 0.0000E+00      0 0.0000E+00       0      0      0      0        0       0       0       0       0        0       0       0
  SUMM:   0.981327E+09 0.205718E+06 0.4121E+04     30 0.3967E+03       0      0      0      0  6417087  167526   38928   82501  438384  1485186 2089127       0
 ZONE  MED     C10     C11     N12     N13     O13     O14     O15     F17     F18
    1    1     158     361       0     143       3      52     939       0       0
    2    1     159     370       0     192       1      49     887       0       0
    3    1     150     392       0     187       2      56     945       0       0
    4    1     165     393       0     197       0      42     909       0       0
    5    1     168     394       0     162       2      54     944       0       0
    6    1     160     395       1     189       0      50     906       0       0
    7    1     156     424       0     164       4      58     890       1       0
    8    1     156     389       0     172       1      52     916       0       0
    9    1     161     416       0     166       0      57     910       0       0
   10    1     162     419       0     181       0      45     891       0       0
   11    1     144     418       0     147       0      49     929       0       0
   12    1     180     384       0     165       1      62     970       0       0
   13    1     147     444       0     175       4      47     939       0       1
   14    1     156     378       0     151       2      57     969       0       0
   15    1     159     418       0     178       1      60    1004       0       0
   16    1     161     414       0     167       3      49     957       0       0
   17    1     178     413       0     181       2      47     928       0       0
   18    1     152     399       0     175       1      51     918       0       0
   19    1     148     419       0     182       2      53     959       1       1
   20    1     156     444       0     166       4      56     938       1       0
   21    1     190     415       0     168       4      52     943       0       0
   22    1     161     407       0     185       1      43     974       0       0
   23    1     154     432       1     199       3      46     911       0       0
   24    1     178     407       0     177       2      41     952       0       0
   25    1     156     364       0     161       5      61     997       0       0
   26    1     172     405       1     167       1      40     942       0       1
   27    1     172     379       1     166       4      38     926       1       0
   28    1     165     418       0     196       1      53     950       0       0
   29    1     149     409       0     161       2      46     991       0       0
   30    1     161     426       0     198       0      48     949       0       0
   31    1     184     397       0     188       2      40     982       0       0
   32    1     181     438       0     157       1      48     944       0       0
   33    1     166     425       0     165       1      57     948       1       0
   34    1     158     441       0     174       0      52    1014       0       0
   35    1     145     399       0     161       3      52    1010       1       0
   36    1     138     406       0     198       4      43    1020       0       0
   37    1     165     389       0     164       2      47     958       0       0
   38    1     161     404       0     179       0      40     957       0       0
   39    1     190     421       0     203       1      53     965       0       0
   40    1     158     416       0     172       1      53     962       0       0
   41    1     158     419       0     172       0      48     926       0       1
   42    1     168     375       0     162       2      62     993       0       0
   43    1     165     412       0     189       1      50    1037       0       0
   44    1     157     389       0     193       3      65     962       1       0
   45    1     160     402       0     171       2      48     960       0       0
   46    1     171     388       0     193       0      45     955       0       0
   47    1     166     425       0     170       2      46     965       1       1
   48    1     166     411       0     191       0      34    1034       0       1
   49    1     151     431       0     182       2      43     974       0       0
   50    1     162     430       0     193       2      48     996       0       0
   51    1     168     402       0     177       1      50     998       0       0
   52    1     170     419       0     171       2      40     960       1       0
   53    1     158     417       0     163       0      58     934       0       0
   54    1     140     387       0     174       0      50    1034       0       0
   55    1     176     411       0     190       0      66    1012       0       0
   56    1     173     414       0     206       2      43    1006       2       0
   57    1     166     413       0     186       3      32     953       1       0
   58    1     190     420       1     193       4      49     964       0       0
   59    1     160     389       0     194       3      53     939       1       0
   60    1     158     409       0     190       4      48    1003       0       0
   61    1     168     458       0     183       2      54     926       0       0
   62    1     155     421       0     202       1      53     978       0       0
   63    1     134     387       0     193       5      47     991       0       0
   64    1     186     415       0     216       1      50    1001       0       0
   65    1     154     403       0     140       3      56     963       0       0
   66    1     181     438       0     169       3      48    1010       0       0
   67    1     157     391       0     153       2      47    1024       0       1
   68    1     152     398       0     198       1      57     979       1       0
   69    1     172     409       0     185       0      54     932       0       1
   70    1     165     435       0     151       3      48     911       0       0
   71    1     165     387       0     178       3      51     934       0       0
   72    1     193     410       0     190       0      48    1035       0       0
   73    1     194     419       0     161       3      49     931       0       0
   74    1     170     442       0     200       2      54     987       0       0
   75    1     144     421       0     167       1      56    1032       0       0
   76    1     159     404       0     173       3      41    1027       0       0
   77    1     158     415       0     188       4      47     984       0       1
   78    1     162     401       0     182       0      57    1034       0       0
   79    1     148     426       0     175       1      52    1023       0       0
   80    1     156     412       0     188       2      65     990       0       0
   81    1     182     402       0     184       1      55    1035       0       1
   82    1     147     409       0     197       1      53    1057       0       0
   83    1     176     438       1     169       0      46     977       0       0
   84    1     167     401       0     170       3      42    1042       1       1
   85    1     173     407       0     183       1      53    1048       0       0
   86    1     163     368       0     178       2      60    1017       0       1
   87    1     140     419       0     205       3      55     937       0       0
   88    1     169     419       0     198       1      45    1015       0       0
   89    1     148     379       0     163       0      52    1004       0       0
   90    1     166     400       0     184       2      58     981       0       0
   91    1     155     394       0     192       1      49    1009       0       0
   92    1     147     417       0     183       2      56    1062       0       0
   93    1     154     413       0     179       2      64    1040       0       1
   94    1     148     422       0     170       3      68    1011       0       1
   95    1     145     398       0     201       3      53     991       0       1
   96    1     152     392       0     164       3      53     979       1       0
   97    1     170     416       0     176       1      48     946       0       0
   98    1     167     435       0     200       0      39    1008       0       0
   99    1     162     417       0     196       1      59    1034       0       0
  100    1     192     432       0     173       4      52     950       0       0
  101    1     176     437       0     167       0      52     969       0       0
  102    1     146     376       0     187       1      42    1039       0       0
  103    1     139     452       0     197       1      45     998       0       0
  104    1     159     437       0     177       0      40     994       0       0
  105    1     167     452       0     195       5      48     956       0       0
  106    1     144     442       0     177       0      52     978       0       0
  107    1     148     395       0     161       4      57     991       0       0
  108    1     165     400       0     203       2      49    1048       0       0
  109    1     148     446       0     185       1      43    1075       1       0
  110    1     184     442       0     193       3      51     971       0       0
  111    1     161     379       0     171       1      58     981       0       1
  112    1     150     388       0     178       1      49     974       0       0
  113    1     145     381       0     196       1      43    1021       0       0
  114    1     166     445       0     168       1      56     982       0       0
  115    1     157     424       0     170       4      50    1080       0       0
  116    1     179     424       0     169       3      58     958       0       0
  117    1     165     398       0     164       2      44    1030       0       0
  118    1     148     438       0     161       2      51    1032       0       0
  119    1     156     432       0     162       0      52    1009       0       0
  120    1     158     440       0     163       0      39    1012       0       0
  121    1     161     394       0     185       2      42    1037       0       0
  122    1     192     409       0     165       1      49     951       0       0
  123    1     151     383       0     160       2      59    1022       0       1
  124    1     179     389       0     172       2      37    1023       1       0
  125    1     185     376       0     170       4      43     983       0       0
  126    1     161     411       0     182       2      44    1052       0       0
  127    1     155     394       0     196       0      45     977       0       0
  128    1     161     401       0     164       2      59     953       0       0
  129    1     165     409       0     181       0      48    1053       0       0
  130    1     169     378       1     186       1      54    1051       0       0
  131    1     131     407       0     177       3      38    1024       0       0
  132    1     154     382       0     173       2      49    1017       0       0
  133    1     143     405       0     195       0      55     936       0       1
  134    1     167     424       0     189       1      54    1001       0       0
  135    1     143     377       0     164       4      55    1032       0       0
  136    1     151     417       0     174       0      54    1068       0       0
  137    1     169     405       0     183       1      50    1003       0       1
  138    1     174     409       0     155       4      59    1042       0       0
  139    1     153     425       1     178       0      39    1010       0       0
  140    1     159     438       0     194       2      40    1055       0       0
  141    1     181     395       0     198       0      61    1010       0       0
  142    1     174     400       0     189       1      42    1017       0       0
  143    1     158     411       1     191       1      46    1004       0       0
  144    1     181     400       0     175       3      50     971       0       0
  145    1     171     384       0     193       1      47    1042       0       0
  146    1     144     428       1     176       2      44    1041       0       0
  147    1     130     400       0     191       2      63    1068       0       0
  148    1     138     438       0     178       1      50    1080       0       0
  149    1     152     426       0     177       2      49    1058       0       0
  150    1     168     408       0     168       0      54    1001       1       0
  151    1     139     341       0     177       2      52    1012       0       0
  152    1     138     436       0     178       4      53    1032       0       0
  153    1     171     380       0     197       1      47    1002       0       0
  154    1     148     393       0     192       2      48    1064       0       0
  155    1     157     420       0     166       0      36    1010       1       0
  156    1     150     429       0     176       1      58    1048       1       1
  157    1     160     426       0     182       1      54    1046       0       0
  158    1     145     435       0     189       0      56    1070       0       0
  159    1     168     440       0     192       3      54    1048       0       0
  160    1     161     413       1     184       2      48    1017       0       0
  161    1     158     437       0     183       1      54     963       0       0
  162    1     121     411       0     167       3      55     987       0       0
  163    1     172     410       0     157       1      55    1027       1       0
  164    1     161     403       0     196       0      41     999       0       0
  165    1     146     388       0     163       1      52    1061       0       0
  166    1     176     380       0     181       1      58    1006       0       0
  167    1     183     411       0     181       0      52     996       0       0
  168    1     142     411       0     188       3      51     989       0       0
  169    1     161     399       0     178       0      42    1010       0       0
  170    1     156     426       0     162       0      44    1064       0       0
  171    1     169     406       0     179       1      58    1041       0       0
  172    1     146     388       0     186       2      50    1047       0       0
  173    1     166     398       0     174       0      52     985       0       0
  174    1     181     407       0     168       2      41    1043       1       0
  175    1     148     396       0     177       2      47    1060       0       0
  176    1     133     391       0     208       1      53    1011       0       0
  177    1     161     403       0     188       0      49    1038       0       1
  178    1     151     413       0     176       0      55    1057       0       0
  179    1     142     414       0     181       2      71    1049       1       0
  180    1     180     383       0     164       0      46    1012       0       1
  181    1     157     417       0     199       1      45     958       0       0
  182    1     156     412       0     177       2      50     981       0       0
  183    1     156     415       0     174       2      58    1033       0       0
  184    1     123     407       0     180       1      61    1009       0       0
  185    1     154     412       0     177       2      51    1018       0       0
  186    1     143     439       0     190       1      59    1024       0       0
  187    1     152     388       0     191       0      45    1022       0       0
  188    1     146     395       0     170       3      46    1051       0       0
  189    1     137     380       0     174       0      59    1008       0       1
  190    1     136     410       0     198       1      48    1029       0       0
  191    1     145     418       0     178       2      63    1052       0       1
  192    1     160     400       0     172       3      41    1013       1       0
  193    1     143     370       0     207       1      52    1033       0       0
  194    1     140     359       0     190       1      39    1042       1       0
  195    1     157     414       0     209       1      50    1038       0       0
  196    1     150     379       0     178       1      46     988       0       0
  197    1     157     421       0     187       0      48     961       0       1
  198    1     157     393       0     188       0      58    1039       0       0
  199    1     142     383       0     171       0      53    1073       0       0
  200    1     154     380       0     156       2      52    1012       0       1
  201    1     141     381       0     188       1      52    1046       0       0
  202    1     138     375       0     184       0      63    1069       0       0
  203    1     128     416       0     171       1      68    1013       0       0
  204    1     159     380       0     174       1      39    1029       0       0
  205    1     149     411       0     174       4      49    1050       1       0
  206    1     156     415       0     205       0      57    1081       0       0
  207    1     151     388       0     175       1      53     991       0       0
  208    1     134     355       0     195       0      43    1015       0       0
  209    1     118     389       0     188       2      60    1021       1       0
  210    1     136     359       0     169       3      46    1040       0       0
  211    1     141     377       0     192       3      52    1059       0       0
  212    1     123     424       0     175       3      45    1003       0       0
  213    1     116     335       0     197       2      56    1035       0       0
  214    1     139     377       0     179       1      41    1071       1       0
  215    1     134     397       1     191       1      38    1056       0       0
  216    1     146     380       0     183       1      59    1150       0       0
  217    1     131     393       0     172       0      46    1099       1       0
  218    1     149     380       0     202       0      46    1067       0       0
  219    1     143     392       0     190       1      48    1083       0       0
  220    1     131     411       0     194       4      69    1080       0       0
  221    1     145     405       0     199       3      59    1039       0       0
  222    1     137     373       0     177       2      41    1027       1       0
  223    1     162     345       1     193       2      49    1061       0       0
  224    1     124     392       0     157       2      41    1034       0       0
  225    1     152     374       0     209       2      61    1084       1       0
  226    1     142     387       0     186       1      58    1086       0       1
  227    1     127     387       0     185       1      60    1079       0       0
  228    1     134     354       0     191       3      59    1154       1       0
  229    1     127     353       0     190       3      51    1042       0       0
  230    1     141     380       0     189       0      61    1087       0       0
  231    1     122     399       0     193       0      61    1051       1       0
  232    1     119     380       0     189       0      48    1060       0       0
  233    1     126     365       0     163       1      51    1123       0       0
  234    1     137     371       0     181       1      58    1099       0       0
  235    1     125     364       0     188       1      48    1095       0       0
  236    1     132     351       0     187       1      49    1088       1       0
  237    1     121     331       0     164       0      51    1126       0       1
  238    1     106     339       0     187       2      59    1168       0       0
  239    1     121     362       0     189       2      51    1069       1       0
  240    1     127     334       0     191       1      51    1143       1       1
  241    1     110     343       0     197       2      41    1066       0       1
  242    1     111     347       0     183       1      49    1152       1       0
  243    1     107     328       0     202       5      50    1157       0       2
  244    1     142     351       0     199       4      60    1235       0       0
  245    1     125     361       0     183       2      66    1227       0       0
  246    1     134     322       0     183       1      62    1210       1       0
  247    1     115     370       0     209       2      61    1116       0       0
  248    1     119     352       0     239       1      51    1249       0       0
  249    1     110     357       0     215       4      55    1157       0       2
  250    1     126     296       0     203       1      51    1199       0       0
  251    1     119     332       1     195       1      67    1310       1       0
  252    1      87     315       0     217       3      68    1294       0       1
  253    1     101     314       0     233       0      61    1331       1       0
  254    1     107     308       0     200       1      58    1312       0       0
  255    1     108     303       1     228       1      65    1385       2       0
  256    1     108     331       0     229       0      60    1397       0       0
  257    1      95     317       0     250       2      61    1381       0       0
  258    1      84     283       0     216       1      67    1520       0       0
  259    1      79     284       0     202       1      87    1463       1       0
  260    1      83     238       0     201       0      71    1465       0       1
  261    1      79     235       0     214       2      76    1517       1       0
  262    1      64     249       0     214       1      78    1574       0       0
  263    1      72     215       0     227       1      84    1586       0       0
  264    1      54     201       0     174       1      90    1620       0       0
  265    1      48     202       0     173       0      86    1637       0       0
  266    1      55     148       0     193       1      73    1702       1       1
  267    1      21     178       0     194       0      72    1810       1       1
  268    1      22     130       0     177       0      72    1927       0       0
  269    1      24     104       0     137       0      77    1855       1       2
  270    1       7      95       0     143       0      69    1853       0       2
  271    1       9      65       1     136       0      53    1904       0       1
  272    1       4      60       0     116       0      58    1822       2       1
  273    1       3      49       0     111       0      32    1742       0       0
  274    1       1      32       0      90       0      42    1580       0       1
  275    1       1      28       0      79       0      28    1408       1       3
  276    1       1      15       0      66       0      24    1143       0       2
  277    1       0      13       0      57       1      16     925       4       0
  278    1       2       7       0      52       0       9     701       1       0
  279    1       2      13       0      34       0       5     477       2       1
  280    1       1      15       0      35       0       2     260       0       3
  281    1       1      11       0      31       0       0     180       3       0
  282    1       0      10       0      15       0       1     107       2       2
  283    1       0       9       0       8       0       3      75       3       0
  284    1       0       8       0       5       0       3      52       1       0
  285    1       2       6       0       2       0       0      48       0       0
  286    1       0       8       0       3       0       1      25       0       0
  287    1       0      11       0       3       0       0      37       0       0
  288    1       0       8       0       1       0       0      39       0       0
  289    1       3      11       0       4       0       2      34       0       0
  290    1       0       5       0       2       0       1      41       0       0
  291    1       0       5       0       2       0       1      26       0       0
  292    1       3      11       0       2       0       0      43       0       0
  293    1       2       7       0       3       0       1      43       0       0
  294    1       3      12       0       2       0       0      41       0       0
  295    1       5       6       0       3       0       2      26       0       0
  296    1       2       8       0       8       0       1      30       0       0
  297    1       2      11       0       5       0       1      37       0       0
  298    1       1      11       0       2       0       0      33       0       0
  299    1       1       7       0       2       0       3      36       0       0
  300    1       1       9       0       1       0       0      26       0       0
  301    0       0       0       0       0       0       0       0       0       0
   SUM ==>   39951  105407      16   50191     413   14459  297662      67      56
