5000000
300
 ZONE MED   LOSS(MEV)      (MEV)    EXCITATION    PI0   (MEV)        PI+     K+    MU-    MU+     PROT    DEUT    TRIT     HE3    ALPH     ELSC    INEL    FISS
   1   1  0.224820E+07 0.321789E+03 0.0000E+00      0 0.0000E+00       0      0      0      0     2370     471     131     286    1372     1751    5575       0
   2   1  0.227408E+07 0.319152E+03 0.1378E+02      0 0.0000E+00       0      0      0      0     3137     574     167     309    1419     1783    5607       0
   3   1  0.229272E+07 0.330245E+03 0.2045E+02      1 0.9756E+01       0      0      0      0     3626     603     157     347    1431     1791    5626       0
   4   1  0.230625E+07 0.318663E+03 0.0000E+00      2 0.1017E+02       0      0      0      0     3946     634     157     327    1460     1853    5815       0
   5   1  0.231881E+07 0.338619E+03 0.8077E+01      1 0.1290E+02       0      0      0      0     4114     594     160     307    1474     1931    5677       0
   6   1  0.233228E+07 0.316185E+03 0.0000E+00      0 0.0000E+00       0      0      0      0     4367     620     165     347    1464     1913    5802       0
   7   1  0.234282E+07 0.326894E+03 0.8832E+01      0 0.0000E+00       0      0      0      0     4463     624     175     328    1403     1933    5761       0
   8   1  0.235383E+07 0.341501E+03 0.0000E+00      0 0.0000E+00       0      0      0      0     4773     612     156     306    1472     1955    5766       0
   9   1  0.236345E+07 0.361283E+03 0.7778E+01      1 0.8758E+00       0      0      0      0     5024     608     173     371    1488     2056    5855       0
  10   1  0.236923E+07 0.340851E+03 0.1334E+02      1 0.2348E+02       0      0      0      0     4952     617     154     295    1420     2027    5840       0
  11   1  0.237871E+07 0.340530E+03 0.2281E+02      1 0.3108E+02       0      0      0      0     5168     626     147     305    1444     1992    5872       0
  12   1  0.238922E+07 0.350348E+03 0.1344E+02      0 0.0000E+00       0      0      0      0     5301     607     157     360    1475     2059    6142       0
  13   1  0.239659E+07 0.361997E+03 0.1287E+02      2 0.2010E+02       0      0      0      0     5312     589     142     324    1518     2091    5967       0
  14   1  0.240648E+07 0.332243E+03 0.0000E+00      2 0.1130E+02       0      0      0      0     5481     648     161     353    1496     2096    6160       0
  15   1  0.241170E+07 0.339825E+03 0.0000E+00      1 0.6737E+01       0      0      0      0     5552     599     168     350    1516     2072    5985       0
  16   1  0.241955E+07 0.353436E+03 0.4316E+01      1 0.6869E+01       0      0      0      0     5728     673     148     344    1434     2068    6116       0
  17   1  0.242593E+07 0.356641E+03 0.0000E+00      1 0.3271E+02       0      0      0      0     5698     616     161     328    1504     2188    6045       0
  18   1  0.243168E+07 0.356219E+03 0.4404E+01      1 0.5534E+01       0      0      0      0     5839     628     161     309    1517     2083    6032       0
  19   1  0.243881E+07 0.379976E+03 0.1698E+02      0 0.0000E+00       0      0      0      0     5750     628     168     334    1551     2226    6108       0
  20   1  0.244625E+07 0.366433E+03 0.2143E+01      1 0.2158E+02       0      0      0      0     5799     606     144     315    1607     2176    6151       0
  21   1  0.245529E+07 0.376082E+03 0.6796E+01      0 0.0000E+00       0      0      0      0     6190     635     181     328    1415     2292    6219       0
  22   1  0.246261E+07 0.362094E+03 0.6758E+01      0 0.0000E+00       0      0      0      0     6094     612     148     310    1453     2270    6090       0
  23   1  0.246697E+07 0.389367E+03 0.6540E+01      0 0.0000E+00       0      0      0      0     6205     634     143     333    1441     2271    6141       0
  24   1  0.247411E+07 0.370404E+03 0.1095E+02      1 0.1863E+01       0      0      0      0     6277     655     166     318    1434     2261    6130       0
  25   1  0.248130E+07 0.396293E+03 0.6663E+01      1 0.1804E+01       0      0      0      0     6391     599     146     332    1622     2385    6349       0
  26   1  0.248410E+07 0.386632E+03 0.4877E+01      1 0.1084E+02       0      0      0      0     6238     656     143     323    1474     2267    6125       0
  27   1  0.249245E+07 0.390370E+03 0.1290E+02      0 0.0000E+00       0      0      0      0     6358     605     181     328    1480     2375    6179       0
  28   1  0.249901E+07 0.378422E+03 0.7856E+01      1 0.9315E+00       0      0      0      0     6509     656     175     357    1563     2389    6171       0
  29   1  0.250412E+07 0.392927E+03 0.1325E+02      0 0.0000E+00       0      0      0      0     6388     626     155     314    1509     2385    6251       0
  30   1  0.251070E+07 0.393446E+03 0.0000E+00      0 0.0000E+00       0      0      0      0     6640     582     141     335    1467     2417    6194       0
  31   1  0.251907E+07 0.409513E+03 0.1164E+02      0 0.0000E+00       0      0      0      0     6696     642     158     333    1650     2477    6436       0
  32   1  0.252526E+07 0.388656E+03 0.9739E+01      0 0.0000E+00       0      0      0      0     6691     673     170     358    1508     2398    6380       0
  33   1  0.252822E+07 0.411568E+03 0.1384E+01      0 0.0000E+00       0      0      0      0     6672     612     158     311    1492     2457    6206       0
  34   1  0.253447E+07 0.372883E+03 0.2727E+02      1 0.5202E+01       0      0      0      0     6856     598     159     328    1506     2300    6295       0
  35   1  0.254025E+07 0.417645E+03 0.5828E+01      2 0.1040E+02       0      0      0      0     6958     631     170     338    1426     2473    6374       0
  36   1  0.254383E+07 0.407347E+03 0.0000E+00      0 0.0000E+00       0      0      0      0     6964     648     161     300    1404     2531    6233       0
  37   1  0.255135E+07 0.411067E+03 0.6756E+01      0 0.0000E+00       0      0      0      0     6993     608     172     343    1565     2496    6364       0
  38   1  0.255473E+07 0.408637E+03 0.7193E+01      1 0.1140E+01       0      0      0      0     6918     611     152     302    1571     2492    6258       0
  39   1  0.256326E+07 0.399216E+03 0.1137E+02      0 0.0000E+00       0      0      0      0     6848     664     175     307    1558     2540    6347       0
  40   1  0.256926E+07 0.407867E+03 0.1757E+02      0 0.0000E+00       0      0      0      0     7361     648     142     285    1577     2527    6380       0
  41   1  0.257451E+07 0.416587E+03 0.1722E+02      0 0.0000E+00       0      0      0      0     7075     623     192     337    1481     2670    6411       0
  42   1  0.258097E+07 0.413062E+03 0.1283E+01      0 0.0000E+00       0      0      0      0     7247     672     153     346    1546     2576    6315       0
  43   1  0.258327E+07 0.422636E+03 0.0000E+00      0 0.0000E+00       0      0      0      0     7257     633     163     319    1509     2669    6400       0
  44   1  0.259273E+07 0.420674E+03 0.0000E+00      0 0.0000E+00       0      0      0      0     7388     644     162     341    1590     2641    6470       0
  45   1  0.259464E+07 0.410801E+03 0.7153E+01      0 0.0000E+00       0      0      0      0     7186     660     140     324    1532     2527    6398       0
  46   1  0.259971E+07 0.413754E+03 0.2195E+02      0 0.0000E+00       0      0      0      0     7485     628     164     320    1457     2633    6297       0
  47   1  0.260386E+07 0.423804E+03 0.5466E+01      0 0.0000E+00       0      0      0      0     7369     643     166     301    1448     2623    6423       0
  48   1  0.261105E+07 0.423203E+03 0.1245E+02      0 0.0000E+00       0      0      0      0     7495     627     143     340    1549     2684    6552       0
  49   1  0.261588E+07 0.420822E+03 0.8902E+01      0 0.0000E+00       0      0      0      0     7350     657     190     319    1497     2649    6476       0
  50   1  0.262277E+07 0.423406E+03 0.1640E+02      0 0.0000E+00       0      0      0      0     7623     635     126     331    1483     2608    6486       0
  51   1  0.262707E+07 0.423502E+03 0.8316E+01      0 0.0000E+00       0      0      0      0     7556     655     167     328    1580     2688    6501       0
  52   1  0.263300E+07 0.425188E+03 0.6901E+01      0 0.0000E+00       0      0      0      0     7721     625     164     372    1580     2634    6707       0
  53   1  0.263638E+07 0.426217E+03 0.2108E+02      0 0.0000E+00       0      0      0      0     7712     624     162     354    1493     2781    6456       0
  54   1  0.264382E+07 0.440185E+03 0.2846E+02      0 0.0000E+00       0      0      0      0     7881     652     167     329    1568     2679    6610       0
  55   1  0.264706E+07 0.443764E+03 0.4017E+01      0 0.0000E+00       0      0      0      0     7666     605     170     332    1568     2789    6495       0
  56   1  0.265250E+07 0.430390E+03 0.1018E+01      0 0.0000E+00       0      0      0      0     7933     651     174     325    1517     2713    6477       0
  57   1  0.265646E+07 0.431617E+03 0.0000E+00      0 0.0000E+00       0      0      0      0     7943     657     166     310    1644     2826    6539       0
  58   1  0.266016E+07 0.454758E+03 0.2970E+02      0 0.0000E+00       0      0      0      0     7970     647     158     336    1483     2871    6513       0
  59   1  0.266720E+07 0.434811E+03 0.1191E+02      1 0.1514E+02       0      0      0      0     7859     672     156     371    1614     2769    6700       0
  60   1  0.267127E+07 0.424509E+03 0.1420E+01      0 0.0000E+00       0      0      0      0     7865     639     161     338    1659     2803    6613       0
  61   1  0.267622E+07 0.455357E+03 0.0000E+00      0 0.0000E+00       0      0      0      0     7937     683     168     300    1516     2826    6419       0
  62   1  0.267827E+07 0.448790E+03 0.1612E+02      0 0.0000E+00       0      0      0      0     7984     655     154     296    1521     2827    6480       0
  63   1  0.268205E+07 0.457957E+03 0.8731E+01      0 0.0000E+00       0      0      0      0     8058     655     156     329    1500     2978    6564       0
  64   1  0.268497E+07 0.462801E+03 0.2397E+02      0 0.0000E+00       0      0      0      0     7971     574     167     275    1447     2985    6569       0
  65   1  0.269060E+07 0.448356E+03 0.2676E+02      0 0.0000E+00       0      0      0      0     7918     644     160     337    1629     2838    6586       0
  66   1  0.269534E+07 0.450432E+03 0.1331E+02      1 0.9825E+01       0      0      0      0     7891     600     140     371    1535     2840    6598       0
  67   1  0.270390E+07 0.467252E+03 0.1658E+02      0 0.0000E+00       0      0      0      0     8227     646     173     354    1545     2977    6686       0
  68   1  0.270617E+07 0.475210E+03 0.1716E+02      0 0.0000E+00       0      0      0      0     8264     590     152     309    1524     3019    6643       0
  69   1  0.271087E+07 0.452468E+03 0.6043E+01      0 0.0000E+00       0      0      0      0     8316     647     139     330    1492     2918    6538       0
  70   1  0.271440E+07 0.479813E+03 0.2085E+02      0 0.0000E+00       0      0      0      0     8227     648     155     316    1593     2981    6643       0
  71   1  0.272069E+07 0.456925E+03 0.3348E+01      0 0.0000E+00       0      0      0      0     8132     640     159     354    1542     2907    6640       0
  72   1  0.272668E+07 0.478272E+03 0.1839E+02      0 0.0000E+00       0      0      0      0     8325     625     174     325    1582     3030    6597       0
  73   1  0.273030E+07 0.469777E+03 0.1091E+02      0 0.0000E+00       0      0      0      0     8285     636     164     330    1602     3050    6646       0
  74   1  0.273408E+07 0.483755E+03 0.1077E+01      0 0.0000E+00       0      0      0      0     8428     605     165     313    1631     3071    6723       0
  75   1  0.273668E+07 0.461307E+03 0.5469E+01      0 0.0000E+00       0      0      0      0     8213     647     154     349    1553     2984    6610       0
  76   1  0.274376E+07 0.469189E+03 0.0000E+00      0 0.0000E+00       0      0      0      0     8538     676     151     332    1559     3081    6664       0
  77   1  0.274690E+07 0.469260E+03 0.1137E+02      0 0.0000E+00       0      0      0      0     8364     647     170     321    1531     2989    6550       0
  78   1  0.275104E+07 0.479894E+03 0.0000E+00      0 0.0000E+00       0      0      0      0     8283     652     165     335    1475     3200    6445       0
  79   1  0.275342E+07 0.457611E+03 0.0000E+00      0 0.0000E+00       0      0      0      0     8411     620     142     330    1560     3017    6629       0
  80   1  0.275538E+07 0.485186E+03 0.1616E+02      0 0.0000E+00       0      0      0      0     8389     604     165     317    1495     3204    6635       0
  81   1  0.276254E+07 0.473293E+03 0.2852E+02      0 0.0000E+00       0      0      0      0     8407     606     159     340    1567     3100    6568       0
  82   1  0.276627E+07 0.495972E+03 0.4811E+01      0 0.0000E+00       0      0      0      0     8493     604     146     344    1571     3077    6675       0
  83   1  0.277318E+07 0.483490E+03 0.0000E+00      0 0.0000E+00       0      0      0      0     8432     642     145     314    1487     3172    6613       0
  84   1  0.277775E+07 0.477402E+03 0.2045E+02      0 0.0000E+00       0      0      0      0     8727     623     159     325    1545     3112    6790       0
  85   1  0.278059E+07 0.479254E+03 0.6638E+01      0 0.0000E+00       0      0      0      0     8604     643     134     318    1536     3122    6559       0
  86   1  0.278493E+07 0.475967E+03 0.1078E+02      0 0.0000E+00       0      0      0      0     8563     587     133     388    1568     3187    6734       0
  87   1  0.278927E+07 0.479159E+03 0.4239E+01      0 0.0000E+00       0      0      0      0     8729     632     193     337    1473     3091    6779       0
  88   1  0.279211E+07 0.477228E+03 0.1695E+02      0 0.0000E+00       0      0      0      0     8589     630     169     317    1545     3143    6605       0
  89   1  0.279513E+07 0.476519E+03 0.8490E+01      0 0.0000E+00       0      0      0      0     8621     652     150     320    1487     3186    6591       0
  90   1  0.280276E+07 0.490328E+03 0.1931E+02      0 0.0000E+00       0      0      0      0     8824     645     190     301    1558     3267    6707       0
  91   1  0.280880E+07 0.492769E+03 0.1734E+02      0 0.0000E+00       0      0      0      0     8832     660     178     310    1690     3107    6711       0
  92   1  0.281239E+07 0.507196E+03 0.0000E+00      0 0.0000E+00       0      0      0      0     8760     670     163     306    1534     3280    6667       0
  93   1  0.281824E+07 0.485321E+03 0.0000E+00      0 0.0000E+00       0      0      0      0     8766     668     170     355    1672     3178    6742       0
  94   1  0.282069E+07 0.499118E+03 0.0000E+00      0 0.0000E+00       0      0      0      0     8772     641     159     312    1591     3325    6650       0
  95   1  0.282471E+07 0.503237E+03 0.2032E+02      0 0.0000E+00       0      0      0      0     8874     658     172     329    1525     3278    6761       0
  96   1  0.282885E+07 0.517153E+03 0.6459E+01      0 0.0000E+00       0      0      0      0     8824     625     138     363    1563     3323    6627       0
  97   1  0.283177E+07 0.503615E+03 0.1732E+02      0 0.0000E+00       0      0      0      0     9045     650     161     330    1530     3283    6613       0
  98   1  0.283527E+07 0.503661E+03 0.9288E+01      0 0.0000E+00       0      0      0      0     8990     641     151     337    1643     3304    6803       0
  99   1  0.283978E+07 0.505223E+03 0.1954E+02      0 0.0000E+00       0      0      0      0     8847     658     140     347    1691     3413    6755       0
 100   1  0.284034E+07 0.500400E+03 0.1067E+01      0 0.0000E+00       0      0      0      0     8836     596     150     324    1545     3445    6548       0
 101   1  0.284276E+07 0.490402E+03 0.1143E+02      0 0.0000E+00       0      0      0      0     8669     603     148     306    1548     3328    6587       0
 102   1  0.285096E+07 0.513314E+03 0.1132E+02      0 0.0000E+00       0      0      0      0     9075     565     148     338    1537     3383    6766       0
 103   1  0.285331E+07 0.510798E+03 0.0000E+00      0 0.0000E+00       0      0      0      0     8991     646     131     290    1542     3424    6680       0
 104   1  0.285842E+07 0.523926E+03 0.8797E+01      0 0.0000E+00       0      0      0      0     8896     652     141     353    1585     3412    6742       0
 105   1  0.286402E+07 0.518700E+03 0.2247E+02      0 0.0000E+00       0      0      0      0     8919     626     153     329    1613     3519    6719       0
 106   1  0.286755E+07 0.524639E+03 0.1431E+02      0 0.0000E+00       0      0      0      0     8979     618     171     348    1571     3533    6716       0
 107   1  0.287168E+07 0.523195E+03 0.1132E+02      0 0.0000E+00       0      0      0      0     9034     606     148     328    1517     3488    6637       0
 108   1  0.287621E+07 0.517837E+03 0.1518E+02      0 0.0000E+00       0      0      0      0     9133     627     154     325    1513     3507    6680       0
 109   1  0.288166E+07 0.514244E+03 0.2818E+02      0 0.0000E+00       0      0      0      0     9337     599     147     328    1598     3508    6750       0
 110   1  0.288298E+07 0.556450E+03 0.1782E+02      0 0.0000E+00       0      0      0      0     9094     648     162     314    1570     3737    6895       0
 111   1  0.288987E+07 0.507536E+03 0.8616E+00      0 0.0000E+00       0      0      0      0     9244     654     159     324    1660     3383    6781       0
 112   1  0.289107E+07 0.540243E+03 0.1857E+02      0 0.0000E+00       0      0      0      0     9243     629     161     321    1538     3671    6716       0
 113   1  0.289400E+07 0.534205E+03 0.0000E+00      0 0.0000E+00       0      0      0      0     9043     671     152     321    1536     3637    6641       0
 114   1  0.289653E+07 0.546172E+03 0.2092E+02      0 0.0000E+00       0      0      0      0     9182     640     174     311    1455     3654    6683       0
 115   1  0.290171E+07 0.539302E+03 0.1294E+02      0 0.0000E+00       0      0      0      0     9209     621     165     334    1639     3662    6764       0
 116   1  0.290534E+07 0.554793E+03 0.9548E+01      0 0.0000E+00       0      0      0      0     9226     613     172     333    1572     3685    6766       0
 117   1  0.290816E+07 0.543243E+03 0.4182E+02      0 0.0000E+00       0      0      0      0     9040     604     137     313    1585     3773    6740       0
 118   1  0.291500E+07 0.544060E+03 0.7483E+01      0 0.0000E+00       0      0      0      0     9280     628     135     328    1659     3688    6744       0
 119   1  0.291827E+07 0.537738E+03 0.3624E+01      0 0.0000E+00       0      0      0      0     9249     625     164     326    1656     3741    6806       0
 120   1  0.291979E+07 0.575263E+03 0.1112E+02      0 0.0000E+00       0      0      0      0     9272     614     142     304    1624     3802    6728       0
 121   1  0.292542E+07 0.555549E+03 0.6964E+01      0 0.0000E+00       0      0      0      0     9336     617     151     327    1597     3879    6657       0
 122   1  0.292763E+07 0.551317E+03 0.1881E+02      0 0.0000E+00       0      0      0      0     9332     669     164     328    1536     3805    6714       0
 123   1  0.292790E+07 0.545476E+03 0.7336E+01      0 0.0000E+00       0      0      0      0     9177     600     158     314    1428     3813    6559       0
 124   1  0.293272E+07 0.562400E+03 0.1214E+02      0 0.0000E+00       0      0      0      0     9173     609     141     329    1424     3845    6606       0
 125   1  0.293917E+07 0.567242E+03 0.1644E+02      0 0.0000E+00       0      0      0      0     9253     614     162     337    1483     3886    6768       0
 126   1  0.294559E+07 0.576824E+03 0.2485E+02      0 0.0000E+00       0      0      0      0     9139     667     153     307    1642     3962    6764       0
 127   1  0.294993E+07 0.554104E+03 0.2656E+02      0 0.0000E+00       0      0      0      0     9442     611     128     316    1513     3769    6624       0
 128   1  0.295491E+07 0.585709E+03 0.8434E+01      0 0.0000E+00       0      0      0      0     9419     605     158     306    1520     4011    6779       0
 129   1  0.295638E+07 0.577856E+03 0.6070E+01      0 0.0000E+00       0      0      0      0     9205     596     130     320    1461     3967    6577       0
 130   1  0.296619E+07 0.569777E+03 0.1172E+02      0 0.0000E+00       0      0      0      0     9358     612     136     311    1579     3875    6752       0
 131   1  0.296513E+07 0.564794E+03 0.8934E+01      0 0.0000E+00       0      0      0      0     9388     595     149     305    1510     3970    6588       0
 132   1  0.297147E+07 0.562003E+03 0.2927E+01      0 0.0000E+00       0      0      0      0     9368     585     154     311    1524     3904    6661       0
 133   1  0.297823E+07 0.597580E+03 0.1270E+02      0 0.0000E+00       0      0      0      0     9479     620     149     326    1522     3986    6830       0
 134   1  0.298154E+07 0.580115E+03 0.2868E+02      0 0.0000E+00       0      0      0      0     9525     630     111     271    1589     4004    6725       0
 135   1  0.298595E+07 0.581586E+03 0.1531E+02      0 0.0000E+00       0      0      0      0     9464     627     167     305    1603     4030    6869       0
 136   1  0.299147E+07 0.584010E+03 0.7877E+01      0 0.0000E+00       0      0      0      0     9348     628     157     334    1498     4030    6825       0
 137   1  0.299728E+07 0.582079E+03 0.0000E+00      0 0.0000E+00       0      0      0      0     9657     620     146     302    1633     3916    6880       0
 138   1  0.299851E+07 0.596576E+03 0.6684E+01      0 0.0000E+00       0      0      0      0     9645     580     156     303    1495     4093    6669       0
 139   1  0.300357E+07 0.625159E+03 0.1293E+02      0 0.0000E+00       0      0      0      0     9619     618     153     319    1628     4168    6834       0
 140   1  0.300746E+07 0.596807E+03 0.7939E+01      0 0.0000E+00       0      0      0      0     9619     626     172     322    1483     4233    6740       0
 141   1  0.301125E+07 0.602658E+03 0.9363E+01      0 0.0000E+00       0      0      0      0     9544     623     146     350    1596     4136    6684       0
 142   1  0.301725E+07 0.567256E+03 0.1372E+02      0 0.0000E+00       0      0      0      0     9522     665     141     329    1577     4077    6769       0
 143   1  0.302136E+07 0.610720E+03 0.2232E+02      0 0.0000E+00       0      0      0      0     9803     623     146     315    1617     4210    6775       0
 144   1  0.302323E+07 0.617100E+03 0.1939E+02      0 0.0000E+00       0      0      0      0     9811     581     144     295    1546     4191    6707       0
 145   1  0.302722E+07 0.611879E+03 0.1434E+02      0 0.0000E+00       0      0      0      0     9819     620     170     315    1544     4273    6821       0
 146   1  0.303326E+07 0.618967E+03 0.2075E+02      0 0.0000E+00       0      0      0      0     9934     666     158     346    1671     4296    6988       0
 147   1  0.303367E+07 0.609961E+03 0.0000E+00      0 0.0000E+00       0      0      0      0     9904     630     142     323    1592     4249    6878       0
 148   1  0.303750E+07 0.618288E+03 0.8001E+00      0 0.0000E+00       0      0      0      0     9855     595     141     293    1634     4359    6822       0
 149   1  0.303993E+07 0.604493E+03 0.1523E+02      0 0.0000E+00       0      0      0      0     9871     602     128     324    1533     4331    6684       0
 150   1  0.304313E+07 0.618483E+03 0.6358E+01      0 0.0000E+00       0      0      0      0     9652     619     125     316    1543     4266    6721       0
 151   1  0.305014E+07 0.610218E+03 0.7462E+01      0 0.0000E+00       0      0      0      0     9987     593     142     301    1503     4412    6825       0
 152   1  0.305620E+07 0.604228E+03 0.6392E+01      0 0.0000E+00       0      0      0      0     9934     579     164     325    1536     4186    6707       0
 153   1  0.306287E+07 0.613158E+03 0.1212E+02      0 0.0000E+00       0      0      0      0     9894     557     137     297    1531     4292    6713       0
 154   1  0.307440E+07 0.614769E+03 0.5788E+01      0 0.0000E+00       0      0      0      0     9946     563     150     307    1581     4429    6745       0
 155   1  0.308628E+07 0.651786E+03 0.6511E+01      0 0.0000E+00       0      0      0      0     9837     663     150     326    1637     4600    6918       0
 156   1  0.309663E+07 0.659241E+03 0.2491E+01      0 0.0000E+00       0      0      0      0     9865     593     112     299    1556     4512    6842       0
 157   1  0.310746E+07 0.648864E+03 0.1250E+02      0 0.0000E+00       0      0      0      0     9843     595     133     259    1560     4623    6831       0
 158   1  0.312021E+07 0.660560E+03 0.1528E+02      0 0.0000E+00       0      0      0      0     9993     644     140     329    1581     4615    6850       0
 159   1  0.312436E+07 0.662028E+03 0.7913E+01      0 0.0000E+00       0      0      0      0    10038     602     137     320    1546     4630    6703       0
 160   1  0.313248E+07 0.648517E+03 0.6523E+01      0 0.0000E+00       0      0      0      0     9910     631     142     310    1584     4667    6841       0
 161   1  0.313845E+07 0.682565E+03 0.7337E+01      0 0.0000E+00       0      0      0      0    10105     613     126     307    1588     4835    6876       0
 162   1  0.314248E+07 0.643967E+03 0.1256E+02      0 0.0000E+00       0      0      0      0     9927     575     139     315    1431     4665    6680       0
 163   1  0.314858E+07 0.658607E+03 0.1323E+02      0 0.0000E+00       0      0      0      0    10069     586     121     285    1539     4724    6673       0
 164   1  0.315577E+07 0.658125E+03 0.6772E+01      0 0.0000E+00       0      0      0      0    10175     597     158     315    1570     4788    6772       0
 165   1  0.316032E+07 0.679467E+03 0.0000E+00      0 0.0000E+00       0      0      0      0    10037     610     133     323    1610     4864    6756       0
 166   1  0.316501E+07 0.676186E+03 0.3915E+01      0 0.0000E+00       0      0      0      0    10013     602     145     303    1512     4800    6746       0
 167   1  0.317223E+07 0.685256E+03 0.8360E+01      0 0.0000E+00       0      0      0      0    10029     565     148     327    1523     4936    6800       0
 168   1  0.317862E+07 0.690842E+03 0.0000E+00      0 0.0000E+00       0      0      0      0    10123     596     145     317    1520     4900    6736       0
 169   1  0.318555E+07 0.685394E+03 0.1489E+02      0 0.0000E+00       0      0      0      0    10182     639     152     287    1544     5024    6805       0
 170   1  0.318984E+07 0.698950E+03 0.4610E+01      0 0.0000E+00       0      0      0      0     9917     531     135     300    1503     5055    6751       0
 171   1  0.319704E+07 0.684275E+03 0.3434E+02      0 0.0000E+00       0      0      0      0    10142     602     132     302    1542     4939    6838       0
 172   1  0.320290E+07 0.670951E+03 0.2493E+01      0 0.0000E+00       0      0      0      0    10052     597     127     278    1573     5034    6780       0
 173   1  0.321137E+07 0.697417E+03 0.1760E+02      0 0.0000E+00       0      0      0      0    10146     612     125     298    1604     5051    6778       0
 174   1  0.321626E+07 0.726875E+03 0.6390E+01      0 0.0000E+00       0      0      0      0     9964     564     122     294    1564     5250    6697       0
 175   1  0.322444E+07 0.701537E+03 0.3782E+01      0 0.0000E+00       0      0      0      0    10250     604     140     293    1488     5099    6848       0
 176   1  0.323166E+07 0.728329E+03 0.1305E+02      0 0.0000E+00       0      0      0      0    10225     570     131     313    1539     5273    6713       0
 177   1  0.323854E+07 0.714107E+03 0.9265E+01      0 0.0000E+00       0      0      0      0    10154     563     137     264    1630     5240    6800       0
 178   1  0.324528E+07 0.744080E+03 0.2661E+02      0 0.0000E+00       0      0      0      0    10331     562     144     289    1542     5345    6760       0
 179   1  0.325502E+07 0.714370E+03 0.2841E+02      0 0.0000E+00       0      0      0      0    10228     573     143     299    1544     5329    6865       0
 180   1  0.326250E+07 0.729270E+03 0.1928E+01      0 0.0000E+00       0      0      0      0    10455     629     159     293    1583     5292    6879       0
 181   1  0.326860E+07 0.740470E+03 0.8881E+01      0 0.0000E+00       0      0      0      0    10210     618     138     341    1527     5376    6757       0
 182   1  0.327563E+07 0.756448E+03 0.1021E+02      0 0.0000E+00       0      0      0      0    10411     594     116     328    1500     5565    6795       0
 183   1  0.328059E+07 0.748841E+03 0.4986E+01      0 0.0000E+00       0      0      0      0    10061     558     117     303    1475     5480    6783       0
 184   1  0.329165E+07 0.764938E+03 0.1366E+02      0 0.0000E+00       0      0      0      0    10266     590     121     306    1565     5651    6773       0
 185   1  0.329882E+07 0.739372E+03 0.1857E+02      0 0.0000E+00       0      0      0      0    10389     547     163     326    1550     5434    6771       0
 186   1  0.330821E+07 0.762412E+03 0.2202E+02      0 0.0000E+00       0      0      0      0    10410     563     130     307    1626     5569    6761       0
 187   1  0.331541E+07 0.745055E+03 0.5468E+01      0 0.0000E+00       0      0      0      0    10341     576     135     312    1558     5583    6711       0
 188   1  0.332165E+07 0.793157E+03 0.0000E+00      0 0.0000E+00       0      0      0      0    10335     584     130     265    1504     5822    6786       0
 189   1  0.333081E+07 0.765973E+03 0.1353E+02      0 0.0000E+00       0      0      0      0    10453     554     139     269    1544     5662    6651       0
 190   1  0.333988E+07 0.800051E+03 0.2208E+02      0 0.0000E+00       0      0      0      0    10404     582     155     304    1499     5753    6982       0
 191   1  0.334968E+07 0.793748E+03 0.9791E+01      0 0.0000E+00       0      0      0      0    10561     571     144     328    1532     5835    6732       0
 192   1  0.335603E+07 0.762455E+03 0.2168E+01      0 0.0000E+00       0      0      0      0    10453     576     139     286    1554     5765    6649       0
 193   1  0.336574E+07 0.778148E+03 0.0000E+00      0 0.0000E+00       0      0      0      0    10299     553     132     301    1560     5685    6818       0
 194   1  0.337530E+07 0.801645E+03 0.1869E+02      0 0.0000E+00       0      0      0      0    10650     575     140     300    1442     5897    6852       0
 195   1  0.338530E+07 0.781591E+03 0.4227E+01      0 0.0000E+00       0      0      0      0    10670     566     139     301    1463     5801    6786       0
 196   1  0.339090E+07 0.796060E+03 0.1074E+02      0 0.0000E+00       0      0      0      0    10506     556     129     273    1524     5982    6674       0
 197   1  0.339992E+07 0.818204E+03 0.1726E+02      0 0.0000E+00       0      0      0      0    10634     562     137     269    1526     5949    6671       0
 198   1  0.340710E+07 0.833700E+03 0.1521E+02      0 0.0000E+00       0      0      0      0    10628     534     121     310    1479     6136    6686       0
 199   1  0.341656E+07 0.814748E+03 0.1991E+02      0 0.0000E+00       0      0      0      0    10692     551     130     305    1510     6069    6777       0
 200   1  0.342343E+07 0.821741E+03 0.3327E+02      0 0.0000E+00       0      0      0      0    10625     551     120     291    1484     6251    6648       0
 201   1  0.343189E+07 0.825268E+03 0.1767E+02      0 0.0000E+00       0      0      0      0    10491     577     119     291    1543     6282    6709       0
 202   1  0.344162E+07 0.829480E+03 0.1726E+02      0 0.0000E+00       0      0      0      0    10566     562     113     264    1472     6339    6772       0
 203   1  0.345110E+07 0.840930E+03 0.0000E+00      0 0.0000E+00       0      0      0      0    10654     511     130     236    1535     6289    6706       0
 204   1  0.346320E+07 0.867854E+03 0.1669E+01      0 0.0000E+00       0      0      0      0    10670     540     116     268    1505     6469    6761       0
 205   1  0.347333E+07 0.851041E+03 0.8918E+01      0 0.0000E+00       0      0      0      0    10779     522     115     267    1512     6462    6690       0
 206   1  0.348582E+07 0.834334E+03 0.2997E+01      0 0.0000E+00       0      0      0      0    10868     554     137     270    1572     6435    6743       0
 207   1  0.349890E+07 0.859661E+03 0.1796E+02      0 0.0000E+00       0      0      0      0    10850     520     125     293    1466     6493    6717       0
 208   1  0.351505E+07 0.888730E+03 0.3579E+01      0 0.0000E+00       0      0      0      0    11033     582     136     267    1600     6520    6804       0
 209   1  0.352844E+07 0.885680E+03 0.2440E+02      0 0.0000E+00       0      0      0      0    10754     568     105     300    1606     6567    6840       0
 210   1  0.354401E+07 0.897666E+03 0.3064E+02      0 0.0000E+00       0      0      0      0    10932     570     107     280    1521     6741    6827       0
 211   1  0.355888E+07 0.896214E+03 0.3216E+01      0 0.0000E+00       0      0      0      0    10912     515     104     256    1528     6833    6725       0
 212   1  0.357344E+07 0.882933E+03 0.1480E+02      0 0.0000E+00       0      0      0      0    11006     525     127     266    1529     6713    6666       0
 213   1  0.358789E+07 0.918952E+03 0.2165E+02      0 0.0000E+00       0      0      0      0    10961     591     118     304    1560     6838    6922       0
 214   1  0.360258E+07 0.935970E+03 0.2281E+02      0 0.0000E+00       0      0      0      0    10926     554     134     297    1610     7002    6953       0
 215   1  0.361723E+07 0.913341E+03 0.4875E+01      0 0.0000E+00       0      0      0      0    11155     598     105     231    1556     6910    6792       0
 216   1  0.363260E+07 0.943792E+03 0.1795E+02      0 0.0000E+00       0      0      0      0    11404     541     126     265    1613     7201    6872       0
 217   1  0.364707E+07 0.950958E+03 0.9010E+01      0 0.0000E+00       0      0      0      0    11284     566     110     287    1539     7209    7059       0
 218   1  0.366276E+07 0.946993E+03 0.0000E+00      0 0.0000E+00       0      0      0      0    11058     588     124     293    1641     7212    6981       0
 219   1  0.367857E+07 0.969938E+03 0.2636E+02      0 0.0000E+00       0      0      0      0    11284     489     129     300    1524     7423    6891       0
 220   1  0.369610E+07 0.963786E+03 0.1959E+02      0 0.0000E+00       0      0      0      0    11332     543     130     284    1593     7367    6778       0
 221   1  0.371376E+07 0.989597E+03 0.6480E+01      0 0.0000E+00       0      0      0      0    10943     550     128     308    1658     7511    7043       0
 222   1  0.373192E+07 0.100942E+04 0.1341E+02      0 0.0000E+00       0      0      0      0    11433     534     121     271    1608     7797    6915       0
 223   1  0.374704E+07 0.100101E+04 0.2413E+02      0 0.0000E+00       0      0      0      0    11228     544     104     259    1584     7639    6866       0
 224   1  0.376371E+07 0.101140E+04 0.1507E+02      0 0.0000E+00       0      0      0      0    11283     539     111     250    1659     7805    6874       0
 225   1  0.378001E+07 0.102534E+04 0.3493E+02      0 0.0000E+00       0      0      0      0    11412     564     137     310    1557     7976    6967       0
 226   1  0.379394E+07 0.103513E+04 0.0000E+00      0 0.0000E+00       0      0      0      0    11228     538      93     267    1588     7966    6824       0
 227   1  0.380934E+07 0.105331E+04 0.9725E+01      0 0.0000E+00       0      0      0      0    11439     543     110     226    1438     8006    6876       0
 228   1  0.382998E+07 0.106879E+04 0.9920E+01      0 0.0000E+00       0      0      0      0    11403     533     102     274    1521     8226    6844       0
 229   1  0.385063E+07 0.108354E+04 0.2132E+02      0 0.0000E+00       0      0      0      0    11437     555     124     235    1552     8339    7004       0
 230   1  0.387251E+07 0.106384E+04 0.0000E+00      0 0.0000E+00       0      0      0      0    11526     518     131     283    1548     8171    7017       0
 231   1  0.389869E+07 0.106324E+04 0.2910E+02      0 0.0000E+00       0      0      0      0    11607     529     111     252    1564     8422    7107       0
 232   1  0.392466E+07 0.107676E+04 0.1373E+02      0 0.0000E+00       0      0      0      0    11629     559     120     279    1568     8438    7059       0
 233   1  0.394950E+07 0.112499E+04 0.2001E+02      0 0.0000E+00       0      0      0      0    11680     515     100     230    1630     8661    6966       0
 234   1  0.397465E+07 0.116225E+04 0.1342E+02      0 0.0000E+00       0      0      0      0    11551     541      93     280    1482     8810    6878       0
 235   1  0.400232E+07 0.112457E+04 0.2227E+02      0 0.0000E+00       0      0      0      0    11709     518     111     248    1594     8769    7116       0
 236   1  0.402926E+07 0.113075E+04 0.2511E+02      0 0.0000E+00       0      0      0      0    11555     497     108     256    1466     8895    6833       0
 237   1  0.405913E+07 0.116765E+04 0.1193E+02      0 0.0000E+00       0      0      0      0    11610     473      99     259    1533     8979    6912       0
 238   1  0.409081E+07 0.115960E+04 0.1662E+02      0 0.0000E+00       0      0      0      0    11747     520     103     241    1570     9117    7058       0
 239   1  0.412327E+07 0.119298E+04 0.2007E+02      0 0.0000E+00       0      0      0      0    11740     515     119     282    1531     9255    7026       0
 240   1  0.415863E+07 0.119889E+04 0.5542E+01      0 0.0000E+00       0      0      0      0    11686     541     101     262    1522     9406    7084       0
 241   1  0.419704E+07 0.122917E+04 0.0000E+00      0 0.0000E+00       0      0      0      0    11919     590     114     255    1594     9448    7246       0
 242   1  0.423017E+07 0.123160E+04 0.1523E+02      0 0.0000E+00       0      0      0      0    11755     490      92     273    1519     9524    6906       0
 243   1  0.427112E+07 0.123361E+04 0.2013E+00      0 0.0000E+00       0      0      0      0    12050     517     100     260    1611     9512    7297       0
 244   1  0.431173E+07 0.122672E+04 0.1395E+02      0 0.0000E+00       0      0      0      0    11843     513      90     252    1620     9604    7209       0
 245   1  0.435485E+07 0.127626E+04 0.2956E+02      0 0.0000E+00       0      0      0      0    12084     494     120     244    1551     9756    7349       0
 246   1  0.440253E+07 0.125880E+04 0.2908E+02      0 0.0000E+00       0      0      0      0    12179     547     107     268    1578     9875    7336       0
 247   1  0.444759E+07 0.128764E+04 0.9299E+01      0 0.0000E+00       0      0      0      0    12201     534     100     227    1599     9974    7356       0
 248   1  0.449715E+07 0.132552E+04 0.1301E+02      0 0.0000E+00       0      0      0      0    12136     530     109     227    1600    10139    7400       0
 249   1  0.454965E+07 0.129240E+04 0.0000E+00      0 0.0000E+00       0      0      0      0    12195     520      97     200    1604    10184    7476       0
 250   1  0.460612E+07 0.132143E+04 0.4850E+01      0 0.0000E+00       0      0      0      0    12230     566      82     222    1557    10345    7469       0
 251   1  0.466862E+07 0.132531E+04 0.1405E+02      0 0.0000E+00       0      0      0      0    12648     558      92     237    1671    10365    7651       0
 252   1  0.472863E+07 0.135828E+04 0.1358E+02      0 0.0000E+00       0      0      0      0    12490     551      96     221    1635    10713    7466       0
 253   1  0.479626E+07 0.135112E+04 0.0000E+00      0 0.0000E+00       0      0      0      0    12576     555      90     254    1683    10484    7621       0
 254   1  0.486736E+07 0.137822E+04 0.1162E+02      0 0.0000E+00       0      0      0      0    13009     556      98     230    1601    10724    7860       0
 255   1  0.494151E+07 0.144090E+04 0.0000E+00      0 0.0000E+00       0      0      0      0    12775     552     103     240    1742    11210    7739       0
 256   1  0.502310E+07 0.146089E+04 0.0000E+00      0 0.0000E+00       0      0      0      0    13191     582      96     265    1650    11473    8058       0
 257   1  0.510945E+07 0.146683E+04 0.1954E+02      0 0.0000E+00       0      0      0      0    13302     544     118     243    1716    11500    8198       0
 258   1  0.520027E+07 0.149085E+04 0.9546E+01      0 0.0000E+00       0      0      0      0    13346     548     100     226    1701    11729    8081       0
 259   1  0.530091E+07 0.152020E+04 0.0000E+00      0 0.0000E+00       0      0      0      0    13605     603     104     226    1856    12057    8267       0
 260   1  0.540771E+07 0.156815E+04 0.3234E+01      0 0.0000E+00       0      0      0      0    13751     596      99     219    1756    12307    8386       0
 261   1  0.552609E+07 0.156565E+04 0.4389E+02      0 0.0000E+00       0      0      0      0    14113     511      97     220    1730    12303    8372       0
 262   1  0.565588E+07 0.155796E+04 0.2083E+02      0 0.0000E+00       0      0      0      0    14504     600     135     245    1858    12325    8592       0
 263   1  0.579781E+07 0.163011E+04 0.3442E+02      0 0.0000E+00       0      0      0      0    15157     580     103     213    1909    12630    8908       0
 264   1  0.595620E+07 0.161078E+04 0.9157E+01      0 0.0000E+00       0      0      0      0    15699     540     100     185    1891    12863    8940       0
 265   1  0.613411E+07 0.165712E+04 0.7466E+00      0 0.0000E+00       0      0      0      0    16718     546      99     197    1849    13073    9091       0
 266   1  0.633522E+07 0.166863E+04 0.4385E+02      0 0.0000E+00       0      0      0      0    17891     590     128     214    1830    13164    9261       0
 267   1  0.656284E+07 0.169776E+04 0.1035E+02      0 0.0000E+00       0      0      0      0    19295     622     111     228    2042    13398    9654       0
 268   1  0.682898E+07 0.175593E+04 0.3377E+02      0 0.0000E+00       0      0      0      0    22000     563      93     198    2045    13605   10042       0
 269   1  0.713618E+07 0.170657E+04 0.4945E+02      0 0.0000E+00       0      0      0      0    26012     632     115     201    2054    13482   10406       0
 270   1  0.749591E+07 0.174994E+04 0.4598E+02      0 0.0000E+00       0      0      0      0    32007     633     114     162    2128    13851   10821       0
 271   1  0.792487E+07 0.171996E+04 0.4718E+02      0 0.0000E+00       0      0      0      0    42908     684      99     160    2181    13648   11715       0
 272   1  0.842854E+07 0.171343E+04 0.4975E+02      0 0.0000E+00       0      0      0      0    61247     651      95     123    2033    13437   12699       0
 273   1  0.900522E+07 0.165637E+04 0.1058E+03      0 0.0000E+00       0      0      0      0    91890     585      69     128    1911    13136   13962       0
 274   1  0.961583E+07 0.165631E+04 0.9823E+02      0 0.0000E+00       0      0      0      0   139811     578      55     100    1811    12773   16197       0
 275   1  0.101719E+08 0.152073E+04 0.1073E+03      0 0.0000E+00       0      0      0      0   209700     526      43      85    1509    11864   18944       0
 276   1  0.105196E+08 0.135880E+04 0.1575E+03      0 0.0000E+00       0      0      0      0   294819     400      33      70    1352    10726   21368       0
 277   1  0.104815E+08 0.116130E+04 0.1340E+03      0 0.0000E+00       0      0      0      0   386070     360      26      49    1064     9009   24130       0
 278   1  0.990318E+07 0.971291E+03 0.8847E+02      0 0.0000E+00       0      0      0      0   460336     302      16      28     849     7472   25672       0
 279   1  0.873596E+07 0.767572E+03 0.9196E+02      0 0.0000E+00       0      0      0      0   494082     214      22      21     596     6011   24918       0
 280   1  0.711846E+07 0.528214E+03 0.4570E+02      0 0.0000E+00       0      0      0      0   476431     153      19      16     388     4240   22164       0
 281   1  0.528271E+07 0.378428E+03 0.5899E+02      0 0.0000E+00       0      0      0      0   409312     108      10      17     330     2937   18000       0
 282   1  0.354254E+07 0.254313E+03 0.3705E+02      0 0.0000E+00       0      0      0      0   309611      81      16      12     246     1950   13129       0
 283   1  0.212946E+07 0.185411E+03 0.5449E+02      0 0.0000E+00       0      0      0      0   208387      57      11       4     173     1404    8581       0
 284   1  0.113943E+07 0.130035E+03 0.6474E+01      0 0.0000E+00       0      0      0      0   122081      52      12       5     139     1006    5153       0
 285   1  0.546036E+06 0.125984E+03 0.0000E+00      0 0.0000E+00       0      0      0      0    62815      53      18       5     153      923    3078       0
 286   1  0.236711E+06 0.103822E+03 0.8331E+01      0 0.0000E+00       0      0      0      0    28661      36      20      14     137      770    1915       0
 287   1  0.968683E+05 0.103890E+03 0.0000E+00      0 0.0000E+00       0      0      0      0    11321      65      16       7     135      774    1285       0
 288   1  0.435215E+05 0.977891E+02 0.6356E+01      0 0.0000E+00       0      0      0      0     4353      51      18       7     147      742    1097       0
 289   1  0.254884E+05 0.105406E+03 0.0000E+00      0 0.0000E+00       0      0      0      0     1747      37       8      12     137      779     988       0
 290   1  0.198895E+05 0.981377E+02 0.1709E+02      0 0.0000E+00       0      0      0      0      923      40       6       8     114      698     957       0
 291   1  0.191647E+05 0.110252E+03 0.0000E+00      0 0.0000E+00       0      0      0      0      761      40      13      14     123      754     884       0
 292   1  0.191854E+05 0.994980E+02 0.0000E+00      0 0.0000E+00       0      0      0      0      764      46      12       9     145      724     972       0
 293   1  0.181835E+05 0.953350E+02 0.0000E+00      0 0.0000E+00       0      0      0      0      749      47      11       6     134      705     896       0
 294   1  0.180974E+05 0.892910E+02 0.0000E+00      0 0.0000E+00       0      0      0      0      698      38       9       6     120      695     895       0
 295   1  0.181637E+05 0.907236E+02 0.0000E+00      0 0.0000E+00       0      0      0      0      748      40      14       3     126      678     964       0
 296   1  0.175538E+05 0.954922E+02 0.0000E+00      0 0.0000E+00       0      0      0      0      701      40      13       6     150      678     894       0
 297   1  0.176209E+05 0.934395E+02 0.0000E+00      0 0.0000E+00       0      0      0      0      643      48      20      10     127      676     901       0
 298   1  0.172495E+05 0.863965E+02 0.0000E+00      0 0.0000E+00       0      0      0      0      629      41      23       7     138      638     887       0
 299   1  0.172572E+05 0.854600E+02 0.0000E+00      0 0.0000E+00       0      0      0      0      657      46      13       7     124      678     850       0
 300   1  0.167954E+05 0.855410E+02 0.7010E+01      0 0.0000E+00       0      0      0      0      666      34       7       9     127      673     886       0
 301   0  0.000000E+00 0.000000E+00 0.0000E+00      0 0.0000E+00       0      0      0      0        0       0       0       0       0        0       0       0
  SUMM:   0.981208E+09 0.205318E+06 0.4318E+04     26 0.2502E+03       0      0      0      0  6414436  167117   38754   82505  438653  1486046 2090544       0
 ZONE  MED     C10     C11     N12     N13     O13     O14     O15     F17     F18
    1    1     162     409       0     162       1      58     910       0       0
    2    1     149     407       0     155       0      46     913       0       0
    3    1     162     397       0     170       1      46     919       1       0
    4    1     143     396       0     168       1      54     947       0       0
    5    1     160     365       0     177       3      52     927       0       0
    6    1     173     416       0     174       0      45     898       0       0
    7    1     157     409       0     152       1      48     889       0       0
    8    1     175     403       0     189       2      55     956       0       0
    9    1     182     422       0     175       3      45     929       0       0
   10    1     176     390       0     178       0      43     975       0       0
   11    1     164     397       0     161       2      43     958       0       1
   12    1     183     424       0     167       4      54     959       2       0
   13    1     167     411       0     175       0      46     916       1       0
   14    1     167     433       0     182       1      51     980       0       0
   15    1     178     420       0     162       1      52     972       0       0
   16    1     160     425       0     205       3      59     951       0       0
   17    1     189     410       0     173       0      62     955       0       0
   18    1     179     433       1     136       3      50     954       0       0
   19    1     195     424       0     175       4      55     980       1       0
   20    1     172     410       0     172       1      46    1013       0       0
   21    1     191     408       0     184       1      61     943       0       0
   22    1     168     420       0     179       1      41     925       0       1
   23    1     176     419       0     151       3      40    1044       0       1
   24    1     154     403       0     161       2      43    1010       0       1
   25    1     174     398       0     173       3      49    1018       0       0
   26    1     188     432       0     156       4      47     964       0       0
   27    1     163     387       0     172       3      42     952       0       0
   28    1     158     393       0     186       2      53     969       0       0
   29    1     162     418       0     164       1      50    1012       1       0
   30    1     166     419       0     189       1      48     996       0       0
   31    1     173     463       0     160       1      55     963       0       0
   32    1     180     440       0     181       1      52    1015       0       0
   33    1     149     400       0     182       2      58     970       0       0
   34    1     159     434       0     186       1      60     939       0       0
   35    1     163     397       0     180       1      69    1059       1       0
   36    1     176     360       0     194       3      57     959       0       0
   37    1     158     467       0     169       1      63    1004       0       0
   38    1     178     415       0     180       1      46     903       0       0
   39    1     150     423       0     172       2      55     932       0       0
   40    1     164     386       0     178       1      57     996       1       0
   41    1     159     422       0     183       2      42     969       0       0
   42    1     148     429       1     179       2      47     999       0       0
   43    1     166     401       0     165       0      42     947       0       0
   44    1     173     427       0     186       3      39     994       0       0
   45    1     167     402       0     167       4      43    1019       0       0
   46    1     153     386       0     178       3      34     997       1       0
   47    1     134     410       0     186       2      52    1034       1       0
   48    1     188     427       0     142       2      58    1005       0       0
   49    1     170     434       0     145       4      49    1002       0       0
   50    1     172     390       0     192       1      49    1021       0       0
   51    1     163     409       0     175       3      53     983       1       0
   52    1     174     459       0     194       4      52    1044       1       0
   53    1     167     399       0     174       2      40     970       0       1
   54    1     187     413       0     167       2      56     962       0       2
   55    1     153     386       0     152       0      48    1034       0       0
   56    1     156     397       0     155       3      51     928       0       0
   57    1     169     386       0     189       2      58    1014       0       0
   58    1     174     418       0     177       2      53     963       0       1
   59    1     187     438       0     165       4      39    1018       0       0
   60    1     166     430       0     203       0      47     975       0       0
   61    1     183     401       0     182       1      46     992       0       0
   62    1     201     426       0     171       0      51     992       0       0
   63    1     181     420       0     176       3      58     998       0       0
   64    1     154     392       0     195       0      44    1040       0       0
   65    1     161     427       0     201       1      44     981       1       0
   66    1     178     392       0     187       0      51     983       0       0
   67    1     179     419       0     163       1      41    1059       0       0
   68    1     163     400       0     185       1      70    1022       0       0
   69    1     143     432       0     199       2      56    1027       0       1
   70    1     189     386       0     179       3      45    1020       0       0
   71    1     157     430       0     157       5      59     946       0       0
   72    1     178     396       0     177       1      53     947       0       1
   73    1     169     416       0     186       1      60    1001       0       0
   74    1     151     436       0     189       2      52    1003       0       0
   75    1     188     389       0     164       2      38    1034       0       0
   76    1     168     403       0     160       1      64    1026       0       0
   77    1     164     415       0     189       1      51     973       1       0
   78    1     148     466       0     152       3      38     939       1       0
   79    1     147     414       0     182       0      50    1015       0       0
   80    1     159     434       0     146       1      49    1042       0       0
   81    1     147     397       0     178       0      54    1002       0       0
   82    1     162     378       0     167       2      58    1019       2       0
   83    1     135     434       0     179       2      51    1011       0       0
   84    1     156     401       0     184       1      47    1050       2       0
   85    1     155     392       0     192       0      56     998       0       0
   86    1     166     422       0     192       3      55    1027       0       0
   87    1     161     416       0     183       1      66    1056       1       0
   88    1     178     417       0     169       0      63     943       1       1
   89    1     159     379       0     172       1      45     981       0       0
   90    1     181     373       0     170       1      54    1016       0       0
   91    1     185     403       0     170       0      67     981       0       0
   92    1     150     420       0     187       1      46    1026       0       0
   93    1     162     423       0     163       0      47     977       0       1
   94    1     153     421       0     188       1      43    1037       0       0
   95    1     147     434       0     175       0      58    1036       0       0
   96    1     158     387       0     175       2      42    1030       0       1
   97    1     154     418       0     195       4      45     964       0       0
   98    1     158     411       0     158       0      53    1060       0       0
   99    1     192     418       0     173       1      65     962       0       0
  100    1     174     403       0     193       2      54     980       1       0
  101    1     173     416       0     162       0      56     954       0       1
  102    1     144     401       0     160       1      40     978       0       0
  103    1     159     407       0     165       4      55     971       1       0
  104    1     136     433       0     167       1      57    1042       1       0
  105    1     187     412       0     189       0      59    1015       0       0
  106    1     145     436       0     185       1      58    1038       0       0
  107    1     179     417       0     177       3      54    1020       0       1
  108    1     173     410       0     157       2      56    1044       0       0
  109    1     160     385       0     188       2      42    1078       0       0
  110    1     168     428       0     203       2      72    1040       0       0
  111    1     157     419       0     181       1      60     973       0       0
  112    1     147     394       0     184       4      45    1076       1       0
  113    1     173     416       0     192       0      55     952       0       0
  114    1     155     437       0     174       1      46     995       0       0
  115    1     189     441       0     187       1      46    1078       0       0
  116    1     147     452       1     176       4      50    1034       0       0
  117    1     161     397       1     180       0      46    1034       0       0
  118    1     172     442       0     156       2      52    1053       1       0
  119    1     158     447       0     193       2      47     975       0       1
  120    1     170     382       0     177       2      54    1022       0       0
  121    1     150     435       0     171       1      50     934       0       0
  122    1     186     387       0     205       1      59    1006       1       0
  123    1     145     405       0     163       0      56     980       0       0
  124    1     158     394       0     181       2      59    1070       1       0
  125    1     154     400       0     180       0      43    1045       0       1
  126    1     147     452       0     202       1      51    1013       0       0
  127    1     170     400       0     180       2      50     978       1       0
  128    1     176     404       0     161       1      58     968       0       0
  129    1     148     420       0     167       0      54    1008       0       0
  130    1     175     416       0     196       0      45    1066       0       0
  131    1     144     424       0     206       0      67     996       0       0
  132    1     153     408       0     175       1      36    1023       0       1
  133    1     176     411       0     176       0      51    1010       0       1
  134    1     155     426       0     175       1      50    1011       0       1
  135    1     151     439       0     148       3      55     993       0       0
  136    1     149     386       0     181       3      54    1069       0       0
  137    1     166     410       0     178       1      66    1032       0       0
  138    1     145     396       1     157       0      47    1057       0       0
  139    1     153     430       0     155       1      48    1078       0       0
  140    1     153     404       0     204       5      45    1023       0       1
  141    1     163     398       0     178       1      59     989       0       1
  142    1     169     429       0     192       2      54    1023       0       1
  143    1     137     414       0     178       2      54    1013       0       0
  144    1     173     383       0     204       0      40     996       0       1
  145    1     137     384       0     193       2      49     998       0       0
  146    1     154     386       0     179       3      49    1047       0       0
  147    1     155     441       0     168       1      56    1034       2       0
  148    1     172     432       0     156       1      48    1018       0       0
  149    1     161     407       0     157       5      45     933       0       0
  150    1     176     433       1     201       0      58    1061       0       0
  151    1     141     400       0     174       1      46    1001       0       0
  152    1     161     407       0     151       3      45    1021       0       0
  153    1     152     387       0     185       0      57    1052       0       0
  154    1     152     452       0     199       0      50    1022       0       0
  155    1     176     410       0     189       0      56    1051       0       0
  156    1     143     423       0     159       1      50    1068       0       0
  157    1     142     391       0     154       1      67    1057       0       0
  158    1     165     425       0     198       2      55    1018       0       1
  159    1     140     383       0     207       1      58    1024       0       1
  160    1     153     412       0     191       1      66    1007       0       0
  161    1     134     419       0     186       1      57    1021       0       0
  162    1     157     361       0     169       0      51    1048       0       1
  163    1     124     371       0     179       3      44    1060       1       0
  164    1     138     441       0     168       1      66     996       0       0
  165    1     150     415       0     201       3      65     981       0       0
  166    1     144     399       1     169       5      41    1034       0       0
  167    1     124     409       0     195       1      52    1082       0       0
  168    1     153     388       0     190       2      42    1044       0       0
  169    1     159     402       0     169       0      44    1067       1       0
  170    1     138     412       0     161       3      57    1048       0       0
  171    1     147     406       0     168       0      48    1006       1       1
  172    1     148     391       0     177       1      46     991       0       0
  173    1     155     400       0     174       5      57    1028       0       0
  174    1     150     419       0     161       1      46    1009       0       0
  175    1     161     367       0     186       3      53    1067       0       1
  176    1     164     404       0     197       3      50    1043       0       0
  177    1     171     416       0     166       2      42    1050       0       0
  178    1     145     433       0     162       0      50    1066       0       0
  179    1     129     422       0     194       2      54     986       1       0
  180    1     152     436       0     182       1      65     978       0       0
  181    1     130     417       0     182       4      53     981       0       0
  182    1     162     384       0     215       4      48    1069       1       0
  183    1     129     389       0     185       2      42    1034       1       1
  184    1     148     398       0     185       0      54    1055       0       0
  185    1     145     419       0     191       3      67    1013       0       0
  186    1     129     420       0     178       1      48    1012       0       1
  187    1     164     349       0     179       0      57    1039       1       0
  188    1     143     407       0     168       1      67    1049       0       1
  189    1     152     390       0     177       2      44    1026       0       0
  190    1     148     412       0     160       0      53    1125       1       0
  191    1     156     380       0     182       2      65    1081       0       0
  192    1     163     360       0     158       2      50     981       0       1
  193    1     149     383       0     173       3      57    1023       0       0
  194    1     157     386       1     194       2      40    1051       1       1
  195    1     141     380       0     176       1      63    1025       0       0
  196    1     146     372       0     160       1      40    1037       0       0
  197    1     133     379       0     163       3      58    1010       0       0
  198    1     141     395       0     166       3      55     999       1       0
  199    1     143     390       0     196       1      57    1043       0       1
  200    1     134     388       0     182       0      48    1029       2       0
  201    1     153     393       0     185       0      57    1017       0       0
  202    1     134     361       0     173       3      44    1060       1       0
  203    1     138     379       1     177       1      64    1017       0       0
  204    1     143     347       0     159       3      44    1041       1       1
  205    1     131     389       0     164       3      50    1058       0       0
  206    1     148     369       0     176       2      60    1017       0       0
  207    1     136     419       0     170       2      66    1023       0       0
  208    1     151     355       0     184       1      48    1036       0       0
  209    1     130     357       0     175       4      52    1100       0       1
  210    1     134     403       0     203       2      55    1044       0       1
  211    1     116     387       0     167       3      49    1010       0       0
  212    1     138     391       0     163       3      54    1010       0       0
  213    1     156     398       0     181       0      46    1032       0       0
  214    1     145     395       0     184       1      58    1139       0       0
  215    1     121     391       0     184       0      45    1088       1       0
  216    1     130     396       0     206       4      39    1043       0       0
  217    1     153     379       0     221       2      56    1061       0       0
  218    1     119     404       0     189       2      48    1117       0       0
  219    1     117     392       0     173       2      53    1007       1       0
  220    1     130     407       0     173       4      58    1068       0       0
  221    1     124     404       0     190       0      55    1114       0       0
  222    1     131     376       0     177       0      44    1040       0       0
  223    1     122     384       0     191       1      50    1045       0       0
  224    1     128     394       0     163       1      47    1069       0       0
  225    1     130     417       0     173       3      56    1088       0       1
  226    1     116     377       0     219       4      43    1048       0       0
  227    1     137     363       0     177       1      54    1067       0       1
  228    1     122     382       0     197       6      60    1081       0       0
  229    1     112     374       0     188       2      62    1112       1       0
  230    1     125     385       1     199       2      58    1114       0       0
  231    1     137     377       0     169       2      60    1047       0       0
  232    1     132     358       0     195       1      50    1080       0       0
  233    1     131     370       0     167       2      59    1090       0       0
  234    1     141     349       0     165       2      41    1122       0       0
  235    1     150     347       0     186       2      53    1158       0       0
  236    1     133     345       0     200       3      58    1104       0       0
  237    1     113     364       0     202       4      59    1067       0       0
  238    1     102     358       0     197       0      46    1117       0       1
  239    1     143     388       0     218       1      52    1120       0       0
  240    1     112     349       0     175       1      59    1130       1       0
  241    1     144     358       0     197       0      52    1163       0       0
  242    1     113     332       0     174       2      51    1098       0       1
  243    1     124     383       0     204       2      65    1225       0       0
  244    1     113     351       0     184       3      57    1211       0       1
  245    1     119     339       0     198       2      62    1198       0       1
  246    1     120     331       0     217       2      49    1200       0       0
  247    1     112     329       1     183       1      50    1227       0       0
  248    1     141     326       0     206       1      61    1247       0       1
  249    1      88     316       0     180       0      69    1205       0       0
  250    1     116     314       0     189       3      65    1292       0       0
  251    1     121     341       0     194       4      56    1276       0       0
  252    1     119     316       0     222       1      70    1248       0       0
  253    1     124     313       0     182       1      69    1376       0       0
  254    1     113     283       0     241       0      61    1344       0       0
  255    1     107     298       0     229       0      65    1370       1       0
  256    1     106     286       0     242       1      58    1402       0       0
  257    1     116     296       0     225       2      81    1425       0       1
  258    1      89     281       0     203       1      69    1442       1       0
  259    1      97     276       1     215       0      68    1495       0       0
  260    1      87     229       0     232       0      78    1512       1       0
  261    1      78     253       0     228       1      69    1498       0       1
  262    1      75     237       0     221       0      58    1561       0       0
  263    1      62     225       0     229       0      88    1657       0       0
  264    1      41     205       0     184       0      72    1694       0       1
  265    1      52     178       0     208       0      69    1749       0       1
  266    1      45     170       0     207       0      61    1680       0       1
  267    1      33     167       0     192       0      78    1753       0       0
  268    1      31     119       0     183       0      71    1816       1       0
  269    1      17     123       0     170       0      88    1825       1       0
  270    1      11      92       0     130       0      76    1910       2       0
  271    1       5      99       0     127       0      72    1857       2       1
  272    1       7      53       0     109       0      59    1831       0       1
  273    1       5      59       0      85       0      51    1669       0       2
  274    1       1      41       0      88       0      47    1649       0       4
  275    1       0      27       0      71       0      36    1401       2       4
  276    1       2      20       0      68       0      13    1126       1       5
  277    1       1       9       0      57       0      17     908       1       0
  278    1       1      10       0      59       0       9     658       3       0
  279    1       1      10       0      47       0       4     449       3       0
  280    1       0       9       0      26       0       2     296       0       1
  281    1       2      11       0      26       0       1     177       0       0
  282    1       0       5       0      12       0       0      96       0       0
  283    1       1      10       0       6       0       1      60       0       0
  284    1       1       8       0       2       0       1      58       2       0
  285    1       0       7       0       7       0       0      38       0       0
  286    1       1      11       0       2       0       0      40       0       0
  287    1       0      17       0       2       0       0      39       0       0
  288    1       0       5       0       5       0       0      35       0       0
  289    1       0       7       0       2       0       0      32       0       0
  290    1       0       6       0       1       0       2      34       0       0
  291    1       3       6       0       3       0       0      28       0       0
  292    1       4       6       0       1       0       1      26       0       0
  293    1       1       9       0       2       0       1      29       0       0
  294    1       2      12       0       2       0       1      29       0       0
  295    1       4       5       0       0       0       0      49       0       0
  296    1       1      14       0       3       0       1      42       0       0
  297    1       1      10       0       3       0       0      38       0       0
  298    1       2       7       0       2       0       0      47       0       0
  299    1       1       7       0       4       0       0      26       0       0
  300    1       1       5       0       0       0       0      33       0       0
  301    0       0       0       0       0       0       0       0       0       0
   SUM ==>   40074  105657      12   49579     424   14766  299700      70      68
