3000000
300
 ZONE MED   LOSS(MEV)      (MEV)    EXCITATION    PI0   (MEV)        PI+     K+    MU-    MU+     PROT    DEUT    TRIT     HE3    ALPH     ELSC    INEL    FISS
   1   1  0.135138E+07 0.183057E+03 0.5529E+01      2 0.1908E+02       0      0      0      0     1480     319      96     183     824     1018    3358       0
   2   1  0.136594E+07 0.191434E+03 0.8225E+01      0 0.0000E+00       0      0      0      0     1884     344      93     188     888     1099    3401       0
   3   1  0.137570E+07 0.201163E+03 0.4768E+01      0 0.0000E+00       0      0      0      0     2154     355      64     189     868     1096    3447       0
   4   1  0.138135E+07 0.194854E+03 0.3969E+01      1 0.1433E+02       0      0      0      0     2323     390      92     179     810     1145    3381       0
   5   1  0.139097E+07 0.195141E+03 0.2063E+02      1 0.2098E+02       0      0      0      0     2408     370      90     188     864     1084    3435       0
   6   1  0.139898E+07 0.202880E+03 0.0000E+00      1 0.8052E+01       0      0      0      0     2695     367      99     194     834     1191    3458       0
   7   1  0.140555E+07 0.214749E+03 0.1281E+02      0 0.0000E+00       0      0      0      0     2756     378      99     176     871     1185    3513       0
   8   1  0.141033E+07 0.204072E+03 0.8707E+01      2 0.1985E+01       0      0      0      0     2806     383      89     183     809     1249    3447       0
   9   1  0.141626E+07 0.212017E+03 0.7040E+01      0 0.0000E+00       0      0      0      0     2861     371     100     191     848     1259    3569       0
  10   1  0.142261E+07 0.203819E+03 0.4763E+01      0 0.0000E+00       0      0      0      0     3053     371      89     196     852     1214    3521       0
  11   1  0.142961E+07 0.217805E+03 0.0000E+00      1 0.1107E+01       0      0      0      0     3124     399     110     206     893     1204    3557       0
  12   1  0.143459E+07 0.213184E+03 0.1196E+02      0 0.0000E+00       0      0      0      0     3140     398     102     195     930     1251    3664       0
  13   1  0.143677E+07 0.209863E+03 0.0000E+00      0 0.0000E+00       0      0      0      0     3154     400      95     181     885     1319    3459       0
  14   1  0.144206E+07 0.209133E+03 0.9976E+01      0 0.0000E+00       0      0      0      0     3329     345      98     203     890     1251    3544       0
  15   1  0.144649E+07 0.223761E+03 0.7640E+01      0 0.0000E+00       0      0      0      0     3434     370     106     173     811     1352    3607       0
  16   1  0.145190E+07 0.225646E+03 0.0000E+00      2 0.3493E+02       0      0      0      0     3343     409      97     193     902     1355    3593       0
  17   1  0.145592E+07 0.210473E+03 0.0000E+00      0 0.0000E+00       0      0      0      0     3388     349      84     186     887     1316    3570       0
  18   1  0.146025E+07 0.233516E+03 0.1285E+02      0 0.0000E+00       0      0      0      0     3542     376      83     173     873     1380    3663       0
  19   1  0.146594E+07 0.218476E+03 0.8102E+01      0 0.0000E+00       0      0      0      0     3606     374     103     212     921     1352    3706       0
  20   1  0.146840E+07 0.230819E+03 0.0000E+00      1 0.3228E+02       0      0      0      0     3463     390     130     198     919     1353    3757       0
  21   1  0.147424E+07 0.227256E+03 0.5543E+01      0 0.0000E+00       0      0      0      0     3632     393      98     217     918     1378    3732       0
  22   1  0.147650E+07 0.221114E+03 0.6300E+01      0 0.0000E+00       0      0      0      0     3712     347     103     191     843     1347    3634       0
  23   1  0.148109E+07 0.221742E+03 0.0000E+00      0 0.0000E+00       0      0      0      0     3660     389      80     197     886     1345    3710       0
  24   1  0.148564E+07 0.224251E+03 0.0000E+00      0 0.0000E+00       0      0      0      0     3889     374     112     226     908     1408    3726       0
  25   1  0.148867E+07 0.237416E+03 0.0000E+00      1 0.6698E+01       0      0      0      0     3745     387      87     196     886     1369    3662       0
  26   1  0.149398E+07 0.250120E+03 0.2048E+02      0 0.0000E+00       0      0      0      0     3853     370      99     195     918     1453    3764       0
  27   1  0.149889E+07 0.228130E+03 0.4017E+01      0 0.0000E+00       0      0      0      0     3817     344     103     207     928     1394    3720       0
  28   1  0.150308E+07 0.232040E+03 0.9352E+01      0 0.0000E+00       0      0      0      0     3934     387     104     201     899     1451    3787       0
  29   1  0.150575E+07 0.239301E+03 0.0000E+00      0 0.0000E+00       0      0      0      0     4082     394      82     236     915     1440    3719       0
  30   1  0.150776E+07 0.234422E+03 0.0000E+00      0 0.0000E+00       0      0      0      0     3940     359     101     216     889     1453    3725       0
  31   1  0.151200E+07 0.243582E+03 0.3467E+01      0 0.0000E+00       0      0      0      0     4028     360     127     169     894     1502    3748       0
  32   1  0.151574E+07 0.230652E+03 0.7106E+01      0 0.0000E+00       0      0      0      0     4016     379     103     178     910     1420    3747       0
  33   1  0.151755E+07 0.235502E+03 0.1349E+01      0 0.0000E+00       0      0      0      0     4054     386     121     193     858     1512    3774       0
  34   1  0.152183E+07 0.247288E+03 0.0000E+00      0 0.0000E+00       0      0      0      0     4050     349      93     211     901     1506    3662       0
  35   1  0.152350E+07 0.235133E+03 0.1263E+02      0 0.0000E+00       0      0      0      0     4066     413     113     172     841     1411    3667       0
  36   1  0.152766E+07 0.243259E+03 0.2923E+01      0 0.0000E+00       0      0      0      0     4021     384     109     180     888     1503    3729       0
  37   1  0.153012E+07 0.237441E+03 0.3362E+02      1 0.5792E+01       0      0      0      0     4220     354      98     201     873     1456    3680       0
  38   1  0.153259E+07 0.247611E+03 0.0000E+00      0 0.0000E+00       0      0      0      0     4127     371     115     204     911     1493    3610       0
  39   1  0.153729E+07 0.237796E+03 0.1352E+02      0 0.0000E+00       0      0      0      0     4212     384      96     180     941     1496    3750       0
  40   1  0.154224E+07 0.247552E+03 0.0000E+00      1 0.9978E+01       0      0      0      0     4296     363     101     193     929     1569    3858       0
  41   1  0.154472E+07 0.243517E+03 0.0000E+00      0 0.0000E+00       0      0      0      0     4426     346      85     209     944     1527    3703       0
  42   1  0.154612E+07 0.250876E+03 0.0000E+00      0 0.0000E+00       0      0      0      0     4291     383      98     183     827     1602    3863       0
  43   1  0.155155E+07 0.255690E+03 0.0000E+00      0 0.0000E+00       0      0      0      0     4403     405      89     201    1005     1620    3934       0
  44   1  0.155268E+07 0.261566E+03 0.9465E+01      0 0.0000E+00       0      0      0      0     4405     373      92     198     895     1621    3874       0
  45   1  0.155666E+07 0.249638E+03 0.6361E+01      0 0.0000E+00       0      0      0      0     4357     418      89     205     968     1533    3828       0
  46   1  0.155893E+07 0.254346E+03 0.0000E+00      0 0.0000E+00       0      0      0      0     4466     407     107     206     892     1582    3879       0
  47   1  0.156110E+07 0.255350E+03 0.0000E+00      0 0.0000E+00       0      0      0      0     4354     393      82     190     873     1609    3748       0
  48   1  0.156573E+07 0.261309E+03 0.0000E+00      0 0.0000E+00       0      0      0      0     4419     378      99     209     888     1601    3925       0
  49   1  0.157035E+07 0.270659E+03 0.0000E+00      0 0.0000E+00       0      0      0      0     4434     356     104     222     898     1631    3900       0
  50   1  0.157215E+07 0.258906E+03 0.2813E+00      0 0.0000E+00       0      0      0      0     4540     374     121     195     886     1641    3869       0
  51   1  0.157545E+07 0.265184E+03 0.5806E+01      0 0.0000E+00       0      0      0      0     4545     387     104     173     911     1680    3983       0
  52   1  0.157819E+07 0.259377E+03 0.0000E+00      0 0.0000E+00       0      0      0      0     4536     406     104     201     905     1728    3845       0
  53   1  0.158064E+07 0.249889E+03 0.7253E+01      0 0.0000E+00       0      0      0      0     4492     345     103     210     858     1667    3792       0
  54   1  0.158602E+07 0.270131E+03 0.1140E+02      0 0.0000E+00       0      0      0      0     4662     389     103     209    1001     1652    4168       0
  55   1  0.158828E+07 0.258341E+03 0.4830E+01      0 0.0000E+00       0      0      0      0     4722     344     103     208     834     1654    3849       0
  56   1  0.159117E+07 0.262779E+03 0.5911E+01      0 0.0000E+00       0      0      0      0     4736     348      95     227     962     1625    3920       0
  57   1  0.159169E+07 0.260917E+03 0.0000E+00      0 0.0000E+00       0      0      0      0     4708     386      93     185     914     1661    3844       0
  58   1  0.159555E+07 0.280957E+03 0.2818E+01      0 0.0000E+00       0      0      0      0     4736     385      94     225     923     1742    3932       0
  59   1  0.159756E+07 0.274443E+03 0.0000E+00      0 0.0000E+00       0      0      0      0     4690     374      86     194     910     1722    3911       0
  60   1  0.160247E+07 0.259908E+03 0.9890E+01      0 0.0000E+00       0      0      0      0     4908     398      95     244     891     1701    3982       0
  61   1  0.160328E+07 0.259444E+03 0.2459E+01      0 0.0000E+00       0      0      0      0     4710     361      97     177     889     1654    3936       0
  62   1  0.160452E+07 0.265428E+03 0.0000E+00      0 0.0000E+00       0      0      0      0     4670     364      81     195     892     1683    3827       0
  63   1  0.160850E+07 0.269678E+03 0.0000E+00      0 0.0000E+00       0      0      0      0     4749     407      88     183     959     1720    3964       0
  64   1  0.161140E+07 0.266942E+03 0.8131E+01      0 0.0000E+00       0      0      0      0     4873     398      90     190     864     1718    3895       0
  65   1  0.161575E+07 0.273112E+03 0.0000E+00      0 0.0000E+00       0      0      0      0     4827     403     110     204     918     1776    3918       0
  66   1  0.161806E+07 0.284174E+03 0.6659E+01      0 0.0000E+00       0      0      0      0     4927     392      95     203     934     1802    4011       0
  67   1  0.161929E+07 0.277651E+03 0.5132E+01      0 0.0000E+00       0      0      0      0     4824     392      92     210     947     1795    3954       0
  68   1  0.162209E+07 0.280003E+03 0.5357E+01      0 0.0000E+00       0      0      0      0     4911     351     100     215     929     1799    3966       0
  69   1  0.162531E+07 0.278945E+03 0.0000E+00      0 0.0000E+00       0      0      0      0     4901     424      94     212     941     1789    3934       0
  70   1  0.162784E+07 0.286762E+03 0.3781E+01      0 0.0000E+00       0      0      0      0     4830     420      89     192     925     1799    4037       0
  71   1  0.163051E+07 0.268905E+03 0.0000E+00      0 0.0000E+00       0      0      0      0     4886     383      82     196     981     1780    3987       0
  72   1  0.163210E+07 0.282711E+03 0.1546E+02      0 0.0000E+00       0      0      0      0     4807     351     105     190     905     1818    3945       0
  73   1  0.163644E+07 0.273497E+03 0.1692E+02      0 0.0000E+00       0      0      0      0     4958     397      99     198     923     1811    3925       0
  74   1  0.164126E+07 0.288421E+03 0.1146E+02      0 0.0000E+00       0      0      0      0     5061     412      79     213     928     1866    4021       0
  75   1  0.164405E+07 0.288679E+03 0.7192E+01      0 0.0000E+00       0      0      0      0     5034     419      91     209     980     1862    4065       0
  76   1  0.164580E+07 0.279828E+03 0.0000E+00      0 0.0000E+00       0      0      0      0     5033     384     105     197    1002     1780    4056       0
  77   1  0.164769E+07 0.287250E+03 0.2637E+01      0 0.0000E+00       0      0      0      0     5112     375      96     202     893     1889    4022       0
  78   1  0.165017E+07 0.276756E+03 0.0000E+00      0 0.0000E+00       0      0      0      0     5124     380      88     217     919     1824    3968       0
  79   1  0.165067E+07 0.291958E+03 0.0000E+00      0 0.0000E+00       0      0      0      0     5023     370      88     177     949     1897    3928       0
  80   1  0.165231E+07 0.294157E+03 0.9546E+01      0 0.0000E+00       0      0      0      0     5001     380      95     202     891     1871    3992       0
  81   1  0.165850E+07 0.271584E+03 0.3915E+02      0 0.0000E+00       0      0      0      0     5070     376      89     185     924     1808    4030       0
  82   1  0.166046E+07 0.292330E+03 0.0000E+00      0 0.0000E+00       0      0      0      0     5137     373      93     210     913     1855    3872       0
  83   1  0.166350E+07 0.296405E+03 0.8629E+01      0 0.0000E+00       0      0      0      0     5076     356      93     177     935     1946    3916       0
  84   1  0.166794E+07 0.286984E+03 0.6924E+01      0 0.0000E+00       0      0      0      0     5220     401     100     229     984     1902    4075       0
  85   1  0.166927E+07 0.287754E+03 0.2169E+02      0 0.0000E+00       0      0      0      0     5166     401      93     205     980     1899    4030       0
  86   1  0.167106E+07 0.287807E+03 0.1696E+02      0 0.0000E+00       0      0      0      0     5236     385     124     207    1014     1848    3984       0
  87   1  0.167274E+07 0.304682E+03 0.7213E+01      0 0.0000E+00       0      0      0      0     5201     392      90     207     895     1997    4074       0
  88   1  0.167686E+07 0.285807E+03 0.2107E+01      0 0.0000E+00       0      0      0      0     5262     370     105     227    1012     1939    4129       0
  89   1  0.167740E+07 0.297121E+03 0.9405E+01      0 0.0000E+00       0      0      0      0     5149     374      93     202     882     1946    3938       0
  90   1  0.168096E+07 0.293855E+03 0.0000E+00      0 0.0000E+00       0      0      0      0     5238     391      84     202     930     1932    4001       0
  91   1  0.168314E+07 0.293997E+03 0.0000E+00      0 0.0000E+00       0      0      0      0     5145     360     105     201     976     2029    4025       0
  92   1  0.168676E+07 0.309781E+03 0.7168E+01      0 0.0000E+00       0      0      0      0     5287     380      85     221     937     1933    4096       0
  93   1  0.168809E+07 0.292984E+03 0.3990E+01      0 0.0000E+00       0      0      0      0     5293     376     102     187     923     1940    4005       0
  94   1  0.169004E+07 0.292031E+03 0.0000E+00      0 0.0000E+00       0      0      0      0     5291     402      86     184     921     2013    3997       0
  95   1  0.169487E+07 0.299058E+03 0.5696E+01      0 0.0000E+00       0      0      0      0     5188     436      91     211     970     1970    4045       0
  96   1  0.169715E+07 0.304583E+03 0.6696E+01      0 0.0000E+00       0      0      0      0     5312     382      82     217    1038     1998    4086       0
  97   1  0.169763E+07 0.320795E+03 0.2875E+02      0 0.0000E+00       0      0      0      0     5221     358      94     213     892     2122    3996       0
  98   1  0.170073E+07 0.285032E+03 0.0000E+00      0 0.0000E+00       0      0      0      0     5348     372      83     169     931     1967    3978       0
  99   1  0.170474E+07 0.301372E+03 0.0000E+00      0 0.0000E+00       0      0      0      0     5416     368      91     218     959     2000    4068       0
 100   1  0.170664E+07 0.297030E+03 0.1788E+02      0 0.0000E+00       0      0      0      0     5377     343     100     198     909     1980    4033       0
 101   1  0.171022E+07 0.298268E+03 0.7849E+01      0 0.0000E+00       0      0      0      0     5600     366      99     181     993     2069    4128       0
 102   1  0.171007E+07 0.302454E+03 0.0000E+00      0 0.0000E+00       0      0      0      0     5427     368      75     216    1005     2017    3995       0
 103   1  0.171149E+07 0.311433E+03 0.6841E+01      0 0.0000E+00       0      0      0      0     5416     403      98     197     971     2072    4019       0
 104   1  0.171246E+07 0.325562E+03 0.1451E+02      0 0.0000E+00       0      0      0      0     5230     338      93     160     906     2089    3960       0
 105   1  0.171739E+07 0.320049E+03 0.1636E+02      0 0.0000E+00       0      0      0      0     5453     375      77     210     930     2148    4081       0
 106   1  0.171831E+07 0.311175E+03 0.5453E+01      0 0.0000E+00       0      0      0      0     5291     361      95     175     861     2117    3999       0
 107   1  0.172129E+07 0.327812E+03 0.1230E+02      0 0.0000E+00       0      0      0      0     5361     363      92     196     889     2158    3896       0
 108   1  0.172272E+07 0.323457E+03 0.1358E+01      0 0.0000E+00       0      0      0      0     5295     364      93     165     926     2127    3983       0
 109   1  0.172561E+07 0.309479E+03 0.3384E+01      0 0.0000E+00       0      0      0      0     5444     353      85     192     873     2105    4002       0
 110   1  0.172963E+07 0.312413E+03 0.1640E+02      0 0.0000E+00       0      0      0      0     5448     380      93     190     988     2121    4106       0
 111   1  0.173162E+07 0.302572E+03 0.6704E+01      0 0.0000E+00       0      0      0      0     5421     382      84     205     889     2092    3995       0
 112   1  0.173441E+07 0.324553E+03 0.1787E+01      0 0.0000E+00       0      0      0      0     5448     353      98     209     913     2163    4091       0
 113   1  0.173636E+07 0.303213E+03 0.0000E+00      0 0.0000E+00       0      0      0      0     5540     359     103     195     937     2164    4061       0
 114   1  0.173846E+07 0.313551E+03 0.5787E+01      0 0.0000E+00       0      0      0      0     5435     369     100     183     922     2188    3925       0
 115   1  0.173983E+07 0.333824E+03 0.2261E+02      0 0.0000E+00       0      0      0      0     5449     371     101     166     897     2224    3934       0
 116   1  0.174468E+07 0.327005E+03 0.6466E+01      0 0.0000E+00       0      0      0      0     5507     363      84     224     936     2236    3995       0
 117   1  0.174502E+07 0.322300E+03 0.4576E+01      0 0.0000E+00       0      0      0      0     5556     399      91     180     875     2214    3991       0
 118   1  0.174943E+07 0.327328E+03 0.1831E+01      0 0.0000E+00       0      0      0      0     5697     397      89     207     937     2233    4153       0
 119   1  0.175113E+07 0.356780E+03 0.1628E+02      0 0.0000E+00       0      0      0      0     5551     376      93     204     969     2330    4076       0
 120   1  0.175152E+07 0.320691E+03 0.8247E+01      0 0.0000E+00       0      0      0      0     5575     385      84     194     874     2246    3943       0
 121   1  0.175354E+07 0.342003E+03 0.3989E+01      0 0.0000E+00       0      0      0      0     5626     351      95     179     883     2343    3971       0
 122   1  0.175501E+07 0.337147E+03 0.0000E+00      0 0.0000E+00       0      0      0      0     5459     371      69     207     925     2259    3944       0
 123   1  0.175883E+07 0.333234E+03 0.0000E+00      0 0.0000E+00       0      0      0      0     5490     394      95     191     951     2325    4063       0
 124   1  0.176188E+07 0.342165E+03 0.2594E+02      0 0.0000E+00       0      0      0      0     5643     383      92     169     993     2271    4108       0
 125   1  0.176401E+07 0.349083E+03 0.2725E+01      0 0.0000E+00       0      0      0      0     5500     371     110     186    1024     2287    4156       0
 126   1  0.176750E+07 0.336479E+03 0.9365E+01      0 0.0000E+00       0      0      0      0     5697     372      96     185     977     2253    4094       0
 127   1  0.176879E+07 0.354062E+03 0.0000E+00      0 0.0000E+00       0      0      0      0     5737     380      74     184     900     2371    3955       0
 128   1  0.177081E+07 0.333399E+03 0.4577E+01      0 0.0000E+00       0      0      0      0     5631     349      93     197     887     2329    3984       0
 129   1  0.177361E+07 0.347317E+03 0.0000E+00      0 0.0000E+00       0      0      0      0     5587     394      85     177     987     2328    3925       0
 130   1  0.177862E+07 0.345623E+03 0.1542E+02      0 0.0000E+00       0      0      0      0     5603     407      96     200     938     2341    4104       0
 131   1  0.178038E+07 0.347967E+03 0.8741E+01      0 0.0000E+00       0      0      0      0     5632     368      82     191     883     2436    4042       0
 132   1  0.178354E+07 0.357779E+03 0.0000E+00      0 0.0000E+00       0      0      0      0     5760     343     111     175     894     2429    4082       0
 133   1  0.178618E+07 0.337691E+03 0.1007E+01      0 0.0000E+00       0      0      0      0     5725     355     104     198     941     2291    4158       0
 134   1  0.178754E+07 0.345991E+03 0.1180E+02      0 0.0000E+00       0      0      0      0     5589     343      97     179     925     2394    3854       0
 135   1  0.179159E+07 0.341329E+03 0.1743E+02      0 0.0000E+00       0      0      0      0     5679     374      87     218     919     2413    4004       0
 136   1  0.179402E+07 0.365874E+03 0.5224E+01      0 0.0000E+00       0      0      0      0     5682     331      94     183     978     2420    4022       0
 137   1  0.179516E+07 0.336839E+03 0.8124E+01      0 0.0000E+00       0      0      0      0     5785     365      85     177     937     2331    3944       0
 138   1  0.179876E+07 0.355430E+03 0.6556E+01      0 0.0000E+00       0      0      0      0     5678     361      91     191     943     2485    4069       0
 139   1  0.179976E+07 0.350809E+03 0.2542E+01      0 0.0000E+00       0      0      0      0     5801     336      99     175     901     2414    4034       0
 140   1  0.180510E+07 0.362486E+03 0.7190E+01      0 0.0000E+00       0      0      0      0     5826     366      98     202     994     2520    4113       0
 141   1  0.180560E+07 0.340613E+03 0.0000E+00      0 0.0000E+00       0      0      0      0     5917     356      75     170     918     2488    4094       0
 142   1  0.180618E+07 0.357028E+03 0.1679E+02      0 0.0000E+00       0      0      0      0     5670     349      79     196     905     2539    3963       0
 143   1  0.180943E+07 0.353272E+03 0.3699E+01      0 0.0000E+00       0      0      0      0     5762     361      91     177     944     2391    3991       0
 144   1  0.181218E+07 0.371509E+03 0.7209E+01      0 0.0000E+00       0      0      0      0     5694     387      93     199     939     2581    4069       0
 145   1  0.181538E+07 0.352881E+03 0.0000E+00      0 0.0000E+00       0      0      0      0     5870     368      97     204     953     2512    4120       0
 146   1  0.181691E+07 0.375667E+03 0.0000E+00      0 0.0000E+00       0      0      0      0     5843     361     100     213     980     2578    4042       0
 147   1  0.181741E+07 0.395858E+03 0.6329E+01      0 0.0000E+00       0      0      0      0     5782     350      97     188     877     2661    3995       0
 148   1  0.182116E+07 0.372804E+03 0.2619E+02      0 0.0000E+00       0      0      0      0     5684     346      89     176     977     2580    4040       0
 149   1  0.182380E+07 0.363909E+03 0.1300E+02      0 0.0000E+00       0      0      0      0     5893     375      96     199    1004     2592    4089       0
 150   1  0.182479E+07 0.371849E+03 0.5549E+01      0 0.0000E+00       0      0      0      0     5911     344      90     161     958     2564    4050       0
 151   1  0.182790E+07 0.379323E+03 0.1553E+02      0 0.0000E+00       0      0      0      0     5840     377      89     189     922     2651    4074       0
 152   1  0.183393E+07 0.375761E+03 0.1999E+02      0 0.0000E+00       0      0      0      0     5883     397     112     209     932     2568    4098       0
 153   1  0.183942E+07 0.395395E+03 0.7406E+01      0 0.0000E+00       0      0      0      0     5964     364      71     197    1005     2645    4172       0
 154   1  0.184505E+07 0.376390E+03 0.0000E+00      0 0.0000E+00       0      0      0      0     6020     363      72     203     948     2666    4100       0
 155   1  0.184926E+07 0.386264E+03 0.1008E+02      0 0.0000E+00       0      0      0      0     5847     382      66     159     956     2692    3987       0
 156   1  0.185855E+07 0.374210E+03 0.1360E+02      0 0.0000E+00       0      0      0      0     5861     385      85     177     992     2645    4107       0
 157   1  0.186594E+07 0.402466E+03 0.2270E+02      0 0.0000E+00       0      0      0      0     5919     392      88     189     951     2706    4057       0
 158   1  0.186851E+07 0.389356E+03 0.3246E+01      0 0.0000E+00       0      0      0      0     5994     341      77     162     877     2742    4058       0
 159   1  0.187245E+07 0.386572E+03 0.1169E+02      0 0.0000E+00       0      0      0      0     5832     361      91     175     891     2722    3940       0
 160   1  0.187744E+07 0.399606E+03 0.1195E+02      0 0.0000E+00       0      0      0      0     5971     348      86     181     942     2809    4021       0
 161   1  0.188223E+07 0.398613E+03 0.0000E+00      0 0.0000E+00       0      0      0      0     5949     361      94     201     957     2790    4061       0
 162   1  0.188482E+07 0.384002E+03 0.8251E+01      0 0.0000E+00       0      0      0      0     5992     343      85     166     891     2759    3982       0
 163   1  0.189043E+07 0.398934E+03 0.1091E+02      0 0.0000E+00       0      0      0      0     6045     347     102     192     960     2865    4178       0
 164   1  0.189303E+07 0.402545E+03 0.3167E+01      0 0.0000E+00       0      0      0      0     5970     345     100     163     898     2909    4005       0
 165   1  0.189710E+07 0.406881E+03 0.4664E+01      0 0.0000E+00       0      0      0      0     6177     383      92     190     903     2948    4083       0
 166   1  0.189966E+07 0.408295E+03 0.0000E+00      0 0.0000E+00       0      0      0      0     6060     342      71     178     836     2840    4082       0
 167   1  0.190381E+07 0.401381E+03 0.0000E+00      0 0.0000E+00       0      0      0      0     5964     357      92     197     900     2960    4104       0
 168   1  0.190705E+07 0.420452E+03 0.1952E+02      0 0.0000E+00       0      0      0      0     6036     335      87     177     908     2936    3966       0
 169   1  0.191152E+07 0.405060E+03 0.4044E+01      0 0.0000E+00       0      0      0      0     6059     344      67     170     907     2887    4082       0
 170   1  0.191486E+07 0.415778E+03 0.1521E+01      0 0.0000E+00       0      0      0      0     6050     326      82     214     882     2970    3969       0
 171   1  0.191835E+07 0.415479E+03 0.9724E+01      0 0.0000E+00       0      0      0      0     6065     339      91     199     918     3045    3984       0
 172   1  0.192164E+07 0.431770E+03 0.3567E+01      0 0.0000E+00       0      0      0      0     6089     363      83     157     949     3105    4095       0
 173   1  0.192771E+07 0.437751E+03 0.1509E+02      0 0.0000E+00       0      0      0      0     6036     368     103     185     997     3035    4175       0
 174   1  0.193171E+07 0.436802E+03 0.1453E+02      0 0.0000E+00       0      0      0      0     6076     339      94     189     987     3096    4111       0
 175   1  0.193675E+07 0.436954E+03 0.7019E+01      0 0.0000E+00       0      0      0      0     6202     352      91     180     952     3115    4075       0
 176   1  0.194055E+07 0.429821E+03 0.2165E+01      0 0.0000E+00       0      0      0      0     6137     328      82     168     892     3135    4044       0
 177   1  0.194479E+07 0.417893E+03 0.5580E+01      0 0.0000E+00       0      0      0      0     6153     355      90     189     959     3043    4144       0
 178   1  0.194723E+07 0.435438E+03 0.9459E+01      0 0.0000E+00       0      0      0      0     6124     326      95     153     912     3167    4013       0
 179   1  0.195327E+07 0.428365E+03 0.2795E+01      0 0.0000E+00       0      0      0      0     6166     357      77     178     968     3192    4056       0
 180   1  0.195804E+07 0.428655E+03 0.0000E+00      0 0.0000E+00       0      0      0      0     6159     357      79     161     995     3163    3975       0
 181   1  0.196518E+07 0.444547E+03 0.6693E+01      0 0.0000E+00       0      0      0      0     6215     368      73     201     994     3260    4257       0
 182   1  0.196608E+07 0.463626E+03 0.1030E+01      0 0.0000E+00       0      0      0      0     6223     369      77     205     909     3342    4063       0
 183   1  0.197068E+07 0.457790E+03 0.0000E+00      0 0.0000E+00       0      0      0      0     6225     357      89     165     908     3375    4053       0
 184   1  0.197651E+07 0.462197E+03 0.0000E+00      0 0.0000E+00       0      0      0      0     6243     340      74     167     989     3338    4225       0
 185   1  0.197960E+07 0.472972E+03 0.4670E+01      0 0.0000E+00       0      0      0      0     6203     346      80     178     853     3383    4061       0
 186   1  0.198619E+07 0.470321E+03 0.0000E+00      0 0.0000E+00       0      0      0      0     6245     354      75     184     939     3359    4184       0
 187   1  0.199184E+07 0.465102E+03 0.1033E+02      0 0.0000E+00       0      0      0      0     6402     362      81     161     918     3417    4083       0
 188   1  0.199626E+07 0.469089E+03 0.0000E+00      0 0.0000E+00       0      0      0      0     6378     349      86     208     958     3389    4162       0
 189   1  0.199905E+07 0.456253E+03 0.7368E+01      0 0.0000E+00       0      0      0      0     6390     325      72     166     904     3406    4127       0
 190   1  0.200426E+07 0.477234E+03 0.6310E+01      0 0.0000E+00       0      0      0      0     6267     362      92     167     916     3428    4012       0
 191   1  0.200900E+07 0.491948E+03 0.9918E+01      0 0.0000E+00       0      0      0      0     6171     398      91     183     922     3544    4120       0
 192   1  0.201576E+07 0.476749E+03 0.1761E+02      0 0.0000E+00       0      0      0      0     6292     348     102     178     882     3575    4156       0
 193   1  0.202129E+07 0.481847E+03 0.4636E+01      0 0.0000E+00       0      0      0      0     6316     343      72     163     900     3492    4062       0
 194   1  0.202694E+07 0.475057E+03 0.1158E+02      0 0.0000E+00       0      0      0      0     6457     370      80     181     915     3540    4057       0
 195   1  0.203110E+07 0.485438E+03 0.0000E+00      0 0.0000E+00       0      0      0      0     6379     366      75     171     943     3598    4018       0
 196   1  0.203552E+07 0.493934E+03 0.5578E+01      0 0.0000E+00       0      0      0      0     6357     350      68     189     919     3613    4055       0
 197   1  0.204005E+07 0.476270E+03 0.4945E+01      0 0.0000E+00       0      0      0      0     6430     342      79     180     916     3504    4162       0
 198   1  0.204554E+07 0.479463E+03 0.6379E+01      0 0.0000E+00       0      0      0      0     6200     331      82     181     936     3539    4049       0
 199   1  0.205184E+07 0.482826E+03 0.0000E+00      0 0.0000E+00       0      0      0      0     6401     350      89     143     945     3633    4003       0
 200   1  0.205705E+07 0.494115E+03 0.1354E+02      0 0.0000E+00       0      0      0      0     6449     352      74     202     890     3660    4029       0
 201   1  0.206245E+07 0.500262E+03 0.0000E+00      0 0.0000E+00       0      0      0      0     6437     320      81     175     948     3688    4049       0
 202   1  0.206673E+07 0.514799E+03 0.1608E+02      0 0.0000E+00       0      0      0      0     6410     350      73     163     973     3688    4110       0
 203   1  0.207250E+07 0.508702E+03 0.0000E+00      0 0.0000E+00       0      0      0      0     6373     335      72     172     992     3851    4106       0
 204   1  0.207942E+07 0.498278E+03 0.0000E+00      0 0.0000E+00       0      0      0      0     6558     350      86     161     886     3792    4038       0
 205   1  0.208566E+07 0.526282E+03 0.1103E+02      0 0.0000E+00       0      0      0      0     6462     318      87     181     907     3880    3971       0
 206   1  0.209321E+07 0.533376E+03 0.6358E+01      0 0.0000E+00       0      0      0      0     6545     313      80     157     906     4013    4067       0
 207   1  0.209949E+07 0.519548E+03 0.0000E+00      0 0.0000E+00       0      0      0      0     6556     352      65     125     864     3807    3994       0
 208   1  0.210836E+07 0.528793E+03 0.0000E+00      0 0.0000E+00       0      0      0      0     6528     337      82     173     872     3951    4041       0
 209   1  0.211792E+07 0.523487E+03 0.0000E+00      0 0.0000E+00       0      0      0      0     6539     329      81     156     914     3970    4200       0
 210   1  0.212653E+07 0.541343E+03 0.0000E+00      0 0.0000E+00       0      0      0      0     6678     315      62     178     826     4113    3981       0
 211   1  0.213540E+07 0.528398E+03 0.0000E+00      0 0.0000E+00       0      0      0      0     6436     336      86     193     934     4028    4071       0
 212   1  0.214380E+07 0.547496E+03 0.1124E+01      0 0.0000E+00       0      0      0      0     6530     341      70     149     868     4058    4003       0
 213   1  0.215406E+07 0.554428E+03 0.0000E+00      0 0.0000E+00       0      0      0      0     6681     340      92     151     935     4151    4016       0
 214   1  0.216179E+07 0.575771E+03 0.5871E+01      0 0.0000E+00       0      0      0      0     6661     284      75     156     942     4270    4148       0
 215   1  0.217119E+07 0.568211E+03 0.1587E+02      0 0.0000E+00       0      0      0      0     6669     321      84     192     866     4291    4058       0
 216   1  0.217947E+07 0.558021E+03 0.8401E+01      0 0.0000E+00       0      0      0      0     6587     345      84     152     928     4238    4147       0
 217   1  0.218957E+07 0.575057E+03 0.9363E+01      0 0.0000E+00       0      0      0      0     6751     357      79     202     963     4275    4139       0
 218   1  0.219767E+07 0.564737E+03 0.0000E+00      0 0.0000E+00       0      0      0      0     6654     334      87     153     926     4322    4169       0
 219   1  0.220740E+07 0.576813E+03 0.3932E+02      0 0.0000E+00       0      0      0      0     6743     317      65     145     900     4387    4090       0
 220   1  0.221794E+07 0.592960E+03 0.1631E+02      0 0.0000E+00       0      0      0      0     6846     320      61     156     911     4456    4196       0
 221   1  0.222849E+07 0.607573E+03 0.3044E+02      0 0.0000E+00       0      0      0      0     6815     310      64     167     893     4580    4117       0
 222   1  0.223918E+07 0.586451E+03 0.6711E+01      0 0.0000E+00       0      0      0      0     6846     314      73     147     912     4522    4109       0
 223   1  0.224894E+07 0.614572E+03 0.4727E+01      0 0.0000E+00       0      0      0      0     6751     359      78     156     936     4573    4199       0
 224   1  0.225898E+07 0.588791E+03 0.7005E+01      0 0.0000E+00       0      0      0      0     6704     362      66     190     923     4484    4140       0
 225   1  0.227001E+07 0.581688E+03 0.1754E+02      0 0.0000E+00       0      0      0      0     6802     380      60     172    1021     4565    4265       0
 226   1  0.228017E+07 0.609582E+03 0.1321E+02      0 0.0000E+00       0      0      0      0     6931     327      75     166     971     4712    4110       0
 227   1  0.228841E+07 0.606093E+03 0.1228E+02      0 0.0000E+00       0      0      0      0     6999     341      66     162     887     4647    4170       0
 228   1  0.229920E+07 0.641464E+03 0.6293E+01      0 0.0000E+00       0      0      0      0     6944     346      73     158     946     4913    4103       0
 229   1  0.231171E+07 0.638089E+03 0.0000E+00      0 0.0000E+00       0      0      0      0     6834     338      64     168     997     4932    4195       0
 230   1  0.232429E+07 0.647723E+03 0.8974E+01      0 0.0000E+00       0      0      0      0     6932     302      66     149     895     5042    4149       0
 231   1  0.233740E+07 0.634743E+03 0.1120E+02      0 0.0000E+00       0      0      0      0     6934     308      71     120     908     4923    4035       0
 232   1  0.235195E+07 0.680885E+03 0.0000E+00      0 0.0000E+00       0      0      0      0     6841     333      51     166     887     5151    4102       0
 233   1  0.236808E+07 0.668276E+03 0.1708E+02      0 0.0000E+00       0      0      0      0     6965     278      67     141     858     5108    4186       0
 234   1  0.238389E+07 0.667493E+03 0.0000E+00      0 0.0000E+00       0      0      0      0     6866     331      81     154     919     5272    4187       0
 235   1  0.240163E+07 0.673303E+03 0.0000E+00      0 0.0000E+00       0      0      0      0     6879     315      76     142     967     5320    4152       0
 236   1  0.242006E+07 0.680657E+03 0.1890E+02      0 0.0000E+00       0      0      0      0     6964     279      74     162     892     5349    4032       0
 237   1  0.243813E+07 0.708921E+03 0.2669E+01      0 0.0000E+00       0      0      0      0     7065     293      56     158     933     5401    4186       0
 238   1  0.245474E+07 0.702540E+03 0.0000E+00      0 0.0000E+00       0      0      0      0     7071     319      63     160     929     5461    4204       0
 239   1  0.247268E+07 0.708244E+03 0.7452E+01      0 0.0000E+00       0      0      0      0     6923     296      55     151     896     5450    4186       0
 240   1  0.249508E+07 0.721921E+03 0.0000E+00      0 0.0000E+00       0      0      0      0     7131     323      49     149     934     5578    4234       0
 241   1  0.251633E+07 0.725451E+03 0.2272E+02      0 0.0000E+00       0      0      0      0     7111     322      71     126     965     5651    4255       0
 242   1  0.253953E+07 0.729589E+03 0.6634E+01      0 0.0000E+00       0      0      0      0     7225     338      66     178     946     5668    4325       0
 243   1  0.256277E+07 0.731620E+03 0.1918E+02      0 0.0000E+00       0      0      0      0     7128     307      61     149     987     5758    4347       0
 244   1  0.258719E+07 0.740338E+03 0.0000E+00      0 0.0000E+00       0      0      0      0     7148     333      50     145    1006     5864    4316       0
 245   1  0.261188E+07 0.739749E+03 0.1535E+02      0 0.0000E+00       0      0      0      0     7153     325      64     137     888     5865    4283       0
 246   1  0.264015E+07 0.774544E+03 0.1494E+02      0 0.0000E+00       0      0      0      0     7251     311      66     149     940     6011    4305       0
 247   1  0.266882E+07 0.782282E+03 0.2266E+02      0 0.0000E+00       0      0      0      0     7319     344      64     135     925     6041    4454       0
 248   1  0.269851E+07 0.775861E+03 0.0000E+00      0 0.0000E+00       0      0      0      0     7327     365      55     154     972     5976    4441       0
 249   1  0.272979E+07 0.784196E+03 0.3615E+01      0 0.0000E+00       0      0      0      0     7307     333      57     149     940     6141    4524       0
 250   1  0.276306E+07 0.787720E+03 0.4424E+01      0 0.0000E+00       0      0      0      0     7191     320      53     149     970     6103    4402       0
 251   1  0.280158E+07 0.810144E+03 0.0000E+00      0 0.0000E+00       0      0      0      0     7500     348      59     151     983     6333    4642       0
 252   1  0.283913E+07 0.831031E+03 0.2768E+02      0 0.0000E+00       0      0      0      0     7692     329      45     157     984     6460    4508       0
 253   1  0.287849E+07 0.821206E+03 0.0000E+00      0 0.0000E+00       0      0      0      0     7760     337      64     144     940     6484    4743       0
 254   1  0.291989E+07 0.844714E+03 0.7219E+01      0 0.0000E+00       0      0      0      0     7651     308      57     133     980     6506    4657       0
 255   1  0.296502E+07 0.855041E+03 0.0000E+00      0 0.0000E+00       0      0      0      0     7826     329      46     131     985     6774    4622       0
 256   1  0.301237E+07 0.876363E+03 0.3429E+02      0 0.0000E+00       0      0      0      0     7712     334      62     147    1073     6934    4757       0
 257   1  0.306360E+07 0.889497E+03 0.1025E+02      0 0.0000E+00       0      0      0      0     7725     334      47     115     999     6921    4654       0
 258   1  0.312113E+07 0.903080E+03 0.1813E+02      0 0.0000E+00       0      0      0      0     8147     328      67     140    1051     6992    4994       0
 259   1  0.318150E+07 0.920842E+03 0.0000E+00      0 0.0000E+00       0      0      0      0     8196     382      55     163    1036     7160    5030       0
 260   1  0.324521E+07 0.913125E+03 0.3546E+01      0 0.0000E+00       0      0      0      0     8252     350      71     148    1034     7172    5034       0
 261   1  0.331766E+07 0.923347E+03 0.1042E+02      0 0.0000E+00       0      0      0      0     8718     382      62     125    1022     7206    5233       0
 262   1  0.339386E+07 0.958237E+03 0.3233E+02      0 0.0000E+00       0      0      0      0     8757     353      73     129    1132     7489    5106       0
 263   1  0.347900E+07 0.943695E+03 0.7486E+01      0 0.0000E+00       0      0      0      0     8941     324      73     147    1078     7595    5245       0
 264   1  0.357341E+07 0.100215E+04 0.1779E+02      0 0.0000E+00       0      0      0      0     9537     307      66     139    1161     7893    5332       0
 265   1  0.367867E+07 0.996550E+03 0.1416E+02      0 0.0000E+00       0      0      0      0     9938     350      58     118    1138     7789    5355       0
 266   1  0.379987E+07 0.101879E+04 0.0000E+00      0 0.0000E+00       0      0      0      0    10456     345      64     129    1130     7939    5580       0
 267   1  0.393925E+07 0.103660E+04 0.0000E+00      0 0.0000E+00       0      0      0      0    11783     324      66     125    1223     8060    5990       0
 268   1  0.409825E+07 0.102218E+04 0.2175E+02      0 0.0000E+00       0      0      0      0    13402     365      69     115    1220     8082    5983       0
 269   1  0.428213E+07 0.104178E+04 0.1240E+02      0 0.0000E+00       0      0      0      0    15510     387      68     115    1332     8229    6290       0
 270   1  0.449733E+07 0.102336E+04 0.1588E+02      0 0.0000E+00       0      0      0      0    19120     397      46     115    1235     8141    6548       0
 271   1  0.475634E+07 0.105153E+04 0.0000E+00      0 0.0000E+00       0      0      0      0    25764     379      45     110    1258     8276    6785       0
 272   1  0.505763E+07 0.102538E+04 0.4297E+02      0 0.0000E+00       0      0      0      0    36540     417      56      85    1215     8061    7457       0
 273   1  0.540407E+07 0.101676E+04 0.8083E+02      0 0.0000E+00       0      0      0      0    55113     357      44      89    1158     7894    8399       0
 274   1  0.576835E+07 0.975793E+03 0.6656E+02      0 0.0000E+00       0      0      0      0    84173     355      31      51    1119     7561    9751       0
 275   1  0.609922E+07 0.914609E+03 0.4049E+02      0 0.0000E+00       0      0      0      0   125016     304      38      50     941     7116   11218       0
 276   1  0.630931E+07 0.847692E+03 0.9269E+02      0 0.0000E+00       0      0      0      0   176658     261      20      26     853     6487   13077       0
 277   1  0.629060E+07 0.688817E+03 0.7378E+02      0 0.0000E+00       0      0      0      0   230960     210      21      22     663     5505   14434       0
 278   1  0.594929E+07 0.584349E+03 0.6973E+02      0 0.0000E+00       0      0      0      0   275891     159      13      21     507     4564   15307       0
 279   1  0.525429E+07 0.456515E+03 0.9269E+02      0 0.0000E+00       0      0      0      0   297845     114       8      13     355     3592   15059       0
 280   1  0.427511E+07 0.327931E+03 0.5379E+02      0 0.0000E+00       0      0      0      0   286742      80       7       5     256     2596   13225       0
 281   1  0.317127E+07 0.223263E+03 0.2966E+02      0 0.0000E+00       0      0      0      0   245008      76      10       8     182     1770   10733       0
 282   1  0.212616E+07 0.160024E+03 0.3024E+02      0 0.0000E+00       0      0      0      0   186585      39      18       7     130     1247    7926       0
 283   1  0.127598E+07 0.111307E+03 0.1545E+02      0 0.0000E+00       0      0      0      0   124307      46       9       5     105      808    5154       0
 284   1  0.687274E+06 0.848193E+02 0.9369E+01      0 0.0000E+00       0      0      0      0    73790      39       9       8      92      642    3181       0
 285   1  0.326692E+06 0.706875E+02 0.1882E+02      0 0.0000E+00       0      0      0      0    37990      28      10       4      90      529    1880       0
 286   1  0.140324E+06 0.691328E+02 0.7664E+01      0 0.0000E+00       0      0      0      0    16869      32      11       6     111      507    1103       0
 287   1  0.573357E+05 0.662822E+02 0.0000E+00      0 0.0000E+00       0      0      0      0     6846      25      19       7      86      500     790       0
 288   1  0.256058E+05 0.583623E+02 0.0000E+00      0 0.0000E+00       0      0      0      0     2484      30       3       3      92      467     631       0
 289   1  0.148719E+05 0.586787E+02 0.0000E+00      0 0.0000E+00       0      0      0      0     1038      29       8       6      73      429     578       0
 290   1  0.120830E+05 0.582314E+02 0.0000E+00      0 0.0000E+00       0      0      0      0      578      33       8       4      85      443     587       0
 291   1  0.113756E+05 0.583789E+02 0.6396E+01      0 0.0000E+00       0      0      0      0      465      28       9       3      87      418     590       0
 292   1  0.116251E+05 0.518174E+02 0.6467E+01      0 0.0000E+00       0      0      0      0      429      41       6       3      90      394     596       0
 293   1  0.115064E+05 0.570215E+02 0.0000E+00      0 0.0000E+00       0      0      0      0      431      31       7       9      74      431     593       0
 294   1  0.107215E+05 0.547568E+02 0.0000E+00      0 0.0000E+00       0      0      0      0      404      21       8       4      59      425     520       0
 295   1  0.108019E+05 0.519258E+02 0.0000E+00      0 0.0000E+00       0      0      0      0      369      24      11       6      75      410     510       0
 296   1  0.110849E+05 0.499443E+02 0.9672E+01      0 0.0000E+00       0      0      0      0      460      26       6       7      68      418     531       0
 297   1  0.109488E+05 0.537646E+02 0.0000E+00      0 0.0000E+00       0      0      0      0      405      30       6       3      71      420     544       0
 298   1  0.107290E+05 0.536826E+02 0.0000E+00      0 0.0000E+00       0      0      0      0      421      25       3       1      77      407     531       0
 299   1  0.105793E+05 0.585146E+02 0.0000E+00      0 0.0000E+00       0      0      0      0      440      28       6       5      62      420     528       0
 300   1  0.104263E+05 0.554258E+02 0.1274E+02      0 0.0000E+00       0      0      0      0      370      24       4       2      82      382     520       0
 301   0  0.000000E+00 0.000000E+00 0.0000E+00      0 0.0000E+00       0      0      0      0        0       0       0       0       0        0       0       0
  SUMM:   0.588752E+09 0.123636E+06 0.2702E+04     14 0.1552E+03       0      0      0      0  3849219  100564   23608   49571  262319   892943 1253028       0
 ZONE  MED     C10     C11     N12     N13     O13     O14     O15     F17     F18
    1    1      92     247       0      91       0      26     553       0       0
    2    1      96     243       0     101       1      28     567       0       0
    3    1      97     235       0     121       3      40     549       0       0
    4    1      98     239       0     101       0      31     550       0       0
    5    1     100     241       0     104       0      26     580       0       0
    6    1     114     232       0     115       0      29     547       0       0
    7    1      88     235       0     108       1      31     593       1       0
    8    1     109     255       0     111       2      28     582       0       0
    9    1      92     264       0     105       1      30     587       0       0
   10    1     100     255       0     107       1      25     576       0       0
   11    1      97     244       0      97       1      37     537       1       0
   12    1      83     255       0      98       1      25     622       0       0
   13    1      98     256       0      98       2      19     503       0       0
   14    1     109     228       0     103       2      31     551       1       0
   15    1     105     218       0     107       0      24     579       0       0
   16    1      93     231       0     100       1      31     553       0       0
   17    1     115     223       0     103       2      21     547       0       0
   18    1      92     257       0     101       1      29     585       0       0
   19    1      99     258       0      93       0      25     573       0       0
   20    1      99     275       0     107       1      37     570       0       0
   21    1     112     269       0     106       0      23     575       2       0
   22    1      84     259       0      97       0      34     583       0       1
   23    1     110     260       0     107       1      37     600       0       0
   24    1     111     251       0     100       1      26     574       1       0
   25    1     101     241       0     101       1      21     571       0       0
   26    1      90     265       0     120       0      36     569       0       1
   27    1     113     225       0      99       1      21     579       0       0
   28    1      94     275       0     100       0      24     563       0       0
   29    1      95     232       0      90       0      27     612       0       0
   30    1      92     224       0     120       1      26     549       1       0
   31    1      92     225       0      97       1      36     570       0       0
   32    1     110     259       0     102       1      39     584       0       0
   33    1      94     232       0     125       4      26     589       0       0
   34    1      87     231       0     105       1      28     585       0       0
   35    1      79     219       0     117       1      31     604       0       0
   36    1     102     254       0      87       2      37     578       0       0
   37    1     100     214       0      99       0      26     599       1       0
   38    1      95     229       0     108       0      31     551       0       0
   39    1     109     231       0     111       2      32     572       0       0
   40    1     100     247       0     112       1      37     563       0       0
   41    1      98     243       0     102       0      33     574       0       0
   42    1      96     248       0     108       0      40     583       0       0
   43    1     111     239       0      99       0      28     593       0       0
   44    1     106     257       0     117       0      37     616       0       0
   45    1      97     261       0     103       1      33     612       0       0
   46    1      92     260       0     128       0      43     574       0       0
   47    1      92     244       0     100       1      29     594       0       0
   48    1      94     252       0     105       1      39     612       1       0
   49    1     114     247       0      96       1      31     588       0       0
   50    1     113     263       0     106       2      30     605       0       0
   51    1     108     241       0     118       1      28     606       0       1
   52    1     100     273       0     120       2      35     622       0       0
   53    1      95     244       0     105       1      34     554       0       0
   54    1      98     279       0     122       0      19     626       0       0
   55    1      87     236       0     114       3      32     585       0       0
   56    1      93     286       0      96       2      33     585       0       0
   57    1      99     253       0     108       1      28     558       0       0
   58    1      98     235       0     104       1      26     602       0       0
   59    1     101     258       0      94       1      20     603       0       0
   60    1      90     257       1     103       1      24     601       0       0
   61    1      72     262       0     114       0      29     624       0       0
   62    1     108     255       0      83       2      30     610       0       0
   63    1     102     267       0      97       1      34     622       0       0
   64    1     128     233       0     115       0      32     587       0       0
   65    1     104     273       0     114       2      30     569       0       0
   66    1      98     237       0     106       0      23     591       0       0
   67    1      94     299       0     104       1      32     613       0       0
   68    1      91     261       0     102       1      26     612       0       0
   69    1     106     250       0      90       0      23     622       1       0
   70    1     104     249       0      98       3      37     670       0       1
   71    1     105     264       0     104       1      30     566       0       0
   72    1     102     237       0     124       0      34     623       0       0
   73    1      98     237       0      90       1      31     578       0       0
   74    1     102     258       0     117       0      32     631       0       0
   75    1     111     246       0     109       0      28     602       0       0
   76    1      79     275       0     102       2      18     631       0       0
   77    1     123     244       0     101       2      27     612       0       0
   78    1     107     246       0     114       2      24     595       0       0
   79    1      87     218       0     128       1      29     606       1       0
   80    1     115     266       0      97       0      31     637       0       0
   81    1      82     257       0     117       0      29     599       0       0
   82    1     112     274       0      88       2      27     563       0       0
   83    1      80     258       0      95       1      23     568       0       1
   84    1     103     242       0     127       1      33     607       1       0
   85    1     108     247       0     125       1      33     596       0       0
   86    1     106     257       0     109       1      34     594       0       0
   87    1      92     270       0     117       0      30     631       0       1
   88    1     109     252       0      86       1      25     612       0       0
   89    1      89     255       0     107       2      41     602       0       1
   90    1     110     266       0     104       0      19     591       0       0
   91    1     103     233       0     125       3      25     646       0       0
   92    1     101     241       0     113       1      29     637       0       0
   93    1     107     287       0     112       1      32     592       0       0
   94    1      87     242       0     119       0      23     600       0       0
   95    1     118     265       0     102       0      40     594       0       0
   96    1     101     250       0     126       2      27     636       0       0
   97    1     121     242       0     122       0      24     577       0       0
   98    1     108     240       1     108       0      28     611       0       0
   99    1      97     289       0      99       1      38     600       0       0
  100    1      94     232       0      99       0      36     607       0       0
  101    1     101     300       0     115       2      31     602       1       0
  102    1      97     240       0      97       2      34     602       0       0
  103    1      98     246       0     107       1      33     626       0       0
  104    1      94     241       0      95       0      38     608       0       0
  105    1     103     257       0     108       1      41     596       0       0
  106    1      95     249       0     109       2      29     635       0       0
  107    1      94     235       0     107       0      36     564       0       0
  108    1     106     259       0     112       2      22     593       0       0
  109    1      99     253       0     103       1      28     581       0       0
  110    1      86     246       0     114       1      34     598       0       0
  111    1     105     246       0     107       1      30     608       0       0
  112    1     108     261       0     122       1      30     626       0       0
  113    1      90     251       0     124       1      34     597       0       0
  114    1      83     244       0     109       1      29     620       0       1
  115    1     106     263       0     123       0      24     583       0       0
  116    1      93     228       0     115       1      26     605       0       0
  117    1     105     248       0     102       1      35     615       0       0
  118    1      97     259       0     107       0      19     602       0       0
  119    1      84     236       0      91       1      35     613       0       0
  120    1      89     245       0     131       0      26     581       0       0
  121    1      92     233       0     116       0      29     595       0       1
  122    1      87     239       1      99       2      34     603       1       0
  123    1      96     257       0      90       2      28     611       0       0
  124    1     102     256       0     118       0      28     623       0       0
  125    1      92     247       0     110       1      28     638       0       1
  126    1      92     216       1     111       2      48     601       0       1
  127    1      82     234       0      88       0      35     610       1       0
  128    1     101     237       0     110       2      25     615       0       0
  129    1      91     228       0     113       1      41     603       0       0
  130    1      90     238       0     109       1      23     593       0       0
  131    1      71     256       0      98       2      30     584       1       0
  132    1     104     233       0     106       0      26     618       1       0
  133    1      90     260       0     109       1      25     654       0       0
  134    1      90     246       0     104       2      29     582       0       0
  135    1     104     237       0     102       1      31     619       0       1
  136    1      93     283       0     101       3      28     611       1       0
  137    1      82     239       0     109       1      33     590       1       0
  138    1     104     251       0     102       1      23     621       1       0
  139    1      98     260       0      97       0      32     637       0       0
  140    1      91     251       0     108       0      34     625       0       0
  141    1      78     248       0      97       3      31     625       0       0
  142    1      91     237       0     113       1      35     593       0       0
  143    1      91     226       0     119       1      36     544       0       0
  144    1      97     257       0      94       0      25     640       0       0
  145    1      83     270       0     120       3      35     585       0       0
  146    1      84     232       0      92       2      34     607       0       0
  147    1      79     250       0     102       3      32     614       1       0
  148    1      85     246       0      96       3      33     625       0       0
  149    1     105     270       0     101       0      22     599       0       0
  150    1      86     250       0     113       1      23     618       0       0
  151    1      95     247       0     109       1      34     653       1       0
  152    1      91     250       0     124       1      31     605       1       0
  153    1      82     252       0      97       0      33     630       1       0
  154    1      90     241       0     101       0      27     613       0       0
  155    1      94     244       0     112       0      30     607       0       0
  156    1     102     234       0      96       1      28     595       0       0
  157    1      82     252       0     105       2      23     605       0       0
  158    1     100     241       0     118       0      35     640       0       0
  159    1      72     237       0      97       0      28     607       1       0
  160    1      97     235       0      96       0      37     598       0       0
  161    1      98     269       0     115       1      24     592       0       0
  162    1      89     250       0     104       2      33     574       0       0
  163    1      93     250       0      99       1      29     612       0       0
  164    1     102     222       0     104       0      30     610       0       0
  165    1      79     234       0     118       0      35     608       0       0
  166    1      89     247       0     108       0      29     620       0       0
  167    1     103     259       0     105       1      38     581       0       0
  168    1      81     238       0      89       0      27     600       1       2
  169    1     111     224       0      89       1      39     614       0       0
  170    1      98     245       1     128       0      23     651       1       0
  171    1      80     257       0     111       0      34     581       0       0
  172    1     101     235       0     111       2      23     630       0       0
  173    1      82     247       0     117       0      33     645       0       0
  174    1      98     225       0     104       0      29     637       0       2
  175    1     102     243       0      96       1      42     608       0       0
  176    1      88     255       0     100       0      37     641       1       0
  177    1      87     242       0      94       2      29     599       0       0
  178    1     102     219       0     126       1      34     598       0       0
  179    1      80     282       0      96       3      33     562       0       0
  180    1     105     245       0     127       2      36     602       0       0
  181    1      94     249       0     122       1      43     641       0       1
  182    1      89     239       0     124       2      37     612       0       0
  183    1     100     240       0      99       3      24     620       0       0
  184    1      97     240       0     105       0      40     612       0       0
  185    1      72     239       0     116       0      25     598       1       0
  186    1      89     229       0     111       1      28     675       0       0
  187    1      79     244       0     114       0      21     617       0       0
  188    1     101     251       0     110       1      21     639       0       0
  189    1      98     225       0     100       0      36     592       0       0
  190    1      62     252       0     114       0      32     590       0       0
  191    1      89     253       0     108       2      38     631       1       0
  192    1     105     265       0     105       0      18     638       0       0
  193    1      81     204       0     113       0      33     588       0       0
  194    1     113     243       0     111       1      35     607       0       0
  195    1      71     262       0     115       1      26     599       0       0
  196    1      79     208       0     110       1      23     630       0       0
  197    1      90     266       0     102       1      35     641       0       0
  198    1      94     230       0      91       1      24     606       1       0
  199    1      96     237       0     101       2      24     634       0       0
  200    1     104     215       0     100       0      24     630       1       0
  201    1      90     255       0     106       0      26     586       0       0
  202    1     102     245       0      84       0      24     641       0       0
  203    1     101     222       0     104       1      32     581       0       0
  204    1      90     241       0     105       5      37     611       0       0
  205    1      88     230       0     102       1      29     585       0       0
  206    1      79     255       0     116       1      35     627       0       0
  207    1      72     222       0     104       0      26     623       0       0
  208    1      80     238       0     101       1      30     628       0       0
  209    1      82     243       0     107       2      34     663       0       0
  210    1      95     240       0     113       0      30     606       0       0
  211    1      90     219       0     117       0      25     636       0       0
  212    1      98     222       0      98       1      27     619       0       0
  213    1      65     262       0     104       1      32     635       1       0
  214    1      89     233       0      92       1      24     647       1       0
  215    1      78     250       0     117       1      29     616       0       0
  216    1      86     235       0     124       0      29     679       0       1
  217    1      72     226       0     113       1      32     632       0       0
  218    1      90     222       0     106       2      35     664       1       0
  219    1      73     230       0     109       2      39     663       0       0
  220    1      79     227       0     106       0      21     624       0       0
  221    1      81     225       0     120       0      34     636       0       0
  222    1      90     231       0     116       6      41     613       0       0
  223    1      86     244       0     117       2      32     632       0       0
  224    1      77     228       0     123       0      27     655       0       0
  225    1      77     234       0     121       1      28     601       0       0
  226    1      90     211       0     104       0      35     605       0       0
  227    1      65     228       0     126       1      37     616       0       0
  228    1      81     212       0     112       0      24     649       0       0
  229    1      72     226       0     107       1      39     666       0       0
  230    1      73     206       0     128       1      33     669       0       0
  231    1      75     219       0     110       0      28     623       0       0
  232    1      83     212       0     122       2      33     641       0       0
  233    1      85     205       0      98       1      33     696       0       0
  234    1      74     228       0     121       2      35     652       0       0
  235    1      74     219       0     112       0      28     651       0       0
  236    1      78     194       0     107       1      36     630       0       0
  237    1      88     232       0     109       2      39     675       0       0
  238    1      73     201       0     110       3      30     702       0       0
  239    1      72     194       0     100       1      22     636       0       0
  240    1      84     225       0     120       0      41     596       0       0
  241    1      65     214       0     103       2      36     670       0       0
  242    1      76     199       0     133       1      34     729       0       0
  243    1      79     206       1     124       1      48     683       0       0
  244    1      86     227       0     120       2      40     641       0       0
  245    1      78     222       0     117       0      34     703       0       0
  246    1      69     211       0     127       0      30     641       0       0
  247    1      87     200       0     145       1      45     701       0       1
  248    1      82     209       0     111       0      36     720       1       0
  249    1      73     193       0     138       0      55     788       0       0
  250    1      63     185       0     114       0      39     769       0       1
  251    1      68     198       0     126       0      39     737       0       0
  252    1      77     205       0     117       1      41     715       0       1
  253    1      71     195       0     139       0      28     809       0       0
  254    1      62     174       0     124       0      30     784       0       0
  255    1      59     195       0     130       2      32     790       0       0
  256    1      63     171       0     122       0      33     812       0       2
  257    1      57     156       0     119       2      34     827       1       1
  258    1      58     140       0     152       0      44     878       0       0
  259    1      66     155       0     136       0      41     874       1       0
  260    1      43     155       0     137       2      41     913       1       0
  261    1      51     128       0     150       0      46     982       0       0
  262    1      48     140       0     135       0      39     950       1       2
  263    1      30     125       0     152       1      42     993       0       0
  264    1      31     131       0     104       0      42     994       0       0
  265    1      26     124       0     107       0      44     976       0       0
  266    1      12      96       0     119       0      46    1073       0       0
  267    1      19      95       0     107       0      51    1088       0       0
  268    1      17      82       0      94       0      56    1115       0       0
  269    1      13      78       0      92       0      42    1107       1       0
  270    1       2      49       0      77       0      48    1148       0       0
  271    1       5      50       0      57       0      31    1081       0       0
  272    1       4      37       0      68       0      37    1093       0       2
  273    1       4      24       1      72       0      25    1053       1       1
  274    1       1      20       0      53       0      17     973       1       0
  275    1       3      19       0      52       0      30     830       0       0
  276    1       3      15       0      52       0      14     663       0       1
  277    1       1       7       0      36       0       4     518       0       2
  278    1       1       4       0      36       0       6     374       2       0
  279    1       1       4       0      21       0       2     247       1       1
  280    1       1       5       0      19       0       0     175       1       0
  281    1       2       8       0       6       0       2     111       2       0
  282    1       1       6       0      11       0       4      45       0       0
  283    1       1       5       0       8       0       0      40       0       0
  284    1       0       4       0       5       0       1      19       0       0
  285    1       0       2       0       1       0       0      26       0       0
  286    1       1       7       0       2       0       0      15       0       0
  287    1       0       9       0       2       0       1      21       0       0
  288    1       2       9       0       0       0       0      25       0       0
  289    1       0       4       0       2       0       1      17       0       0
  290    1       1       3       0       1       0       0      16       0       0
  291    1       2       8       0       3       0       1      17       0       0
  292    1       0       5       0       1       0       1      22       0       0
  293    1       0       1       0       0       0       0      22       0       0
  294    1       0       4       0       3       0       0      16       0       0
  295    1       4       5       0       2       0       0      20       0       0
  296    1       1       3       0       3       0       0      17       0       0
  297    1       0       3       0       0       0       1      20       0       0
  298    1       1       4       0       1       0       0      20       0       0
  299    1       1       8       0       1       0       1      18       0       0
  300    1       2       7       0       1       0       1      15       0       0
  301    0       0       0       0       0       0       0       0       0       0
   SUM ==>   24183   63730       7   29944     249    8676  178636      49      33
