3000000
300
 ZONE MED   LOSS(MEV)      (MEV)    EXCITATION    PI0   (MEV)        PI+     K+    MU-    MU+     PROT    DEUT    TRIT     HE3    ALPH     ELSC    INEL    FISS
   1   1  0.134933E+07 0.182227E+03 0.7735E+01      0 0.0000E+00       0      0      0      0     1388     291      87     177     779     1052    3283       0
   2   1  0.136430E+07 0.184311E+03 0.0000E+00      0 0.0000E+00       0      0      0      0     1908     358      88     182     783     1071    3371       0
   3   1  0.137518E+07 0.202390E+03 0.1113E+01      2 0.1946E+02       0      0      0      0     2102     361     100     209     866     1123    3458       0
   4   1  0.138339E+07 0.190210E+03 0.0000E+00      1 0.1071E+02       0      0      0      0     2283     355      85     186     890     1106    3415       0
   5   1  0.139139E+07 0.196515E+03 0.6247E+01      1 0.3158E+01       0      0      0      0     2524     358      80     180     896     1137    3379       0
   6   1  0.139838E+07 0.201118E+03 0.7584E+01      1 0.7882E+01       0      0      0      0     2616     384      98     174     914     1203    3501       0
   7   1  0.140331E+07 0.212811E+03 0.1760E+02      1 0.8624E+01       0      0      0      0     2621     346      99     192     794     1157    3328       0
   8   1  0.140935E+07 0.203016E+03 0.2420E+02      1 0.2578E+00       0      0      0      0     2846     349     105     197     825     1177    3493       0
   9   1  0.141573E+07 0.207144E+03 0.7866E+01      0 0.0000E+00       0      0      0      0     2910     348     100     213     823     1212    3483       0
  10   1  0.142147E+07 0.197894E+03 0.0000E+00      0 0.0000E+00       0      0      0      0     3010     375      97     198     862     1100    3440       0
  11   1  0.142576E+07 0.216047E+03 0.1124E+02      1 0.1005E+02       0      0      0      0     2965     332      94     197     809     1243    3411       0
  12   1  0.143132E+07 0.204841E+03 0.1036E+02      0 0.0000E+00       0      0      0      0     3094     343     102     194     895     1230    3628       0
  13   1  0.143713E+07 0.216997E+03 0.6028E+01      1 0.2078E+01       0      0      0      0     3227     411      96     177     836     1307    3537       0
  14   1  0.144229E+07 0.216663E+03 0.0000E+00      0 0.0000E+00       0      0      0      0     3194     356      98     208     846     1284    3545       0
  15   1  0.144701E+07 0.224176E+03 0.5545E+00      1 0.9324E+00       0      0      0      0     3410     410      85     197     833     1338    3623       0
  16   1  0.145045E+07 0.217006E+03 0.2126E+02      0 0.0000E+00       0      0      0      0     3328     376      95     177     929     1316    3488       0
  17   1  0.145433E+07 0.214552E+03 0.1760E+02      0 0.0000E+00       0      0      0      0     3350     352      88     206     915     1294    3622       0
  18   1  0.145777E+07 0.224441E+03 0.3951E+01      1 0.1780E+02       0      0      0      0     3386     376      89     202     874     1290    3584       0
  19   1  0.146159E+07 0.229482E+03 0.1518E+02      0 0.0000E+00       0      0      0      0     3381     362      86     187     873     1339    3611       0
  20   1  0.146425E+07 0.208693E+03 0.2120E+02      0 0.0000E+00       0      0      0      0     3512     352     109     180     866     1259    3573       0
  21   1  0.147048E+07 0.219810E+03 0.0000E+00      0 0.0000E+00       0      0      0      0     3529     382      94     175     927     1347    3625       0
  22   1  0.147712E+07 0.232437E+03 0.1013E+02      1 0.1247E+02       0      0      0      0     3701     386      94     199     998     1410    3780       0
  23   1  0.148077E+07 0.223238E+03 0.0000E+00      1 0.1088E+02       0      0      0      0     3636     398     109     194     892     1346    3636       0
  24   1  0.148356E+07 0.229742E+03 0.3293E+01      0 0.0000E+00       0      0      0      0     3706     415     102     206     826     1362    3631       0
  25   1  0.148718E+07 0.242146E+03 0.5779E+01      0 0.0000E+00       0      0      0      0     3680     393      98     206     906     1399    3676       0
  26   1  0.149046E+07 0.222507E+03 0.1575E+01      1 0.1046E+02       0      0      0      0     3660     392      93     210     892     1341    3658       0
  27   1  0.149449E+07 0.221178E+03 0.1720E+01      2 0.1809E+02       0      0      0      0     3849     362      95     178     858     1396    3620       0
  28   1  0.149867E+07 0.232720E+03 0.0000E+00      0 0.0000E+00       0      0      0      0     3850     361      92     187     845     1434    3668       0
  29   1  0.150500E+07 0.243168E+03 0.2620E+02      0 0.0000E+00       0      0      0      0     4119     365      99     191     943     1437    3874       0
  30   1  0.150710E+07 0.229261E+03 0.0000E+00      0 0.0000E+00       0      0      0      0     4108     427      73     206     892     1398    3704       0
  31   1  0.151178E+07 0.232667E+03 0.1775E+02      0 0.0000E+00       0      0      0      0     3932     363     105     210     936     1408    3738       0
  32   1  0.151375E+07 0.233705E+03 0.1040E+01      0 0.0000E+00       0      0      0      0     3984     379      95     200     934     1450    3762       0
  33   1  0.151924E+07 0.251875E+03 0.0000E+00      0 0.0000E+00       0      0      0      0     4156     404      94     211     914     1462    3835       0
  34   1  0.152269E+07 0.239844E+03 0.0000E+00      0 0.0000E+00       0      0      0      0     4179     414      94     203     998     1446    3829       0
  35   1  0.152420E+07 0.245781E+03 0.4431E+01      0 0.0000E+00       0      0      0      0     4119     399      88     198     867     1525    3782       0
  36   1  0.152710E+07 0.239904E+03 0.6421E+01      0 0.0000E+00       0      0      0      0     4055     361      86     207     906     1479    3769       0
  37   1  0.153043E+07 0.253638E+03 0.2389E+01      0 0.0000E+00       0      0      0      0     4165     419      92     171    1005     1567    3829       0
  38   1  0.153416E+07 0.256427E+03 0.1208E+02      1 0.4445E+01       0      0      0      0     4168     360     112     203     917     1594    3857       0
  39   1  0.153713E+07 0.244587E+03 0.1876E+01      0 0.0000E+00       0      0      0      0     4335     348     103     196     903     1505    3684       0
  40   1  0.153958E+07 0.238375E+03 0.5189E+01      0 0.0000E+00       0      0      0      0     4218     390     107     194     929     1560    3757       0
  41   1  0.154681E+07 0.244872E+03 0.0000E+00      0 0.0000E+00       0      0      0      0     4457     411      91     207     941     1628    3925       0
  42   1  0.154905E+07 0.259264E+03 0.1184E+02      0 0.0000E+00       0      0      0      0     4278     421      98     216     926     1593    3891       0
  43   1  0.155257E+07 0.256989E+03 0.0000E+00      0 0.0000E+00       0      0      0      0     4506     391      94     219    1016     1565    4006       0
  44   1  0.155353E+07 0.246077E+03 0.7686E+01      0 0.0000E+00       0      0      0      0     4428     377     111     181     872     1595    3791       0
  45   1  0.155723E+07 0.250391E+03 0.0000E+00      0 0.0000E+00       0      0      0      0     4327     371     110     211     914     1534    3904       0
  46   1  0.155960E+07 0.245838E+03 0.1500E+02      0 0.0000E+00       0      0      0      0     4464     368      97     203     881     1626    3734       0
  47   1  0.156358E+07 0.244530E+03 0.8697E+01      0 0.0000E+00       0      0      0      0     4535     359      87     184     933     1586    3877       0
  48   1  0.156469E+07 0.265901E+03 0.0000E+00      0 0.0000E+00       0      0      0      0     4369     358      88     206     872     1691    3841       0
  49   1  0.156903E+07 0.246828E+03 0.0000E+00      0 0.0000E+00       0      0      0      0     4571     389     119     183     905     1575    3868       0
  50   1  0.157326E+07 0.272534E+03 0.2016E+02      0 0.0000E+00       0      0      0      0     4565     396     100     199     954     1702    3940       0
  51   1  0.157314E+07 0.244563E+03 0.1035E+02      0 0.0000E+00       0      0      0      0     4570     391      82     193     910     1557    3891       0
  52   1  0.157768E+07 0.275394E+03 0.2613E+02      0 0.0000E+00       0      0      0      0     4420     363      94     205     876     1654    3932       0
  53   1  0.158093E+07 0.250391E+03 0.5915E+00      0 0.0000E+00       0      0      0      0     4629     382      99     219     912     1642    3785       0
  54   1  0.158426E+07 0.263829E+03 0.0000E+00      0 0.0000E+00       0      0      0      0     4655     381      90     193     926     1627    4035       0
  55   1  0.158581E+07 0.265204E+03 0.2069E+02      0 0.0000E+00       0      0      0      0     4669     390      96     197     903     1689    3858       0
  56   1  0.158901E+07 0.266623E+03 0.1565E+02      0 0.0000E+00       0      0      0      0     4662     379      79     199     917     1722    3926       0
  57   1  0.159383E+07 0.259681E+03 0.0000E+00      0 0.0000E+00       0      0      0      0     4634     415     108     228     952     1637    3970       0
  58   1  0.159573E+07 0.263729E+03 0.8960E+01      0 0.0000E+00       0      0      0      0     4689     362      94     190     883     1652    3839       0
  59   1  0.159615E+07 0.257748E+03 0.9296E+01      0 0.0000E+00       0      0      0      0     4604     394      92     167     881     1707    3838       0
  60   1  0.160176E+07 0.260149E+03 0.0000E+00      0 0.0000E+00       0      0      0      0     4672     383     114     198     932     1673    3873       0
  61   1  0.160565E+07 0.274060E+03 0.6164E+01      0 0.0000E+00       0      0      0      0     4810     401     111     216     963     1730    4006       0
  62   1  0.160750E+07 0.272021E+03 0.0000E+00      0 0.0000E+00       0      0      0      0     4822     383      90     231     912     1783    3948       0
  63   1  0.160969E+07 0.268554E+03 0.4964E+01      0 0.0000E+00       0      0      0      0     4871     381      91     201     933     1721    3957       0
  64   1  0.161344E+07 0.262480E+03 0.1355E+02      0 0.0000E+00       0      0      0      0     4921     393      86     187     920     1673    3973       0
  65   1  0.161469E+07 0.294055E+03 0.2259E+02      0 0.0000E+00       0      0      0      0     4775     400      84     191     868     1757    3912       0
  66   1  0.161840E+07 0.273375E+03 0.4575E+01      0 0.0000E+00       0      0      0      0     4913     376      81     198     976     1708    3961       0
  67   1  0.162136E+07 0.282897E+03 0.7755E+01      0 0.0000E+00       0      0      0      0     5009     361     100     177     884     1792    4023       0
  68   1  0.162310E+07 0.280252E+03 0.1796E+02      0 0.0000E+00       0      0      0      0     4915     384      88     196     928     1785    3942       0
  69   1  0.162546E+07 0.287993E+03 0.0000E+00      0 0.0000E+00       0      0      0      0     5005     397      95     171     887     1744    4022       0
  70   1  0.162804E+07 0.272605E+03 0.0000E+00      0 0.0000E+00       0      0      0      0     4934     374      91     194     986     1718    3972       0
  71   1  0.163046E+07 0.278004E+03 0.9087E+01      0 0.0000E+00       0      0      0      0     4926     360      85     196     872     1802    3932       0
  72   1  0.163341E+07 0.281226E+03 0.1597E+02      0 0.0000E+00       0      0      0      0     4945     368      97     220     894     1782    3922       0
  73   1  0.163682E+07 0.274486E+03 0.5168E+00      0 0.0000E+00       0      0      0      0     4961     355      88     205    1002     1814    3962       0
  74   1  0.163869E+07 0.299239E+03 0.7110E+01      0 0.0000E+00       0      0      0      0     4883     401     102     221     997     1864    4024       0
  75   1  0.164127E+07 0.284336E+03 0.2834E+02      0 0.0000E+00       0      0      0      0     4998     363      90     209     876     1793    3937       0
  76   1  0.164432E+07 0.286316E+03 0.0000E+00      0 0.0000E+00       0      0      0      0     4972     399     112     226     943     1874    3994       0
  77   1  0.164637E+07 0.287891E+03 0.7448E+01      0 0.0000E+00       0      0      0      0     5058     363      93     188     936     1836    3998       0
  78   1  0.165067E+07 0.277672E+03 0.0000E+00      0 0.0000E+00       0      0      0      0     5048     364      95     213    1013     1844    3992       0
  79   1  0.165276E+07 0.290993E+03 0.7274E+01      0 0.0000E+00       0      0      0      0     5044     385      94     208     947     1864    3989       0
  80   1  0.165468E+07 0.288220E+03 0.9967E+01      0 0.0000E+00       0      0      0      0     5203     394      89     180     910     1888    3994       0
  81   1  0.165910E+07 0.277476E+03 0.4943E+01      0 0.0000E+00       0      0      0      0     5072     393      90     187     934     1816    4102       0
  82   1  0.166094E+07 0.296207E+03 0.0000E+00      0 0.0000E+00       0      0      0      0     5146     381      92     188     932     1924    4062       0
  83   1  0.166473E+07 0.288579E+03 0.1753E+02      0 0.0000E+00       0      0      0      0     5188     371      85     210     882     1839    3958       0
  84   1  0.166757E+07 0.293271E+03 0.7151E+01      1 0.3930E+01       0      0      0      0     5270     388     111     196     975     1867    4149       0
  85   1  0.166813E+07 0.305968E+03 0.6533E+01      0 0.0000E+00       0      0      0      0     5188     400      93     190     966     1980    3958       0
  86   1  0.167091E+07 0.297423E+03 0.0000E+00      0 0.0000E+00       0      0      0      0     5117     409      99     192     948     1911    3995       0
  87   1  0.167482E+07 0.305675E+03 0.7448E+01      0 0.0000E+00       0      0      0      0     5161     395     109     202     922     1974    4058       0
  88   1  0.167525E+07 0.302086E+03 0.6440E+01      0 0.0000E+00       0      0      0      0     5324     360      88     166     953     1917    4076       0
  89   1  0.167868E+07 0.296932E+03 0.0000E+00      0 0.0000E+00       0      0      0      0     5186     379      96     187     928     1902    4138       0
  90   1  0.168188E+07 0.304524E+03 0.2203E+02      0 0.0000E+00       0      0      0      0     5270     386      82     229     913     2063    3970       0
  91   1  0.168295E+07 0.303432E+03 0.0000E+00      0 0.0000E+00       0      0      0      0     5290     373      89     183     928     1956    3968       0
  92   1  0.168670E+07 0.299080E+03 0.0000E+00      0 0.0000E+00       0      0      0      0     5318     373      94     214    1010     1955    4188       0
  93   1  0.168859E+07 0.301778E+03 0.0000E+00      0 0.0000E+00       0      0      0      0     5239     411      81     212     967     2056    4042       0
  94   1  0.169319E+07 0.281055E+03 0.3540E+01      0 0.0000E+00       0      0      0      0     5398     379      96     218     910     1928    3954       0
  95   1  0.169460E+07 0.313245E+03 0.1757E+02      0 0.0000E+00       0      0      0      0     5357     386      90     177     932     1970    4054       0
  96   1  0.169680E+07 0.301966E+03 0.0000E+00      0 0.0000E+00       0      0      0      0     5373     394      83     189     966     1956    4079       0
  97   1  0.169811E+07 0.307457E+03 0.8018E+01      0 0.0000E+00       0      0      0      0     5335     390     107     186     977     1967    4025       0
  98   1  0.170147E+07 0.306956E+03 0.0000E+00      0 0.0000E+00       0      0      0      0     5318     357      89     205     941     2008    4107       0
  99   1  0.170516E+07 0.315424E+03 0.3381E+01      0 0.0000E+00       0      0      0      0     5405     382      97     233    1006     2003    4113       0
 100   1  0.170552E+07 0.310265E+03 0.0000E+00      0 0.0000E+00       0      0      0      0     5277     377      72     204     887     2100    3922       0
 101   1  0.170965E+07 0.310903E+03 0.0000E+00      0 0.0000E+00       0      0      0      0     5467     380     100     195     998     2071    4205       0
 102   1  0.171204E+07 0.316815E+03 0.2572E+01      0 0.0000E+00       0      0      0      0     5383     374      88     194     976     2049    4084       0
 103   1  0.171447E+07 0.318674E+03 0.1149E+02      0 0.0000E+00       0      0      0      0     5280     356      92     216     934     2178    3970       0
 104   1  0.171651E+07 0.307102E+03 0.5497E+01      0 0.0000E+00       0      0      0      0     5420     352      98     229     943     2046    4055       0
 105   1  0.171883E+07 0.303470E+03 0.2783E+01      0 0.0000E+00       0      0      0      0     5417     378      88     203     932     2035    4019       0
 106   1  0.172261E+07 0.317909E+03 0.3257E+01      0 0.0000E+00       0      0      0      0     5538     375     105     175     894     2117    4006       0
 107   1  0.172659E+07 0.313650E+03 0.1202E+02      0 0.0000E+00       0      0      0      0     5534     409      85     200     955     2035    4065       0
 108   1  0.172644E+07 0.325879E+03 0.0000E+00      0 0.0000E+00       0      0      0      0     5567     351      96     202     879     2114    4114       0
 109   1  0.172851E+07 0.309808E+03 0.8200E+01      0 0.0000E+00       0      0      0      0     5462     390      83     191     946     2106    3903       0
 110   1  0.173062E+07 0.323778E+03 0.1404E+02      0 0.0000E+00       0      0      0      0     5520     366      93     209     895     2143    4067       0
 111   1  0.173337E+07 0.318056E+03 0.0000E+00      0 0.0000E+00       0      0      0      0     5454     380     104     205     951     2205    4072       0
 112   1  0.173513E+07 0.304574E+03 0.5823E+01      0 0.0000E+00       0      0      0      0     5587     390     100     186     906     2060    4034       0
 113   1  0.173720E+07 0.299264E+03 0.0000E+00      0 0.0000E+00       0      0      0      0     5550     415      85     185     931     2089    4055       0
 114   1  0.173906E+07 0.329317E+03 0.1008E+02      0 0.0000E+00       0      0      0      0     5533     340     106     167     944     2192    4094       0
 115   1  0.174138E+07 0.326004E+03 0.5249E+01      0 0.0000E+00       0      0      0      0     5461     389      72     220     915     2149    4030       0
 116   1  0.174198E+07 0.336855E+03 0.0000E+00      0 0.0000E+00       0      0      0      0     5425     393      87     199     918     2227    3972       0
 117   1  0.174512E+07 0.318086E+03 0.0000E+00      0 0.0000E+00       0      0      0      0     5497     351      81     213     868     2154    4010       0
 118   1  0.174862E+07 0.323058E+03 0.0000E+00      0 0.0000E+00       0      0      0      0     5473     345     107     186     938     2247    4009       0
 119   1  0.175121E+07 0.316189E+03 0.3142E+01      0 0.0000E+00       0      0      0      0     5552     416      96     218     948     2162    4072       0
 120   1  0.175338E+07 0.319441E+03 0.0000E+00      0 0.0000E+00       0      0      0      0     5585     343      91     203     935     2288    4021       0
 121   1  0.175379E+07 0.359277E+03 0.0000E+00      0 0.0000E+00       0      0      0      0     5509     354      93     198     922     2316    4019       0
 122   1  0.175742E+07 0.344009E+03 0.9633E+00      0 0.0000E+00       0      0      0      0     5538     378      91     209     911     2265    4024       0
 123   1  0.175942E+07 0.327688E+03 0.5997E+01      0 0.0000E+00       0      0      0      0     5453     364      79     188     946     2275    4034       0
 124   1  0.176257E+07 0.339834E+03 0.0000E+00      0 0.0000E+00       0      0      0      0     5620     372      92     171     963     2309    3955       0
 125   1  0.176416E+07 0.337657E+03 0.2058E+02      0 0.0000E+00       0      0      0      0     5593     344      85     185     897     2332    3985       0
 126   1  0.176675E+07 0.331281E+03 0.5860E+00      0 0.0000E+00       0      0      0      0     5455     348      93     204     898     2348    4038       0
 127   1  0.177193E+07 0.344921E+03 0.3920E+01      0 0.0000E+00       0      0      0      0     5684     363      85     216     914     2342    4040       0
 128   1  0.177406E+07 0.331524E+03 0.7538E+01      0 0.0000E+00       0      0      0      0     5722     380      81     210    1029     2281    4079       0
 129   1  0.177583E+07 0.350017E+03 0.1829E+02      0 0.0000E+00       0      0      0      0     5638     366      83     180     901     2421    4014       0
 130   1  0.177916E+07 0.338185E+03 0.1239E+02      0 0.0000E+00       0      0      0      0     5656     373      89     180     939     2394    4073       0
 131   1  0.178161E+07 0.345994E+03 0.0000E+00      0 0.0000E+00       0      0      0      0     5719     362      88     187     953     2377    4055       0
 132   1  0.178495E+07 0.356687E+03 0.7383E+01      0 0.0000E+00       0      0      0      0     5775     380      90     184     910     2412    4055       0
 133   1  0.178443E+07 0.322919E+03 0.8450E+01      0 0.0000E+00       0      0      0      0     5641     387      82     200     992     2269    4059       0
 134   1  0.178788E+07 0.342304E+03 0.8175E+01      0 0.0000E+00       0      0      0      0     5712     330     103     185     900     2340    4031       0
 135   1  0.179286E+07 0.344404E+03 0.4909E+01      0 0.0000E+00       0      0      0      0     5650     382      99     192     957     2330    4079       0
 136   1  0.179687E+07 0.353722E+03 0.0000E+00      0 0.0000E+00       0      0      0      0     5790     376      93     210    1032     2457    4145       0
 137   1  0.179777E+07 0.343419E+03 0.6484E+01      0 0.0000E+00       0      0      0      0     5856     352      95     185     967     2375    4040       0
 138   1  0.180076E+07 0.352002E+03 0.1623E+02      0 0.0000E+00       0      0      0      0     5804     345      89     198     952     2458    4110       0
 139   1  0.180347E+07 0.342357E+03 0.9371E+01      0 0.0000E+00       0      0      0      0     5866     353      90     215    1017     2418    4072       0
 140   1  0.180323E+07 0.353913E+03 0.3017E+01      0 0.0000E+00       0      0      0      0     5766     378      77     202     949     2510    4119       0
 141   1  0.180568E+07 0.353985E+03 0.1032E+02      0 0.0000E+00       0      0      0      0     5712     368      85     215     943     2446    4087       0
 142   1  0.180856E+07 0.348610E+03 0.1261E+02      0 0.0000E+00       0      0      0      0     5838     400      75     181     936     2476    4012       0
 143   1  0.181093E+07 0.362736E+03 0.0000E+00      0 0.0000E+00       0      0      0      0     5829     389      92     190     926     2507    4133       0
 144   1  0.181302E+07 0.365910E+03 0.1157E+02      0 0.0000E+00       0      0      0      0     5819     353      88     205     942     2487    4073       0
 145   1  0.181555E+07 0.358259E+03 0.8674E+01      0 0.0000E+00       0      0      0      0     5950     385     106     201     924     2513    4169       0
 146   1  0.181736E+07 0.363521E+03 0.0000E+00      0 0.0000E+00       0      0      0      0     5708     366     103     183     990     2535    4118       0
 147   1  0.181765E+07 0.373137E+03 0.1409E+01      0 0.0000E+00       0      0      0      0     5982     352      76     178     896     2585    4040       0
 148   1  0.181963E+07 0.377577E+03 0.4113E+01      0 0.0000E+00       0      0      0      0     5629     357      83     192     918     2574    4064       0
 149   1  0.182443E+07 0.370296E+03 0.1145E+02      0 0.0000E+00       0      0      0      0     5900     384      91     212     999     2618    4163       0
 150   1  0.182640E+07 0.382001E+03 0.0000E+00      0 0.0000E+00       0      0      0      0     5922     360      71     199    1012     2607    4080       0
 151   1  0.183089E+07 0.398031E+03 0.0000E+00      0 0.0000E+00       0      0      0      0     5929     399      96     204     971     2707    4117       0
 152   1  0.183303E+07 0.378575E+03 0.5116E+01      0 0.0000E+00       0      0      0      0     5920     380      86     168     944     2650    4083       0
 153   1  0.183786E+07 0.374576E+03 0.1290E+02      0 0.0000E+00       0      0      0      0     5878     344      83     187     955     2654    3951       0
 154   1  0.184398E+07 0.392592E+03 0.3769E+01      0 0.0000E+00       0      0      0      0     5819     381      93     184     924     2723    4104       0
 155   1  0.185253E+07 0.411431E+03 0.0000E+00      0 0.0000E+00       0      0      0      0     5891     338      88     188     912     2817    4204       0
 156   1  0.185961E+07 0.388591E+03 0.2210E+01      0 0.0000E+00       0      0      0      0     5958     363      85     177     905     2749    4098       0
 157   1  0.186769E+07 0.383970E+03 0.1367E+02      0 0.0000E+00       0      0      0      0     6050     364      89     221    1001     2749    4168       0
 158   1  0.187127E+07 0.378210E+03 0.7592E+01      0 0.0000E+00       0      0      0      0     5975     364      78     181     944     2769    3994       0
 159   1  0.187650E+07 0.401827E+03 0.3700E+01      0 0.0000E+00       0      0      0      0     6099     357      87     177     998     2780    4100       0
 160   1  0.187857E+07 0.400992E+03 0.2890E+01      0 0.0000E+00       0      0      0      0     6031     379      78     205     862     2808    3992       0
 161   1  0.188214E+07 0.397337E+03 0.2382E+02      0 0.0000E+00       0      0      0      0     5894     376      94     195     955     2836    4048       0
 162   1  0.188495E+07 0.387967E+03 0.8960E+01      0 0.0000E+00       0      0      0      0     5940     372      77     195     895     2865    4019       0
 163   1  0.188937E+07 0.396117E+03 0.1518E+02      0 0.0000E+00       0      0      0      0     5957     365      84     185     971     2836    4138       0
 164   1  0.189391E+07 0.379810E+03 0.1590E+02      0 0.0000E+00       0      0      0      0     6034     350      94     181     945     2737    4074       0
 165   1  0.189677E+07 0.399641E+03 0.9440E+01      0 0.0000E+00       0      0      0      0     6024     343      86     182     947     2819    4110       0
 166   1  0.190122E+07 0.387532E+03 0.8739E+01      0 0.0000E+00       0      0      0      0     6096     342      81     168     942     2828    4027       0
 167   1  0.190506E+07 0.404624E+03 0.1158E+02      0 0.0000E+00       0      0      0      0     6060     342     101     220     967     2883    4119       0
 168   1  0.190728E+07 0.423482E+03 0.1873E+02      0 0.0000E+00       0      0      0      0     6000     313      72     185     906     2964    4017       0
 169   1  0.191119E+07 0.402375E+03 0.0000E+00      0 0.0000E+00       0      0      0      0     6029     327      86     177     941     2825    3957       0
 170   1  0.191517E+07 0.410872E+03 0.2476E+01      0 0.0000E+00       0      0      0      0     6111     339      86     181     926     2915    3937       0
 171   1  0.191958E+07 0.416933E+03 0.6405E+01      0 0.0000E+00       0      0      0      0     6129     361      79     180     956     3023    4095       0
 172   1  0.192235E+07 0.421697E+03 0.0000E+00      0 0.0000E+00       0      0      0      0     6073     363      68     191     924     3006    4155       0
 173   1  0.192734E+07 0.457426E+03 0.1582E+02      0 0.0000E+00       0      0      0      0     5978     330      91     188     939     3191    4036       0
 174   1  0.193081E+07 0.423680E+03 0.0000E+00      0 0.0000E+00       0      0      0      0     6020     374      59     168     912     3076    4148       0
 175   1  0.193686E+07 0.440169E+03 0.0000E+00      0 0.0000E+00       0      0      0      0     6130     326      70     193     983     3104    4125       0
 176   1  0.193921E+07 0.421707E+03 0.8876E+01      0 0.0000E+00       0      0      0      0     6078     352      81     177     918     3086    4026       0
 177   1  0.194456E+07 0.439896E+03 0.6955E+01      0 0.0000E+00       0      0      0      0     6102     341      81     173     962     3184    4070       0
 178   1  0.194658E+07 0.433773E+03 0.0000E+00      0 0.0000E+00       0      0      0      0     6123     312      84     155     890     3133    3922       0
 179   1  0.195264E+07 0.435062E+03 0.2972E+01      0 0.0000E+00       0      0      0      0     6211     350      86     171     957     3143    4186       0
 180   1  0.195842E+07 0.440316E+03 0.0000E+00      0 0.0000E+00       0      0      0      0     6232     328      80     201     977     3214    4086       0
 181   1  0.196170E+07 0.463514E+03 0.0000E+00      0 0.0000E+00       0      0      0      0     6139     377      89     180     884     3336    4025       0
 182   1  0.196632E+07 0.448414E+03 0.6259E+01      0 0.0000E+00       0      0      0      0     6277     354      84     167     860     3311    4012       0
 183   1  0.197098E+07 0.448680E+03 0.6837E+01      0 0.0000E+00       0      0      0      0     6199     368      84     169     919     3293    3997       0
 184   1  0.197472E+07 0.457268E+03 0.9775E+01      0 0.0000E+00       0      0      0      0     6256     366      87     184     865     3271    4047       0
 185   1  0.197939E+07 0.471932E+03 0.4798E+01      0 0.0000E+00       0      0      0      0     6154     351      84     170     922     3390    4095       0
 186   1  0.198507E+07 0.444205E+03 0.5554E+01      0 0.0000E+00       0      0      0      0     6193     382      73     184     928     3258    4065       0
 187   1  0.198802E+07 0.452633E+03 0.7201E+01      0 0.0000E+00       0      0      0      0     6148     319      79     174     886     3390    3981       0
 188   1  0.199444E+07 0.449596E+03 0.0000E+00      0 0.0000E+00       0      0      0      0     6313     383      77     159     892     3332    4060       0
 189   1  0.200040E+07 0.467516E+03 0.9276E+01      0 0.0000E+00       0      0      0      0     6232     335      79     189     984     3446    4002       0
 190   1  0.200288E+07 0.466369E+03 0.1197E+02      0 0.0000E+00       0      0      0      0     6300     319      75     164     892     3416    3987       0
 191   1  0.200641E+07 0.478324E+03 0.2189E+01      0 0.0000E+00       0      0      0      0     6288     340      77     180     942     3580    4033       0
 192   1  0.201504E+07 0.452353E+03 0.4115E+01      0 0.0000E+00       0      0      0      0     6139     372      90     207     906     3432    4156       0
 193   1  0.202100E+07 0.482000E+03 0.0000E+00      0 0.0000E+00       0      0      0      0     6387     331      73     203     960     3567    4073       0
 194   1  0.202459E+07 0.493684E+03 0.1472E+02      0 0.0000E+00       0      0      0      0     6188     308      90     172     902     3696    3989       0
 195   1  0.202887E+07 0.484761E+03 0.7789E+01      0 0.0000E+00       0      0      0      0     6347     329      66     134     938     3650    3907       0
 196   1  0.203289E+07 0.486156E+03 0.3527E+01      0 0.0000E+00       0      0      0      0     6136     314      78     160     956     3633    4095       0
 197   1  0.204073E+07 0.492121E+03 0.5426E+01      0 0.0000E+00       0      0      0      0     6282     328      79     184     892     3626    4033       0
 198   1  0.204579E+07 0.490036E+03 0.0000E+00      0 0.0000E+00       0      0      0      0     6454     321      89     186     880     3607    3999       0
 199   1  0.205157E+07 0.491963E+03 0.1121E+02      0 0.0000E+00       0      0      0      0     6441     347      88     166     898     3693    4089       0
 200   1  0.205505E+07 0.496913E+03 0.1849E+02      0 0.0000E+00       0      0      0      0     6442     341      81     172     941     3702    4082       0
 201   1  0.205922E+07 0.500994E+03 0.6120E+01      0 0.0000E+00       0      0      0      0     6366     324      84     166     891     3728    3976       0
 202   1  0.206599E+07 0.508535E+03 0.0000E+00      0 0.0000E+00       0      0      0      0     6372     298      76     162     947     3714    4076       0
 203   1  0.207103E+07 0.510970E+03 0.9872E+01      0 0.0000E+00       0      0      0      0     6397     354      59     172     929     3730    4031       0
 204   1  0.207575E+07 0.514814E+03 0.5385E+01      0 0.0000E+00       0      0      0      0     6340     330      54     150     905     3815    4121       0
 205   1  0.208219E+07 0.516099E+03 0.6966E+01      0 0.0000E+00       0      0      0      0     6233     309      61     149     916     3870    3984       0
 206   1  0.209195E+07 0.523802E+03 0.0000E+00      0 0.0000E+00       0      0      0      0     6474     328      64     167     897     3909    4046       0
 207   1  0.210122E+07 0.525056E+03 0.0000E+00      0 0.0000E+00       0      0      0      0     6499     340      83     174     965     3915    4073       0
 208   1  0.211225E+07 0.529076E+03 0.5055E+01      0 0.0000E+00       0      0      0      0     6592     334      95     187     959     3901    4174       0
 209   1  0.211975E+07 0.552078E+03 0.7434E+01      0 0.0000E+00       0      0      0      0     6576     365      74     166     998     4045    4079       0
 210   1  0.212663E+07 0.532326E+03 0.1373E+02      0 0.0000E+00       0      0      0      0     6640     322      78     158     892     4065    3931       0
 211   1  0.213474E+07 0.525318E+03 0.0000E+00      0 0.0000E+00       0      0      0      0     6540     330      54     163     913     3989    4090       0
 212   1  0.214565E+07 0.548690E+03 0.1982E+02      0 0.0000E+00       0      0      0      0     6663     335      62     161     955     4132    4186       0
 213   1  0.215340E+07 0.549121E+03 0.2322E+02      0 0.0000E+00       0      0      0      0     6680     334      83     178     870     4210    3994       0
 214   1  0.216346E+07 0.534608E+03 0.0000E+00      0 0.0000E+00       0      0      0      0     6758     351      86     172     969     4119    4219       0
 215   1  0.217090E+07 0.547618E+03 0.9433E+01      0 0.0000E+00       0      0      0      0     6763     308      71     184     896     4137    4212       0
 216   1  0.217870E+07 0.572605E+03 0.4528E+01      0 0.0000E+00       0      0      0      0     6728     332      68     164     928     4382    3998       0
 217   1  0.218507E+07 0.570217E+03 0.0000E+00      0 0.0000E+00       0      0      0      0     6581     336      81     162     890     4297    4033       0
 218   1  0.219454E+07 0.580302E+03 0.1486E+02      0 0.0000E+00       0      0      0      0     6541     334      75     155     900     4362    3998       0
 219   1  0.220553E+07 0.596529E+03 0.7024E+01      0 0.0000E+00       0      0      0      0     6540     310      71     154     918     4445    4056       0
 220   1  0.221796E+07 0.590560E+03 0.7949E+01      0 0.0000E+00       0      0      0      0     6682     294      77     154     997     4365    4079       0
 221   1  0.222775E+07 0.608604E+03 0.2597E+02      0 0.0000E+00       0      0      0      0     6638     339      77     172     930     4572    4156       0
 222   1  0.223895E+07 0.608283E+03 0.8544E+01      0 0.0000E+00       0      0      0      0     6819     348      71     142     950     4618    4181       0
 223   1  0.224833E+07 0.590233E+03 0.6609E+01      0 0.0000E+00       0      0      0      0     6726     308      51     173     953     4548    4060       0
 224   1  0.225759E+07 0.611901E+03 0.6356E+01      0 0.0000E+00       0      0      0      0     6809     370      79     174     920     4594    4208       0
 225   1  0.226631E+07 0.623476E+03 0.0000E+00      0 0.0000E+00       0      0      0      0     6818     305      67     158     917     4802    4165       0
 226   1  0.227833E+07 0.619142E+03 0.1553E+02      0 0.0000E+00       0      0      0      0     6848     321      67     192     954     4710    4199       0
 227   1  0.228866E+07 0.618264E+03 0.0000E+00      0 0.0000E+00       0      0      0      0     6897     335      70     162    1027     4837    4205       0
 228   1  0.229723E+07 0.638606E+03 0.0000E+00      0 0.0000E+00       0      0      0      0     6756     336      71     149     852     4989    3968       0
 229   1  0.231189E+07 0.650649E+03 0.0000E+00      0 0.0000E+00       0      0      0      0     6951     297      73     168     942     4975    4193       0
 230   1  0.232397E+07 0.654310E+03 0.8381E+01      0 0.0000E+00       0      0      0      0     6955     310      75     142     927     5085    4116       0
 231   1  0.233840E+07 0.663501E+03 0.3652E+01      0 0.0000E+00       0      0      0      0     6833     323      78     150     924     5004    4195       0
 232   1  0.235296E+07 0.677016E+03 0.1238E+02      0 0.0000E+00       0      0      0      0     6977     308      77     161     886     5201    4232       0
 233   1  0.236814E+07 0.656013E+03 0.1476E+02      0 0.0000E+00       0      0      0      0     7029     327      65     155     922     5094    4215       0
 234   1  0.238313E+07 0.686483E+03 0.0000E+00      0 0.0000E+00       0      0      0      0     6848     309      57     119     895     5326    4107       0
 235   1  0.240112E+07 0.667028E+03 0.2044E+01      0 0.0000E+00       0      0      0      0     6992     351      67     147     892     5299    4172       0
 236   1  0.241574E+07 0.681874E+03 0.1346E+02      0 0.0000E+00       0      0      0      0     6903     309      55     139     917     5348    4154       0
 237   1  0.243625E+07 0.710738E+03 0.0000E+00      0 0.0000E+00       0      0      0      0     6937     331      59     146     927     5455    4203       0
 238   1  0.245470E+07 0.692126E+03 0.2075E+02      0 0.0000E+00       0      0      0      0     7040     306      59     137     938     5401    4219       0
 239   1  0.247328E+07 0.724809E+03 0.5997E+01      0 0.0000E+00       0      0      0      0     6979     316      61     160     885     5540    4228       0
 240   1  0.249432E+07 0.723248E+03 0.3918E+01      0 0.0000E+00       0      0      0      0     7019     326      56     157     844     5612    4206       0
 241   1  0.251625E+07 0.722095E+03 0.0000E+00      0 0.0000E+00       0      0      0      0     6980     304      60     160     967     5574    4235       0
 242   1  0.253849E+07 0.724598E+03 0.1279E+02      0 0.0000E+00       0      0      0      0     7107     310      60     134     933     5558    4329       0
 243   1  0.256271E+07 0.732186E+03 0.0000E+00      0 0.0000E+00       0      0      0      0     7113     317      55     135     922     5677    4267       0
 244   1  0.258955E+07 0.740833E+03 0.1032E+02      0 0.0000E+00       0      0      0      0     7278     313      52     156     993     5807    4344       0
 245   1  0.261378E+07 0.748276E+03 0.7100E+01      0 0.0000E+00       0      0      0      0     7221     355      74     146     908     5817    4341       0
 246   1  0.264250E+07 0.767914E+03 0.6740E+01      0 0.0000E+00       0      0      0      0     7329     347      61     146     966     5942    4443       0
 247   1  0.266976E+07 0.749782E+03 0.3649E+01      0 0.0000E+00       0      0      0      0     7324     308      71     149     982     5970    4471       0
 248   1  0.269769E+07 0.774988E+03 0.0000E+00      0 0.0000E+00       0      0      0      0     7249     314      55     149     934     6034    4371       0
 249   1  0.273084E+07 0.780816E+03 0.1872E+01      0 0.0000E+00       0      0      0      0     7435     325      60     135    1019     6120    4451       0
 250   1  0.276451E+07 0.789805E+03 0.1908E+01      0 0.0000E+00       0      0      0      0     7374     354      60     131     918     6202    4470       0
 251   1  0.280010E+07 0.816520E+03 0.2134E+01      0 0.0000E+00       0      0      0      0     7438     315      63     147     976     6354    4541       0
 252   1  0.283615E+07 0.784627E+03 0.6661E+01      0 0.0000E+00       0      0      0      0     7386     303      66     119     961     6294    4441       0
 253   1  0.287696E+07 0.811909E+03 0.0000E+00      0 0.0000E+00       0      0      0      0     7623     317      69     135    1024     6302    4529       0
 254   1  0.292105E+07 0.833430E+03 0.6605E+01      0 0.0000E+00       0      0      0      0     7701     338      62     140     983     6552    4696       0
 255   1  0.296602E+07 0.842283E+03 0.5697E+01      0 0.0000E+00       0      0      0      0     7713     359      54     150     987     6564    4652       0
 256   1  0.301425E+07 0.842557E+03 0.1509E+02      0 0.0000E+00       0      0      0      0     7779     303      55     159    1030     6559    4847       0
 257   1  0.306671E+07 0.914791E+03 0.8506E+01      0 0.0000E+00       0      0      0      0     7873     357      65     151     967     7123    4812       0
 258   1  0.312321E+07 0.863301E+03 0.1839E+02      0 0.0000E+00       0      0      0      0     8208     360      77     143    1083     6874    5081       0
 259   1  0.318163E+07 0.894476E+03 0.0000E+00      0 0.0000E+00       0      0      0      0     8180     339      69     139    1034     6984    4973       0
 260   1  0.324663E+07 0.904698E+03 0.1250E+02      0 0.0000E+00       0      0      0      0     8360     377      65     124    1022     7190    4969       0
 261   1  0.331759E+07 0.943854E+03 0.4575E+01      0 0.0000E+00       0      0      0      0     8574     322      75     159    1070     7447    5170       0
 262   1  0.339652E+07 0.991524E+03 0.0000E+00      0 0.0000E+00       0      0      0      0     8905     367      78     151    1093     7621    5261       0
 263   1  0.347903E+07 0.980154E+03 0.8321E+01      0 0.0000E+00       0      0      0      0     9083     349      68     134    1046     7632    5263       0
 264   1  0.357404E+07 0.970694E+03 0.8142E+01      0 0.0000E+00       0      0      0      0     9368     345      63     123    1106     7580    5231       0
 265   1  0.368054E+07 0.990030E+03 0.0000E+00      0 0.0000E+00       0      0      0      0    10189     343      63     115    1118     7793    5359       0
 266   1  0.380082E+07 0.100569E+04 0.1353E+02      0 0.0000E+00       0      0      0      0    10568     390      70     141    1162     7834    5721       0
 267   1  0.393798E+07 0.102276E+04 0.1242E+02      0 0.0000E+00       0      0      0      0    11824     351      55     116    1174     8019    5696       0
 268   1  0.409638E+07 0.103157E+04 0.1149E+02      0 0.0000E+00       0      0      0      0    13119     378      55     141    1191     8134    6014       0
 269   1  0.428116E+07 0.105128E+04 0.1635E+02      0 0.0000E+00       0      0      0      0    15548     381      53     108    1248     8170    6362       0
 270   1  0.449962E+07 0.105261E+04 0.1428E+02      0 0.0000E+00       0      0      0      0    19448     381      72     107    1353     8336    6728       0
 271   1  0.475581E+07 0.103777E+04 0.5384E+02      0 0.0000E+00       0      0      0      0    25923     388      59     102    1286     8131    7110       0
 272   1  0.505611E+07 0.102774E+04 0.4463E+02      0 0.0000E+00       0      0      0      0    36709     376      50     118    1170     8049    7678       0
 273   1  0.539968E+07 0.999255E+03 0.2622E+02      0 0.0000E+00       0      0      0      0    54753     338      40      80    1152     8028    8305       0
 274   1  0.576758E+07 0.974513E+03 0.7022E+02      0 0.0000E+00       0      0      0      0    83717     343      40      56     996     7565    9594       0
 275   1  0.610267E+07 0.921803E+03 0.8614E+02      0 0.0000E+00       0      0      0      0   125574     304      35      49     951     7051   11414       0
 276   1  0.630966E+07 0.830711E+03 0.4596E+02      0 0.0000E+00       0      0      0      0   177159     259      21      37     804     6438   12968       0
 277   1  0.628399E+07 0.714120E+03 0.7263E+02      0 0.0000E+00       0      0      0      0   230095     223      24      32     618     5619   14280       0
 278   1  0.594599E+07 0.567966E+03 0.3933E+02      0 0.0000E+00       0      0      0      0   275412     169      11      26     526     4583   15269       0
 279   1  0.525851E+07 0.432007E+03 0.6191E+02      0 0.0000E+00       0      0      0      0   297542     123      13      13     396     3425   14864       0
 280   1  0.427661E+07 0.325348E+03 0.5964E+02      0 0.0000E+00       0      0      0      0   286795      91       6       6     239     2524   13182       0
 281   1  0.317613E+07 0.234229E+03 0.2259E+02      0 0.0000E+00       0      0      0      0   245156      62       4       6     182     1857   10654       0
 282   1  0.212913E+07 0.157238E+03 0.0000E+00      0 0.0000E+00       0      0      0      0   187209      40       9       4     139     1213    8005       0
 283   1  0.127627E+07 0.102171E+03 0.3495E+02      0 0.0000E+00       0      0      0      0   124511      27      15       8      93      809    5184       0
 284   1  0.685151E+06 0.790508E+02 0.1830E+02      0 0.0000E+00       0      0      0      0    73578      29       9       6      81      638    3210       0
 285   1  0.326998E+06 0.679619E+02 0.0000E+00      0 0.0000E+00       0      0      0      0    37828      34       2      10      77      540    1798       0
 286   1  0.139858E+06 0.617773E+02 0.8206E+01      0 0.0000E+00       0      0      0      0    17030      36       8       6      83      450    1064       0
 287   1  0.570905E+05 0.602988E+02 0.7301E+01      0 0.0000E+00       0      0      0      0     6764      27       9       4      82      449     789       0
 288   1  0.255094E+05 0.607676E+02 0.0000E+00      0 0.0000E+00       0      0      0      0     2548      31      12       4      76      449     672       0
 289   1  0.143545E+05 0.600205E+02 0.8053E+01      1 0.1061E+02       0      0      0      0      983      28       6       4      64      430     561       0
 290   1  0.118756E+05 0.591953E+02 0.0000E+00      0 0.0000E+00       0      0      0      0      564      23       6       4     106      439     599       0
 291   1  0.112901E+05 0.598174E+02 0.0000E+00      0 0.0000E+00       0      0      0      0      468      33      12       2      93      452     572       0
 292   1  0.110505E+05 0.537090E+02 0.0000E+00      0 0.0000E+00       0      0      0      0      436      34      14       4      80      420     587       0
 293   1  0.107819E+05 0.537363E+02 0.0000E+00      0 0.0000E+00       0      0      0      0      422      23      10       5      90      444     582       0
 294   1  0.108785E+05 0.492627E+02 0.7625E+01      0 0.0000E+00       0      0      0      0      398      30       8       2      92      383     573       0
 295   1  0.108033E+05 0.553008E+02 0.0000E+00      0 0.0000E+00       0      0      0      0      425      28       8      10      72      422     541       0
 296   1  0.111160E+05 0.582773E+02 0.0000E+00      0 0.0000E+00       0      0      0      0      403      35      13       6      88      423     571       0
 297   1  0.105026E+05 0.566924E+02 0.0000E+00      0 0.0000E+00       0      0      0      0      405      17      11       5      69      410     570       0
 298   1  0.106760E+05 0.609658E+02 0.6373E+01      0 0.0000E+00       0      0      0      0      392      17      13       3      89      419     528       0
 299   1  0.105216E+05 0.548613E+02 0.0000E+00      0 0.0000E+00       0      0      0      0      380      29       7       7      75      387     553       0
 300   1  0.106017E+05 0.491143E+02 0.9261E+01      0 0.0000E+00       0      0      0      0      391      30       5       3      90      380     538       0
 301   0  0.000000E+00 0.000000E+00 0.0000E+00      0 0.0000E+00       0      0      0      0        0       0       0       0       0        0       0       0
  SUMM:   0.588755E+09 0.123496E+06 0.2500E+04     19 0.1518E+03       0      0      0      0  3848686  100326   23259   49851  262809   891600 1253865       0
 ZONE  MED     C10     C11     N12     N13     O13     O14     O15     F17     F18
    1    1     112     238       0     102       0      28     543       0       0
    2    1      84     235       0     122       0      25     569       0       0
    3    1      81     225       0     122       0      26     539       0       0
    4    1     113     227       0     107       0      31     537       0       0
    5    1     127     252       0      98       0      24     571       0       0
    6    1     112     224       0      99       0      41     563       0       0
    7    1      80     217       0      89       0      25     576       0       0
    8    1      74     246       0     107       1      27     587       0       0
    9    1      96     231       0     100       0      40     539       0       0
   10    1     102     222       0     110       0      21     529       0       0
   11    1      90     261       0      88       0      38     553       0       0
   12    1     102     255       0      96       2      22     534       0       0
   13    1     101     226       0     122       0      44     535       0       0
   14    1      92     242       1     109       0      23     560       0       0
   15    1      89     249       0      92       1      30     624       0       0
   16    1      99     257       0     113       0      25     537       0       0
   17    1     101     261       0     101       0      36     574       0       0
   18    1      89     232       0     115       0      34     540       0       0
   19    1      90     268       0      96       0      26     599       0       0
   20    1      79     238       0      99       1      29     580       0       0
   21    1      80     259       0     111       1      52     549       0       0
   22    1     114     240       0      92       0      23     592       2       0
   23    1     102     225       0     101       0      24     571       1       0
   24    1      91     254       0     115       1      25     538       0       0
   25    1     102     260       0     111       2      24     631       0       0
   26    1     112     266       0      96       2      43     575       0       1
   27    1     101     234       0     115       1      34     557       0       0
   28    1     100     245       0     102       1      32     577       0       0
   29    1     100     250       0      98       1      30     586       0       0
   30    1     100     267       0     114       1      29     535       0       0
   31    1     101     243       0     102       0      30     591       0       0
   32    1      86     227       0     102       1      34     592       0       0
   33    1     107     246       0     115       1      33     606       1       0
   34    1      98     246       0     122       0      33     566       0       0
   35    1      92     220       0     107       3      35     622       0       0
   36    1     113     264       0     121       0      29     570       0       0
   37    1      98     262       0     100       1      30     581       0       0
   38    1      95     246       0     106       3      29     576       0       0
   39    1      76     238       0      94       0      18     574       0       0
   40    1     100     261       0      98       0      31     558       0       0
   41    1      99     282       0     114       0      43     574       0       0
   42    1     121     274       0     122       1      30     563       0       0
   43    1      95     244       0     117       1      32     627       0       0
   44    1      90     234       0     115       2      37     596       0       0
   45    1     101     256       0     124       0      38     581       0       0
   46    1      89     237       0     102       1      18     570       0       0
   47    1     114     238       0     114       2      36     595       0       0
   48    1      98     222       0     113       0      24     597       0       0
   49    1      91     243       0     110       3      32     577       0       0
   50    1      84     282       0     121       1      22     549       0       0
   51    1      94     237       0     110       2      37     602       0       0
   52    1      97     252       0     101       1      24     582       0       0
   53    1      82     280       0     112       1      23     537       0       0
   54    1     103     243       1     148       1      33     623       0       0
   55    1     115     245       0      96       1      28     595       0       0
   56    1      99     237       0     112       1      43     594       0       0
   57    1     101     231       0     111       2      21     593       0       0
   58    1      98     236       0     111       1      34     602       0       0
   59    1     100     255       0     112       0      32     587       0       0
   60    1     105     280       0     119       1      25     565       0       0
   61    1      89     280       0     127       2      35     601       1       1
   62    1      82     236       0     114       1      37     621       0       0
   63    1     104     242       0      99       0      37     572       0       0
   64    1      98     252       0     111       0      33     554       0       0
   65    1     108     264       0     108       1      29     583       1       0
   66    1     108     253       0      93       0      30     543       0       0
   67    1      92     246       0     112       2      22     625       1       0
   68    1      94     237       0     103       0      29     579       0       0
   69    1      83     261       0     116       1      32     643       0       0
   70    1     107     242       0     113       0      19     642       0       0
   71    1      93     239       1      93       1      41     588       0       0
   72    1      99     244       0     103       1      34     624       0       0
   73    1     106     226       0      98       1      19     553       0       0
   74    1      97     256       0      99       0      28     607       0       0
   75    1     106     223       0     101       1      34     576       0       0
   76    1      86     260       0     111       0      37     583       0       0
   77    1     107     259       0      88       0      26     600       0       0
   78    1     103     254       0      98       3      27     605       0       0
   79    1     101     262       0     115       1      42     599       0       0
   80    1      85     232       0     118       0      29     635       0       0
   81    1     119     242       0     106       1      23     652       0       0
   82    1     101     251       0      94       1      38     615       0       0
   83    1      89     229       0      99       1      28     596       1       0
   84    1     108     224       0     125       1      39     593       1       1
   85    1     107     274       0     104       0      28     591       0       0
   86    1      92     257       0     105       1      26     645       0       0
   87    1      96     260       0     106       0      39     605       1       0
   88    1      82     259       0      92       1      40     630       0       0
   89    1     108     252       0     113       1      39     613       0       0
   90    1      97     276       0     100       4      29     544       0       0
   91    1      98     222       0     107       2      30     670       0       0
   92    1     103     274       0     120       0      18     633       0       0
   93    1      93     247       0      96       3      29     610       0       0
   94    1     111     275       0     111       1      38     547       0       1
   95    1      87     254       0     102       1      28     652       0       1
   96    1      99     279       0     112       1      25     627       0       0
   97    1     106     248       0      99       0      37     604       0       0
   98    1      78     243       0     127       1      29     617       0       1
   99    1      97     256       0     108       0      26     627       1       0
  100    1     100     221       0     101       2      29     559       0       0
  101    1     107     224       0     115       1      27     643       0       0
  102    1     105     282       0     100       0      25     616       0       0
  103    1      90     256       0     113       1      29     578       0       0
  104    1     100     245       0     114       2      28     626       0       0
  105    1      90     246       0     116       1      31     618       0       0
  106    1      89     255       0     104       0      30     610       0       0
  107    1     110     246       0     134       0      28     596       0       0
  108    1     101     255       0     130       3      28     596       0       0
  109    1      92     250       0     100       2      21     583       0       0
  110    1      98     270       0     112       1      30     598       0       0
  111    1     101     273       0     103       1      28     597       0       0
  112    1     105     226       0      92       0      26     620       0       0
  113    1     106     239       0     133       2      33     590       0       0
  114    1      80     269       0     111       0      31     644       0       0
  115    1     114     265       0     108       2      37     586       0       0
  116    1     112     242       0     101       0      34     601       0       0
  117    1     111     244       0      88       0      34     626       0       0
  118    1     109     242       0     108       1      29     590       0       0
  119    1     100     271       0     111       0      30     619       0       0
  120    1      94     243       0     102       1      29     586       0       0
  121    1      96     230       0     111       0      37     630       1       0
  122    1      95     256       0     121       1      30     619       0       0
  123    1      88     275       0     100       0      31     588       0       1
  124    1     103     238       0     102       1      31     598       0       0
  125    1      96     233       0     114       1      34     627       0       2
  126    1     107     219       0     100       1      31     577       1       0
  127    1     107     239       0     128       0      44     580       0       1
  128    1     103     242       0     114       1      28     620       0       0
  129    1      95     261       0      96       1      24     630       0       1
  130    1      96     244       0      94       1      38     608       0       0
  131    1     120     255       0      92       0      30     580       0       0
  132    1      96     277       0     103       1      31     578       0       0
  133    1      88     197       0     100       2      37     610       0       0
  134    1      80     228       0     102       1      35     583       0       0
  135    1      95     252       0     107       3      38     602       0       1
  136    1     101     259       0     105       2      26     632       0       0
  137    1     101     244       0     116       2      26     643       0       0
  138    1      73     247       0     104       1      34     626       0       0
  139    1     108     219       0     103       2      31     602       0       0
  140    1     102     242       0      98       0      26     650       0       0
  141    1      74     249       0     111       1      30     616       2       1
  142    1      93     229       0     111       2      39     589       0       0
  143    1      90     260       0      90       2      41     645       0       0
  144    1      86     271       0     105       0      26     630       1       0
  145    1      97     262       0     103       1      37     633       0       0
  146    1      92     234       0     106       1      35     603       0       0
  147    1      92     269       0     125       2      28     589       0       1
  148    1      92     240       0     117       0      28     624       0       0
  149    1     112     271       0     113       0      32     607       1       0
  150    1     110     244       0     115       0      29     621       0       0
  151    1      84     253       0     117       0      39     603       0       0
  152    1      91     203       0     109       0      34     611       0       0
  153    1      92     247       0     108       1      26     620       0       0
  154    1     100     256       0     110       2      30     619       0       0
  155    1      99     250       0     113       2      37     618       0       0
  156    1     110     235       0     118       0      22     616       0       0
  157    1      96     242       0     113       0      33     643       0       0
  158    1      95     242       0     119       0      37     623       0       0
  159    1      80     221       0     109       3      31     623       0       0
  160    1      90     243       0     103       1      44     576       0       0
  161    1      88     253       0     125       0      29     618       0       0
  162    1      88     221       0     105       2      26     608       0       0
  163    1      96     249       0      93       1      30     668       0       0
  164    1      84     259       0     104       1      38     626       0       0
  165    1     100     237       0     108       0      29     629       0       0
  166    1      97     246       0     109       1      26     566       0       1
  167    1     105     261       0     100       1      16     585       0       0
  168    1      69     236       0      97       2      28     614       0       0
  169    1      97     219       0     108       2      26     643       0       0
  170    1     100     255       0     100       1      32     621       0       0
  171    1     101     250       0     118       2      30     629       1       0
  172    1      89     237       0     102       2      26     654       0       0
  173    1      81     250       0     100       0      35     577       0       0
  174    1      82     255       0      94       1      31     619       0       0
  175    1     100     240       0     123       0      47     644       0       0
  176    1      85     261       0      86       0      30     612       0       0
  177    1      81     245       0     113       2      39     609       1       0
  178    1      77     234       0     111       0      40     578       0       0
  179    1      96     254       0     109       1      38     614       1       0
  180    1     104     254       0     110       0      25     599       0       0
  181    1      82     235       0      98       1      33     677       1       0
  182    1     100     244       0     109       3      27     609       0       0
  183    1      99     248       0     106       0      27     601       0       1
  184    1      88     233       0     120       1      41     640       0       0
  185    1      80     243       0     116       1      33     655       0       0
  186    1      98     244       0     112       0      36     588       0       1
  187    1     103     226       0      92       1      36     609       0       0
  188    1      81     221       0     118       0      26     669       0       0
  189    1      95     220       0     112       0      32     577       0       0
  190    1      99     225       0     104       1      25     623       0       1
  191    1     100     246       0     126       1      25     588       0       0
  192    1      82     234       0     113       0      37     657       0       0
  193    1      82     249       0     114       2      27     606       0       0
  194    1      89     241       0      95       3      30     591       0       1
  195    1      78     226       0     102       0      32     567       0       0
  196    1      81     278       0     102       3      37     626       0       0
  197    1      83     216       0     101       2      28     610       0       0
  198    1      96     231       0     106       1      31     574       0       0
  199    1      89     237       0     105       2      32     592       0       0
  200    1      89     272       0      99       0      30     586       1       1
  201    1      96     216       0     109       0      27     645       1       0
  202    1      96     259       0     108       2      25     682       0       0
  203    1      89     224       0     105       1      30     627       0       0
  204    1      79     230       0     131       1      40     659       1       0
  205    1     103     217       0     102       1      28     632       0       0
  206    1     101     208       0     106       0      38     638       0       0
  207    1      90     218       0      95       2      32     670       0       0
  208    1      83     246       0     120       1      33     613       0       0
  209    1      80     255       0     129       1      38     578       0       0
  210    1      84     220       0      97       0      27     611       0       0
  211    1      79     220       0     114       0      29     604       0       0
  212    1      88     252       0     101       0      30     653       0       2
  213    1      76     221       0     120       1      19     610       0       0
  214    1      92     236       0     118       2      31     661       0       0
  215    1      87     231       0     123       2      23     676       0       0
  216    1      83     218       0      98       0      37     588       0       0
  217    1      66     242       0      92       0      27     611       0       0
  218    1      78     246       0      91       3      28     627       0       0
  219    1      97     241       0     104       2      25     634       1       0
  220    1     102     228       0     109       2      37     632       0       0
  221    1      82     251       0     102       1      34     635       0       0
  222    1      69     244       0     116       0      34     630       0       0
  223    1      78     231       0     126       2      29     600       0       0
  224    1      74     225       0     108       0      29     695       0       0
  225    1      66     229       0      84       1      37     639       0       0
  226    1      83     224       0     101       1      37     634       0       0
  227    1      72     211       0     131       1      39     633       0       0
  228    1      72     246       0      98       2      30     636       0       0
  229    1      69     212       0     121       3      28     642       0       1
  230    1      72     216       0     107       1      21     720       0       0
  231    1      77     219       0     103       2      44     680       0       0
  232    1      94     206       0     112       1      27     640       0       2
  233    1      67     192       0     111       1      23     654       1       0
  234    1      64     228       0     113       0      35     638       0       0
  235    1      58     228       0     103       0      32     626       0       0
  236    1      65     217       0     102       0      29     662       0       1
  237    1      80     232       0     104       0      42     635       0       0
  238    1      74     218       0     107       1      35     685       1       1
  239    1      62     203       0     127       0      37     726       0       0
  240    1      65     202       0     122       2      36     651       0       1
  241    1      77     212       0     113       1      24     645       0       0
  242    1      87     208       0     113       6      28     705       0       0
  243    1      63     208       0     113       0      40     680       0       0
  244    1      66     202       0     120       0      27     713       1       0
  245    1      69     226       0     100       1      39     696       0       0
  246    1      78     223       0     118       0      38     758       1       0
  247    1      57     213       0     126       2      30     724       0       0
  248    1      70     183       0     119       0      32     733       0       0
  249    1      78     201       0     117       0      31     738       0       0
  250    1      66     208       0     124       0      28     735       0       1
  251    1      76     193       0      91       0      38     740       2       0
  252    1      62     193       0     117       1      26     741       0       0
  253    1      56     170       0     127       0      43     734       0       0
  254    1      75     165       0     123       0      27     800       0       0
  255    1      57     162       0     134       0      37     828       0       0
  256    1      69     184       0     139       0      22     842       0       0
  257    1      70     169       0     128       0      44     858       0       1
  258    1      64     163       0     162       0      40     910       0       0
  259    1      60     150       0     144       0      46     864       1       0
  260    1      72     162       0     134       0      54     921       0       1
  261    1      42     160       0     150       0      47     924       2       0
  262    1      47     146       0     146       0      47     963       0       0
  263    1      33     118       1     126       0      47     998       0       0
  264    1      33     132       0     136       0      46     973       0       0
  265    1      30     109       0     104       0      37    1001       0       0
  266    1      21     113       0     113       0      61    1048       0       0
  267    1      17     112       0     100       0      40    1064       2       0
  268    1      12      79       0     112       0      56    1075       1       1
  269    1      10      76       0      83       0      42    1170       0       1
  270    1       6      63       0      74       0      44    1253       0       2
  271    1       7      53       0      72       0      47    1115       1       2
  272    1       2      42       0      77       0      43    1126       0       0
  273    1       1      29       0      55       0      24    1020       0       0
  274    1       0      28       0      60       0      22     989       2       4
  275    1       2      18       0      60       0      20     843       0       0
  276    1       0       9       0      23       0      16     694       0       0
  277    1       3       8       0      47       0      14     548       2       1
  278    1       0       7       0      40       0       4     378       2       1
  279    1       3       3       0      27       0       4     282       1       1
  280    1       0       9       0      17       0       0     174       0       0
  281    1       0       3       0      15       0       0      94       0       0
  282    1       1       8       0       4       0       0      68       0       1
  283    1       2       8       0       3       0       0      33       0       0
  284    1       2       2       0       3       0       0      29       0       0
  285    1       0       9       0       4       0       0      38       0       0
  286    1       0       6       0       1       0       1      25       0       0
  287    1       0       3       0       3       0       0      17       0       0
  288    1       2       4       0       1       0       0      20       0       0
  289    1       0       0       0       2       0       0      17       0       0
  290    1       1       2       0       1       0       0      18       0       0
  291    1       3       7       0       2       0       0      29       0       0
  292    1       0       4       0       2       0       0      24       0       0
  293    1       1       4       0       3       0       0      17       0       0
  294    1       0       1       0       2       0       0      24       0       0
  295    1       0       5       0       5       0       1      27       0       0
  296    1       3       6       0       0       0       2      20       0       0
  297    1       0      10       0       3       0       2      27       0       0
  298    1       2       8       0       0       0       1      20       0       0
  299    1       1       7       0       4       0       1      24       0       0
  300    1       2       7       0       3       0       0      25       0       0
  301    0       0       0       0       0       0       0       0       0       0
   SUM ==>   24082   63559       4   30040     232    8822  179092      45      45
