19000000
400
ZONE	MED	LOSS(MEV)	(MEV)	EXCITATION	PI0	(MEV)	PI+	K+	MU-	MU+	PROT	DEUT	TRIT	HE3	ALPH	ELSC	INEL	FISS
1	1	8548780	1217,92	29,61	2	28,98	0	0	0	0	8935	1860	483	1172	5160	6797	21121	0
2	1	8639720	1228,5	44,47	4	92,91	0	0	0	0	11822	2092	557	1194	5382	7045	21119	0
3	1	8702810	1230,25	44,6	4	44,88	0	0	0	0	13327	2239	537	1196	5312	7048	21469	0
4	1	8766410	1234,15	38,72	4	44,85	0	0	0	0	14817	2299	620	1239	5379	7099	21933	0
5	1	8809590	1233,38	36,74	3	45,88	0	0	0	0	15776	2289	553	1274	5060	7152	21325	0
6	1	8856980	1268,69	19,82	6	98,74	0	0	0	0	16456	2316	599	1215	5502	7291	21847	0
7	1	8892740	1251,34	40,43	5	30,51	0	0	0	0	17206	2336	558	1172	5317	7226	21778	0
8	1	8938600	1296,01	31,64	4	29,81	0	0	0	0	17988	2386	606	1207	5547	7647	22293	0
9	1	8976930	1311,47	15,67	3	68,86	0	0	0	0	18591	2428	578	1300	5518	7764	22276	0
10	1	9013260	1321,46	24,22	3	38,55	0	0	0	0	19369	2347	607	1253	5555	7653	22273	0
11	1	9045190	1275,29	51,88	2	27,35	0	0	0	0	19552	2298	636	1303	5423	7638	22446	0
12	1	9080220	1336,52	42,79	2	44,34	0	0	0	0	20145	2392	603	1228	5629	8027	22674	0
13	1	9107790	1327,8	43,23	2	14,79	0	0	0	0	20184	2433	609	1332	5628	7900	22797	0
14	1	9138270	1357,7	27,37	4	43,69	0	0	0	0	20721	2398	595	1286	5465	7876	22750	0
15	1	9169760	1354,55	43,78	4	64,74	0	0	0	0	21379	2418	618	1290	5579	8064	22827	0
16	1	9188980	1346,53	49,92	4	36,44	0	0	0	0	21425	2323	608	1208	5478	8122	22879	0
17	1	9218810	1345,84	47,48	3	58,78	0	0	0	0	21821	2319	547	1212	5660	8129	22965	0
18	1	9248150	1361,68	26,01	3	31,93	0	0	0	0	22018	2413	619	1226	5640	8277	22903	0
19	1	9271340	1403,61	68,37	0	0	0	0	0	0	22344	2334	597	1262	5673	8306	23207	0
20	1	9296790	1442,38	23,25	0	0	0	0	0	0	22774	2356	586	1211	5540	8493	22888	0
21	1	9324150	1449,38	12,4	4	43,44	0	0	0	0	22826	2376	611	1279	5454	8673	23201	0
22	1	9347420	1425,95	63,49	2	34,22	0	0	0	0	23497	2267	587	1266	5650	8628	23386	0
23	1	9370560	1443,45	32,03	2	31,96	0	0	0	0	22983	2309	633	1230	5608	8606	23553	0
24	1	9398250	1468,99	47,36	1	1,755	0	0	0	0	23607	2429	633	1215	5588	8579	23445	0
25	1	9423790	1452,33	51,56	1	25,4	0	0	0	0	23793	2488	574	1239	5855	8722	23528	0
26	1	9448790	1464,69	59,82	1	2,212	0	0	0	0	24227	2415	582	1299	5709	8869	23322	0
27	1	9476270	1455,67	67,12	1	6,287	0	0	0	0	24357	2375	600	1294	5953	8876	23583	0
28	1	9500070	1495,94	54,37	1	6,781	0	0	0	0	24754	2476	555	1299	5831	8923	24017	0
29	1	9515680	1480,05	36,14	2	15,82	0	0	0	0	24592	2332	592	1216	5582	9001	23374	0
30	1	9540010	1470,74	11,41	3	59,18	0	0	0	0	25177	2402	567	1227	5626	8974	23589	0
31	1	9567510	1487,99	51,06	2	26,42	0	0	0	0	25341	2405	582	1273	5686	9075	23778	0
32	1	9582490	1486,38	27,47	1	10,27	0	0	0	0	25417	2323	650	1206	5584	9196	23719	0
33	1	9610890	1516,65	9,432	0	0	0	0	0	0	25827	2345	598	1281	5779	9186	23858	0
34	1	9630330	1497,31	46,17	1	6,712	0	0	0	0	25745	2477	577	1225	5718	9149	23877	0
35	1	9654920	1524,7	17,82	1	1,775	0	0	0	0	26045	2430	602	1248	5766	9376	24076	0
36	1	9670730	1554,41	29,62	0	0	0	0	0	0	26361	2312	659	1285	5556	9593	23858	0
37	1	9695180	1550,16	41,14	2	4,831	0	0	0	0	26585	2401	586	1253	5608	9563	23915	0
38	1	9718090	1528,25	32,19	1	21,26	0	0	0	0	26793	2381	613	1316	5914	9664	24207	0
39	1	9741600	1565	30,62	0	0	0	0	0	0	26900	2486	639	1246	5938	9594	24684	0
40	1	9763650	1524,08	33,9	0	0	0	0	0	0	27137	2375	645	1285	5872	9471	24280	0
41	1	9782590	1556,78	55,71	0	0	0	0	0	0	27149	2394	613	1255	5858	9764	24172	0
42	1	9801900	1603,29	49,66	1	5,606	0	0	0	0	27674	2385	607	1245	5614	9765	24144	0
43	1	9824220	1639,7	61,05	4	52,17	0	0	0	0	27598	2450	609	1238	5808	10069	24581	0
44	1	9841630	1612,55	28,74	1	4,402	0	0	0	0	27958	2372	606	1174	5769	10113	24540	0
45	1	9864510	1598,6	43,86	1	8,405	0	0	0	0	27977	2436	622	1265	5798	9885	24672	0
46	1	9878380	1590,33	66,55	0	0	0	0	0	0	28000	2454	562	1272	5767	10001	24321	0
47	1	9897560	1614,27	45,82	0	0	0	0	0	0	28157	2387	635	1268	5851	10077	24411	0
48	1	9918090	1617,34	45,62	0	0	0	0	0	0	28350	2412	618	1277	5825	10036	24583	0
49	1	9941640	1658,39	57,84	2	26,17	0	0	0	0	28695	2495	575	1242	5784	10278	24616	0
50	1	9960470	1642,39	40,56	0	0	0	0	0	0	28808	2403	574	1299	6014	10381	24677	0
51	1	9976900	1626,1	7,197	0	0	0	0	0	0	28898	2366	618	1265	5767	10349	24524	0
52	1	9994980	1666,77	39,19	0	0	0	0	0	0	28821	2550	597	1208	5866	10358	24389	0
53	1	10013500	1655,62	51,27	0	0	0	0	0	0	29034	2516	613	1234	5953	10307	24622	0
54	1	10032300	1657,33	64,34	1	0,5892	0	0	0	0	29323	2384	591	1295	6021	10434	24639	0
55	1	10050500	1671,05	21,08	0	0	0	0	0	0	29668	2356	609	1255	5668	10609	24800	0
56	1	10068300	1682,11	47,77	1	7,103	0	0	0	0	29205	2428	575	1296	5742	10511	24705	0
57	1	10088000	1697,28	12,06	2	19,94	0	0	0	0	29834	2373	601	1257	5889	10893	24857	0
58	1	10107800	1695,86	30,57	1	8,701	0	0	0	0	29701	2329	600	1255	5832	10600	25194	0
59	1	10128200	1703,01	27,69	0	0	0	0	0	0	30043	2464	586	1336	5831	10751	24901	0
60	1	10146600	1664,25	34,11	1	11,12	0	0	0	0	30073	2485	577	1294	5983	10596	25067	0
61	1	10161500	1709,31	71,26	0	0	0	0	0	0	30382	2344	606	1281	5843	11007	24592	0
62	1	10176900	1701,04	9,644	1	0,2644	0	0	0	0	30411	2416	641	1221	5902	10907	24757	0
63	1	10194400	1745,43	52,77	0	0	0	0	0	0	30476	2422	599	1196	5879	10952	24825	0
64	1	10213200	1761,56	71,95	0	0	0	0	0	0	30564	2440	612	1229	5853	11248	24852	0
65	1	10225000	1711,24	52,06	0	0	0	0	0	0	30555	2434	573	1214	5821	10935	25068	0
66	1	10244000	1732,91	45,74	1	7,795	0	0	0	0	30891	2437	597	1241	5758	11083	25102	0
67	1	10262100	1741,76	45,87	0	0	0	0	0	0	30732	2477	603	1316	5970	11191	24950	0
68	1	10279200	1757,55	25,59	0	0	0	0	0	0	31093	2411	559	1287	5999	11232	25278	0
69	1	10296300	1793,48	18,36	0	0	0	0	0	0	31026	2471	618	1229	6024	11350	25311	0
70	1	10310800	1780,11	46,72	0	0	0	0	0	0	30869	2394	570	1234	5798	11220	25119	0
71	1	10333400	1798,98	48,53	0	0	0	0	0	0	31529	2463	605	1170	5887	11521	25452	0
72	1	10348400	1772,16	59,7	0	0	0	0	0	0	31574	2400	634	1229	5835	11383	24973	0
73	1	10367200	1778,61	38,79	0	0	0	0	0	0	31674	2459	636	1232	5902	11367	25271	0
74	1	10380100	1803,53	24,31	0	0	0	0	0	0	31856	2468	627	1226	5686	11694	24995	0
75	1	10402800	1801,72	60,99	0	0	0	0	0	0	31593	2480	591	1277	5982	11616	25282	0
76	1	10420000	1823,95	12,37	0	0	0	0	0	0	31687	2473	665	1264	5967	11696	25103	0
77	1	10437700	1774,97	47,84	0	0	0	0	0	0	32442	2449	612	1301	5951	11587	25245	0
78	1	10451300	1816,5	64,38	0	0	0	0	0	0	32151	2534	603	1280	5799	11769	25372	0
79	1	10467700	1804,83	35,66	0	0	0	0	0	0	32207	2391	604	1255	6013	11771	25306	0
80	1	10479200	1802,34	38,81	0	0	0	0	0	0	31974	2427	592	1285	5979	11639	25298	0
81	1	10503300	1820,28	39,47	0	0	0	0	0	0	32732	2437	576	1266	5864	11794	25498	0
82	1	10513400	1853,86	34,88	0	0	0	0	0	0	32330	2403	573	1198	5751	11905	25189	0
83	1	10533000	1851,81	21,3	0	0	0	0	0	0	32553	2350	609	1239	5977	12108	25490	0
84	1	10549400	1845,54	37,09	0	0	0	0	0	0	32601	2471	579	1295	5931	11944	25378	0
85	1	10563300	1858,68	39,39	0	0	0	0	0	0	32480	2335	586	1274	6077	12093	25524	0
86	1	10576300	1817,85	30,52	0	0	0	0	0	0	32639	2370	603	1256	5952	12137	25099	0
87	1	10595500	1868,82	22,63	0	0	0	0	0	0	32845	2398	580	1203	5972	12158	25692	0
88	1	10614300	1887,65	22,63	0	0	0	0	0	0	33313	2418	598	1197	5836	12134	25359	0
89	1	10631400	1875,22	43,98	0	0	0	0	0	0	33261	2408	593	1182	6022	12386	25578	0
90	1	10645600	1909,77	40,54	0	0	0	0	0	0	33108	2417	580	1293	6052	12441	25600	0
91	1	10667800	1889,46	8,812	0	0	0	0	0	0	33394	2381	576	1234	6224	12361	25995	0
92	1	10680500	1908,58	27,01	0	0	0	0	0	0	33142	2422	588	1238	6204	12427	25617	0
93	1	10695000	1926,95	22,1	0	0	0	0	0	0	33454	2452	618	1251	5876	12487	25401	0
94	1	10708900	1912,7	35,47	0	0	0	0	0	0	33392	2407	562	1196	6038	12506	25258	0
95	1	10730900	1916,2	45,97	0	0	0	0	0	0	33544	2451	596	1238	6014	12482	25777	0
96	1	10747000	1899,6	47,34	0	0	0	0	0	0	33586	2406	628	1320	5979	12581	25264	0
97	1	10759900	1948,11	54,19	0	0	0	0	0	0	33888	2424	589	1278	6011	12832	25223	0
98	1	10770100	1961,12	61,43	0	0	0	0	0	0	33644	2393	564	1253	5972	12903	25495	0
99	1	10787100	1947,17	30,67	0	0	0	0	0	0	33982	2411	564	1196	5734	12794	25505	0
100	1	10806700	1968,51	45,34	0	0	0	0	0	0	33830	2347	588	1271	5917	12844	25513	0
101	1	10821200	1919,67	57,13	0	0	0	0	0	0	33864	2420	615	1352	5927	12848	25612	0
102	1	10840500	1950,26	39,66	0	0	0	0	0	0	34088	2369	591	1250	6049	12841	25857	0
103	1	10855800	1957,25	73,88	0	0	0	0	0	0	34309	2335	599	1296	5835	13050	25595	0
104	1	10874500	1950,85	40,13	0	0	0	0	0	0	34427	2400	633	1279	5984	12899	25636	0
105	1	10885500	1980,88	74,17	0	0	0	0	0	0	34378	2445	632	1252	5841	13281	25865	0
106	1	10902800	1986,36	41,97	0	0	0	0	0	0	34718	2409	605	1248	5953	13219	25649	0
107	1	10916200	1959,08	34,63	0	0	0	0	0	0	34300	2369	585	1268	6008	13252	25369	0
108	1	10930700	1983,83	50,58	0	0	0	0	0	0	34898	2427	580	1265	5914	13359	25343	0
109	1	10942200	2013,77	34,89	0	0	0	0	0	0	34877	2375	567	1172	6106	13470	25619	0
110	1	10958100	2057,58	63,66	0	0	0	0	0	0	34647	2424	543	1259	6005	13555	25943	0
111	1	10970900	2017,75	58,55	0	0	0	0	0	0	34420	2351	608	1260	5941	13445	25657	0
112	1	10990700	2016,35	32,07	0	0	0	0	0	0	34649	2388	560	1233	6060	13474	25602	0
113	1	11005400	2079,43	40,69	0	0	0	0	0	0	34745	2279	573	1265	6075	13969	25783	0
114	1	11024100	2063,9	59,6	0	0	0	0	0	0	35110	2360	635	1261	6029	13788	25760	0
115	1	11036600	2097,15	26,62	0	0	0	0	0	0	35487	2338	622	1287	5911	13988	25752	0
116	1	11041900	2070,3	38,68	0	0	0	0	0	0	34990	2356	553	1181	5719	13936	25277	0
117	1	11064500	2083,73	22,33	0	0	0	0	0	0	35250	2410	579	1299	5978	14113	25828	0
118	1	11071800	2053,43	51,86	0	0	0	0	0	0	34972	2350	569	1259	5673	14150	25241	0
119	1	11089300	2081	66,72	0	0	0	0	0	0	35391	2369	588	1212	5941	14166	25557	0
120	1	11099200	2094,46	39,6	0	0	0	0	0	0	35335	2282	571	1191	5747	14294	25399	0
121	1	11111900	2141,8	15,44	0	0	0	0	0	0	35045	2329	585	1214	5994	14514	25436	0
122	1	11132700	2138,95	54,17	0	0	0	0	0	0	35309	2389	600	1246	5866	14435	25768	0
123	1	11145700	2169,75	62,34	0	0	0	0	0	0	35081	2356	598	1187	5785	14718	25266	0
124	1	11162600	2131,85	81,07	0	0	0	0	0	0	35533	2342	543	1198	6018	14640	25418	0
125	1	11180800	2132,42	20,47	0	0	0	0	0	0	35560	2416	633	1207	5984	14560	25670	0
126	1	11193000	2131,89	30,95	0	0	0	0	0	0	35506	2364	573	1146	5826	14611	25307	0
127	1	11216600	2144,12	61,16	0	0	0	0	0	0	35998	2303	552	1194	6047	14767	25837	0
128	1	11225700	2145,11	14,05	0	0	0	0	0	0	35851	2324	546	1155	5744	14758	25400	0
129	1	11245200	2167,95	31,11	0	0	0	0	0	0	35980	2283	571	1128	5781	14892	25347	0
130	1	11264300	2257,8	24,22	0	0	0	0	0	0	35602	2342	613	1251	5941	15164	25836	0
131	1	11282500	2224,55	72,28	0	0	0	0	0	0	35855	2299	555	1182	5842	15103	25586	0
132	1	11302400	2197,68	60,43	0	0	0	0	0	0	36166	2415	539	1228	5922	15014	25644	0
133	1	11317100	2206,18	35,21	0	0	0	0	0	0	36340	2323	542	1287	5966	15182	25860	0
134	1	11331200	2193,36	21,68	0	0	0	0	0	0	36413	2405	572	1148	6050	15250	25602	0
135	1	11341900	2228,1	50,87	0	0	0	0	0	0	35844	2207	557	1251	5942	15316	25413	0
136	1	11363800	2202,73	76,29	0	0	0	0	0	0	36198	2281	584	1145	5803	15328	25631	0
137	1	11378500	2249,38	68,64	0	0	0	0	0	0	36626	2354	594	1143	5846	15273	25712	0
138	1	11396800	2292,57	56,46	0	0	0	0	0	0	36780	2311	584	1213	6036	15646	25719	0
139	1	11411200	2241,47	29,57	0	0	0	0	0	0	36644	2354	547	1280	5992	15479	25715	0
140	1	11421700	2226,24	48,13	0	0	0	0	0	0	36283	2374	574	1194	6014	15516	25768	0
141	1	11438300	2254,07	54,9	0	0	0	0	0	0	36682	2327	586	1242	5985	15472	25894	0
142	1	11450100	2262,7	39,34	0	0	0	0	0	0	36459	2283	599	1167	5891	15736	25483	0
143	1	11464500	2298,87	42,41	0	0	0	0	0	0	36970	2293	582	1177	5812	16125	25626	0
144	1	11477300	2345,46	37,18	0	0	0	0	0	0	36804	2273	556	1251	6002	15888	25604	0
145	1	11493700	2320,57	29,34	0	0	0	0	0	0	36968	2387	534	1240	6064	15960	25810	0
146	1	11506900	2311,46	19,48	0	0	0	0	0	0	37118	2307	576	1197	5956	16193	25924	0
147	1	11520000	2326,93	63,16	0	0	0	0	0	0	36951	2378	556	1188	6002	16100	25914	0
148	1	11525300	2350,83	40,89	0	0	0	0	0	0	37243	2291	553	1208	5636	16420	25569	0
149	1	11545400	2351,1	41,27	0	0	0	0	0	0	37174	2302	514	1189	6084	16438	25850	0
150	1	11564700	2410,67	96,81	0	0	0	0	0	0	37579	2334	565	1181	6027	16806	25921	0
151	1	11579700	2369,03	52,98	0	0	0	0	0	0	37273	2334	541	1193	5924	16534	25882	0
152	1	11607800	2372,08	49,92	0	0	0	0	0	0	37338	2351	606	1268	6033	16514	25896	0
153	1	11644100	2378,78	34,35	0	0	0	0	0	0	37278	2314	595	1222	6167	16942	25741	0
154	1	11687600	2384,08	42,13	0	0	0	0	0	0	37676	2367	583	1276	5994	16924	25876	0
155	1	11729400	2393,88	49,58	0	0	0	0	0	0	37558	2350	538	1180	6110	16908	26004	0
156	1	11771300	2414,23	44,94	0	0	0	0	0	0	37793	2335	576	1153	5905	16937	25665	0
157	1	11810600	2440,15	47,11	0	0	0	0	0	0	38115	2314	566	1090	5926	17227	25882	0
158	1	11844200	2476,29	41,51	0	0	0	0	0	0	38173	2251	561	1121	5888	17530	25819	0
159	1	11869600	2459,17	17,23	0	0	0	0	0	0	37860	2266	520	1154	5955	17484	25778	0
160	1	11896600	2455,8	41,78	0	0	0	0	0	0	37936	2325	552	1138	5993	17570	25773	0
161	1	11922300	2540,02	28,1	0	0	0	0	0	0	38166	2281	559	1305	5933	17959	25897	0
162	1	11942600	2494,84	48,32	0	0	0	0	0	0	38100	2336	542	1189	5889	17831	25779	0
163	1	11966500	2547,69	50,48	0	0	0	0	0	0	38072	2211	517	1182	6064	17923	26017	0
164	1	11988000	2587,79	50,85	0	0	0	0	0	0	37864	2306	536	1206	5927	18096	25954	0
165	1	12009500	2558,61	57,2	0	0	0	0	0	0	38289	2324	525	1182	5750	18288	25697	0
166	1	12034700	2577,75	56,64	0	0	0	0	0	0	38120	2269	517	1176	6027	18538	25838	0
167	1	12054900	2605,37	66,83	0	0	0	0	0	0	37910	2180	550	1133	5931	18554	25437	0
168	1	12084600	2591,86	25,05	0	0	0	0	0	0	38196	2317	518	1155	6103	18558	26022	0
169	1	12109100	2623,9	30,21	0	0	0	0	0	0	38511	2268	538	1161	5910	18985	25522	0
170	1	12127600	2645,98	34,76	0	0	0	0	0	0	38553	2178	602	1136	5897	18930	25541	0
171	1	12155100	2684,29	40,29	0	0	0	0	0	0	38309	2193	558	1230	5886	19066	25852	0
172	1	12175200	2657,69	45,61	0	0	0	0	0	0	38178	2302	505	1152	5694	19130	25641	0
173	1	12203300	2627,17	72,83	0	0	0	0	0	0	38350	2296	508	1157	5769	19300	25694	0
174	1	12228400	2647,59	24,65	0	0	0	0	0	0	38333	2340	524	1153	5764	19299	25591	0
175	1	12259500	2708,59	20,74	0	0	0	0	0	0	38754	2180	585	1132	5803	19518	25772	0
176	1	12288600	2673,42	30,54	0	0	0	0	0	0	38900	2211	554	1151	5977	19622	25626	0
177	1	12311500	2702,24	17,33	0	0	0	0	0	0	39143	2288	510	1166	5755	19644	25602	0
178	1	12340500	2713,3	50,99	0	0	0	0	0	0	39081	2236	539	1196	5842	19909	25894	0
179	1	12365000	2791,12	43,22	0	0	0	0	0	0	39177	2289	507	1155	5726	20334	25695	0
180	1	12391900	2795,44	26,59	0	0	0	0	0	0	38990	2209	520	1203	5879	20455	25658	0
181	1	12425300	2818,82	65,54	0	0	0	0	0	0	39260	2259	550	1174	6007	20505	25950	0
182	1	12450700	2894,57	31,02	0	0	0	0	0	0	39126	2165	476	1134	6030	20821	25873	0
183	1	12478700	2769,12	25,05	0	0	0	0	0	0	39160	2177	505	1149	5970	20479	25584	0
184	1	12513100	2857,94	61,23	0	0	0	0	0	0	39649	2279	515	1166	5938	20710	25988	0
185	1	12534000	2883,82	32,87	0	0	0	0	0	0	39338	2137	526	1133	5729	21129	25496	0
186	1	12563200	2847,6	67,35	0	0	0	0	0	0	39379	2157	507	1065	5817	21122	25427	0
187	1	12597500	2964,4	53,65	0	0	0	0	0	0	39719	2165	510	1130	5904	21658	25790	0
188	1	12630700	2974,01	22,45	0	0	0	0	0	0	39676	2262	520	1191	5958	21971	25886	0
189	1	12655300	2974,96	60,64	0	0	0	0	0	0	39863	2137	511	1101	5857	21770	25588	0
190	1	12688600	2949,03	62,31	0	0	0	0	0	0	39890	2143	501	1155	5879	21833	25793	0
191	1	12721300	3032,62	68,31	0	0	0	0	0	0	39789	2147	551	1119	5904	22232	25700	0
192	1	12756500	2988,97	33,63	0	0	0	0	0	0	39930	2135	508	1122	6014	22308	25748	0
193	1	12791000	3024,84	39,88	0	0	0	0	0	0	40484	2107	501	1146	5809	22204	25723	0
194	1	12819900	3025,04	82,63	0	0	0	0	0	0	40110	2175	523	1063	5902	22340	25777	0
195	1	12853900	3082,87	68,9	0	0	0	0	0	0	40279	2218	499	1142	5807	22388	25812	0
196	1	12882500	3085,76	55,53	0	0	0	0	0	0	40099	2139	493	1066	5852	22699	25640	0
197	1	12914100	3092,85	71,25	0	0	0	0	0	0	40065	2130	470	1054	5742	23064	25555	0
198	1	12946500	3132,67	20,31	0	0	0	0	0	0	40222	2079	471	1071	5929	23187	25699	0
199	1	12979100	3168,88	56,77	0	0	0	0	0	0	40413	2056	474	1120	5721	23502	25500	0
200	1	13011700	3139,58	46,3	0	0	0	0	0	0	40596	2025	494	1094	5714	23478	25642	0
201	1	13045100	3189,11	35,56	0	0	0	0	0	0	40480	2145	473	1105	5887	23600	25550	0
202	1	13076800	3204,8	92,58	0	0	0	0	0	0	40293	2118	504	1135	5809	23832	25475	0
203	1	13114900	3243,1	28,5	0	0	0	0	0	0	40586	2138	492	1087	5888	24086	25795	0
204	1	13155300	3216,49	23,33	0	0	0	0	0	0	41119	2112	504	1086	5872	24206	25528	0
205	1	13197700	3284,52	63,86	0	0	0	0	0	0	40813	2129	494	1074	6021	24399	25752	0
206	1	13240900	3271,61	49,39	0	0	0	0	0	0	41247	2080	486	1091	5803	24650	25607	0
207	1	13290200	3265,34	32,76	0	0	0	0	0	0	41024	2139	465	1127	5896	24567	25654	0
208	1	13341700	3319,04	39,27	0	0	0	0	0	0	41061	2087	487	1109	5895	24859	25596	0
209	1	13402100	3326,51	27,78	0	0	0	0	0	0	41426	2118	480	1071	5868	25132	25697	0
210	1	13461700	3412,85	49,71	0	0	0	0	0	0	41395	2070	472	1054	5969	25722	25976	0
211	1	13519400	3454,62	25,53	0	0	0	0	0	0	41858	2103	509	1107	5840	25887	26015	0
212	1	13574100	3455,99	83,92	0	0	0	0	0	0	41534	2180	472	1080	6077	25718	26094	0
213	1	13628900	3494,21	54,77	0	0	0	0	0	0	41503	2020	451	1043	5931	26312	25988	0
214	1	13680700	3476,79	39,71	0	0	0	0	0	0	41951	2035	391	1078	5769	26267	25847	0
215	1	13733600	3508,79	39,19	0	0	0	0	0	0	42301	2125	466	1029	5845	26622	26119	0
216	1	13791200	3543	74,66	0	0	0	0	0	0	42021	2088	473	1016	6006	26604	26179	0
217	1	13852100	3648,47	29,65	0	0	0	0	0	0	42151	2121	476	1058	5904	27375	26191	0
218	1	13915100	3590,09	47,01	0	0	0	0	0	0	42532	2109	476	1080	6005	27117	26180	0
219	1	13977400	3652,46	31,45	0	0	0	0	0	0	42675	2057	443	1058	6008	27944	26309	0
220	1	14038600	3635,33	54,41	0	0	0	0	0	0	42517	2067	446	1054	5947	27855	26069	0
221	1	14108600	3731,84	32,79	0	0	0	0	0	0	42932	2061	475	1032	5867	28700	26360	0
222	1	14174400	3805,25	44,06	0	0	0	0	0	0	42520	2154	499	1112	6057	28946	26229	0
223	1	14237400	3757,78	34,23	0	0	0	0	0	0	42962	2063	477	1077	5909	28832	26088	0
224	1	14296700	3812,9	50,66	0	0	0	0	0	0	43073	2022	429	998	5975	29250	26394	0
225	1	14352900	3864,56	94,3	0	0	0	0	0	0	43235	1974	453	978	5977	29682	26408	0
226	1	14419600	3965,63	58,6	0	0	0	0	0	0	43170	2037	409	1029	6008	30393	26431	0
227	1	14489900	4004,22	31,64	0	0	0	0	0	0	43678	2100	438	1033	6069	30729	26568	0
228	1	14553700	3988,94	96,11	0	0	0	0	0	0	43429	2060	430	1055	5920	31073	26213	0
229	1	14638400	3991,68	66,06	0	0	0	0	0	0	43668	2125	453	1014	6144	30832	26692	0
230	1	14720300	4102,37	65,93	0	0	0	0	0	0	43946	2018	439	976	6080	31451	26540	0
231	1	14809800	4181,84	59,54	0	0	0	0	0	0	43720	2064	406	997	5952	32300	26783	0
232	1	14904700	4191,15	31,32	0	0	0	0	0	0	44229	2040	416	986	5885	32467	26597	0
233	1	15000700	4267,13	96,05	0	0	0	0	0	0	43848	1990	410	994	5881	32999	26315	0
234	1	15100800	4234,66	39,95	0	0	0	0	0	0	43674	2079	428	963	5975	33166	26382	0
235	1	15208700	4341,03	25,14	0	0	0	0	0	0	43973	2074	382	976	5869	33718	26475	0
236	1	15312800	4306,97	36,41	0	0	0	0	0	0	44121	1916	416	983	5861	33678	26454	0
237	1	15431500	4415,56	80,24	0	0	0	0	0	0	44736	2042	400	970	5918	34048	26725	0
238	1	15549700	4409,94	55,1	0	0	0	0	0	0	44923	1990	421	941	5880	34422	26925	0
239	1	15668900	4472,96	64,55	0	0	0	0	0	0	44410	2011	394	969	5926	34951	26789	0
240	1	15801900	4509,69	49,25	0	0	0	0	0	0	44921	1984	369	925	5970	35114	27091	0
241	1	15937800	4561,37	66,9	0	0	0	0	0	0	45126	2006	413	955	5961	35442	26995	0
242	1	16075900	4579,84	60,14	0	0	0	0	0	0	45141	2084	401	970	5862	35751	27046	0
243	1	16228700	4655,15	96,23	0	0	0	0	0	0	45134	2063	400	998	6009	36387	27528	0
244	1	16383200	4718,08	34,7	0	0	0	0	0	0	45382	2045	421	925	6049	36945	27133	0
245	1	16549100	4796,36	109,3	0	0	0	0	0	0	45354	2079	384	995	6056	37146	27556	0
246	1	16717900	4762,22	68,63	0	0	0	0	0	0	45738	2088	388	921	5956	37267	27526	0
247	1	16901700	4854,46	30,35	0	0	0	0	0	0	46483	2053	391	929	6013	37750	28088	0
248	1	17094700	4858,41	61,14	0	0	0	0	0	0	46583	2025	435	928	6093	38100	28334	0
249	1	17291600	5016,75	51,17	0	0	0	0	0	0	46755	2018	410	935	6133	38734	28479	0
250	1	17504700	4971,28	142,5	0	0	0	0	0	0	47230	2102	385	909	6170	38854	28706	0
251	1	17728800	5122,51	101,6	0	0	0	0	0	0	47447	2068	386	880	6330	39623	28801	0
252	1	17971500	5196,61	38,26	0	0	0	0	0	0	47844	2157	371	993	6187	40350	28960	0
253	1	18223700	5225,31	32,99	0	0	0	0	0	0	48040	2194	382	888	6339	40790	29716	0
254	1	18491700	5350,4	46,31	0	0	0	0	0	0	48857	2173	409	914	6259	41444	29875	0
255	1	18774900	5351,25	77,48	0	0	0	0	0	0	49264	2187	390	957	6383	42112	29798	0
256	1	19080600	5438,29	63,94	0	0	0	0	0	0	49460	2197	394	862	6240	42692	30542	0
257	1	19409300	5608,5	14,71	0	0	0	0	0	0	50523	2273	374	863	6422	43827	30714	0
258	1	19757900	5623,16	97,13	0	0	0	0	0	0	51229	2169	417	863	6363	44293	31113	0
259	1	20137500	5804,84	66,94	0	0	0	0	0	0	51676	2292	389	818	6635	45377	31364	0
260	1	20550200	5841,42	74,54	0	0	0	0	0	0	52653	2228	402	843	6641	45853	31790	0
261	1	20999400	5889,03	38,35	0	0	0	0	0	0	54432	2141	378	844	6755	46460	32389	0
262	1	21488200	6055,26	63,69	0	0	0	0	0	0	55082	2249	432	849	6754	47313	32868	0
263	1	22036400	6160,9	101,2	0	0	0	0	0	0	58042	2184	400	840	6922	48302	33640	0
264	1	22637300	6146,26	50,65	0	0	0	0	0	0	60680	2249	447	793	7299	48627	34245	0
265	1	23305700	6348,39	43	0	0	0	0	0	0	63355	2211	431	845	7188	49676	34937	0
266	1	24070900	6366,4	76,84	0	0	0	0	0	0	68328	2345	392	842	7287	50338	35772	0
267	1	24937500	6394,37	108,7	0	0	0	0	0	0	74473	2227	417	810	7550	50660	36716	0
268	1	25946800	6525,85	100,5	0	0	0	0	0	0	84199	2356	388	791	7931	51195	38486	0
269	1	27108900	6526,44	106,4	0	0	0	0	0	0	98707	2324	403	752	8080	51483	39801	0
270	1	28476600	6625,78	132,3	0	0	0	0	0	0	122679	2454	416	717	8191	51763	41769	0
271	1	30101500	6642,39	159,4	0	0	0	0	0	0	162890	2499	372	683	8147	51701	44571	0
272	1	32016100	6511,57	201,3	0	0	0	0	0	0	232373	2374	332	566	7797	50985	48399	0
273	1	34204200	6457,52	235,5	0	0	0	0	0	0	348941	2241	254	490	7549	50340	53709	0
274	1	36523500	6146,51	398,1	0	0	0	0	0	0	531667	2144	244	388	6794	47841	61229	0
275	1	38628900	5846,6	472,7	0	0	0	0	0	0	794491	1912	184	269	6000	45056	71477	0
276	1	39942200	5166,74	358,6	0	0	0	0	0	0	1120504	1570	137	234	5033	40542	81798	0
277	1	39797900	4486,08	392,9	0	0	0	0	0	0	1462461	1298	112	162	3989	34959	91190	0
278	1	37634500	3608,98	423,7	0	0	0	0	0	0	1745997	975	96	115	3171	28604	96365	0
279	1	33230000	2834,04	331	0	0	0	0	0	0	1881779	716	84	87	2347	22162	94170	0
280	1	27042400	2053,06	274,3	0	0	0	0	0	0	1809931	540	79	47	1673	16060	83710	0
281	1	20076300	1442,25	183,2	0	0	0	0	0	0	1555643	356	62	41	1206	11296	68382	0
282	1	13441500	956,508	126,3	0	0	0	0	0	0	1178518	283	63	27	863	7612	49562	0
283	1	8075850	690,475	88,97	0	0	0	0	0	0	788687	217	51	48	683	5308	32626	0
284	1	4331010	532,472	39,05	0	0	0	0	0	0	464355	208	54	32	514	4012	19741	0
285	1	2063830	441,034	29,7	0	0	0	0	0	0	238599	194	66	19	594	3383	11540	0
286	1	891374	397,144	21,23	0	0	0	0	0	0	107646	187	58	45	560	2987	7243	0
287	1	366437	395,091	0	0	0	0	0	0	0	43015	193	63	34	607	2895	5041	0
288	1	164932	355,201	18,06	0	0	0	0	0	0	16199	190	57	47	582	2793	4102	0
289	1	96430,6	366,933	23,42	0	0	0	0	0	0	6620	193	51	24	507	2806	3792	0
290	1	76996,3	365,559	15,34	0	0	0	0	0	0	3640	148	51	35	518	2774	3666	0
291	1	72826,5	357,874	13,19	0	0	0	0	0	0	2991	186	56	33	535	2685	3723	0
292	1	71382,6	360,342	8,106	0	0	0	0	0	0	2733	162	58	37	505	2641	3571	0
293	1	70443	334,684	13,89	0	0	0	0	0	0	2707	169	45	33	516	2600	3480	0
294	1	70447	346,755	61,38	0	0	0	0	0	0	2775	171	45	23	541	2642	3614	0
295	1	69819,3	352,859	4,869	0	0	0	0	0	0	2615	181	32	31	534	2656	3531	0
296	1	68845,3	348,013	10,01	0	0	0	0	0	0	2686	169	58	24	511	2647	3510	0
297	1	68921,4	332,933	20,67	0	0	0	0	0	0	2691	183	51	26	506	2501	3487	0
298	1	67390,2	340,12	22,51	0	0	0	0	0	0	2616	177	46	26	516	2593	3405	0
299	1	67303,5	313,749	0	0	0	0	0	0	0	2561	178	45	38	514	2430	3406	0
300	1	66157,8	342,578	16,28	0	0	0	0	0	0	2539	167	36	25	464	2505	3360	0
301	1	66721,2	338,197	20,44	0	0	0	0	0	0	2575	170	46	24	528	2510	3359	0
302	1	65867,7	330,684	0	0	0	0	0	0	0	2507	163	54	40	469	2513	3238	0
303	1	63966,6	331,567	8,509	0	0	0	0	0	0	2439	143	52	25	431	2551	3176	0
304	1	64023,2	323,094	10,56	0	0	0	0	0	0	2299	167	49	23	458	2516	3116	0
305	1	65356,2	319,163	0	0	0	0	0	0	0	2502	162	46	31	486	2453	3302	0
306	1	65267,6	327,282	18,49	0	0	0	0	0	0	2516	129	49	28	463	2437	3314	0
307	1	63908,9	328,997	20,45	0	0	0	0	0	0	2392	150	49	21	437	2452	3087	0
308	1	64308,3	313,439	31,78	0	0	0	0	0	0	2445	145	51	39	456	2377	3099	0
309	1	63134,2	327,816	15,86	0	0	0	0	0	0	2383	170	52	29	407	2447	3066	0
310	1	63297,5	307,034	7,126	0	0	0	0	0	0	2343	153	60	32	461	2327	3200	0
311	1	62806,4	313,907	6,751	0	0	0	0	0	0	2315	143	51	33	413	2307	3009	0
312	1	61690,1	298,557	6,516	0	0	0	0	0	0	2335	144	40	31	415	2337	3026	0
313	1	61869,4	308,768	7,734	0	0	0	0	0	0	2313	153	40	33	451	2303	3036	0
314	1	60556,6	299,773	10,59	0	0	0	0	0	0	2240	126	36	26	444	2198	2895	0
315	1	61455,4	316,72	0	0	0	0	0	0	0	2298	156	48	36	415	2357	3078	0
316	1	61202,9	296,536	14,43	0	0	0	0	0	0	2281	156	46	36	463	2271	2961	0
317	1	60185,1	298,557	7,093	0	0	0	0	0	0	2210	166	46	27	450	2248	2922	0
318	1	59790,1	301,289	7,139	0	0	0	0	0	0	2258	136	39	29	429	2250	2988	0
319	1	59685,6	284,868	6,443	0	0	0	0	0	0	2254	118	43	17	430	2177	2951	0
320	1	59729,2	279,823	21,97	0	0	0	0	0	0	2226	128	44	33	436	2162	2866	0
321	1	59444,8	283,014	0	0	0	0	0	0	0	2223	139	38	28	441	2175	2878	0
322	1	58830,5	292,729	20,1	0	0	0	0	0	0	2194	140	35	23	425	2201	2815	0
323	1	57830,2	263,683	0	0	0	0	0	0	0	2111	138	43	27	442	2050	2801	0
324	1	57571	291,188	8,349	0	0	0	0	0	0	2161	131	46	18	426	2160	2757	0
325	1	56451,4	293,337	15,81	0	0	0	0	0	0	2051	149	48	25	396	2190	2732	0
326	1	56433,1	278,282	11,24	0	0	0	0	0	0	2092	160	52	19	426	2072	2711	0
327	1	55751	263,285	10,86	0	0	0	0	0	0	2037	155	50	24	380	2023	2646	0
328	1	55131,8	268,234	7,943	0	0	0	0	0	0	2080	108	41	25	373	1982	2648	0
329	1	54742,4	261,54	0	0	0	0	0	0	0	1985	141	30	22	386	2038	2643	0
330	1	54721,8	276,961	0	0	0	0	0	0	0	2002	122	34	37	383	2068	2589	0
331	1	55574,8	261,123	14,53	0	0	0	0	0	0	2031	150	42	26	421	1971	2668	0
332	1	54521,2	270,296	10,6	0	0	0	0	0	0	1978	121	51	27	422	1951	2662	0
333	1	54254	264,67	9,958	0	0	0	0	0	0	1961	141	40	27	396	2034	2582	0
334	1	53517,7	256,075	22,94	0	0	0	0	0	0	2007	117	33	24	353	1903	2608	0
335	1	53518,2	247,051	19,27	0	0	0	0	0	0	1939	145	33	19	380	1901	2569	0
336	1	53005	262,784	6,628	0	0	0	0	0	0	1992	121	43	21	404	1918	2629	0
337	1	52836,5	258,51	6,685	0	0	0	0	0	0	1807	127	42	29	434	1929	2635	0
338	1	52923,4	256,286	18,53	0	0	0	0	0	0	1897	126	30	16	397	1923	2515	0
339	1	51899,4	237,124	0	0	0	0	0	0	0	1905	114	37	21	340	1872	2399	0
340	1	51942,5	251,662	16,88	0	0	0	0	0	0	1838	125	44	16	363	1822	2467	0
341	1	52128,6	227,578	7,955	0	0	0	0	0	0	1902	124	43	20	351	1757	2442	0
342	1	52237,5	238,311	13,4	0	0	0	0	0	0	1877	120	39	17	362	1770	2472	0
343	1	51308,6	250,75	18,78	0	0	0	0	0	0	1940	115	53	17	349	1825	2379	0
344	1	49943,3	235,933	0	0	0	0	0	0	0	1795	116	39	26	293	1765	2317	0
345	1	50373,2	223,533	0	0	0	0	0	0	0	1812	109	48	25	342	1778	2357	0
346	1	49974,3	238,749	8,054	0	0	0	0	0	0	1806	125	29	29	362	1724	2360	0
347	1	50423	230,972	26	0	0	0	0	0	0	1678	123	34	26	369	1715	2271	0
348	1	50810,9	229,633	7,422	0	0	0	0	0	0	1891	99	39	27	376	1681	2342	0
349	1	48941,6	232,576	13,32	0	0	0	0	0	0	1716	102	42	18	354	1754	2237	0
350	1	49179,9	229,669	0	0	0	0	0	0	0	1756	130	40	31	320	1659	2288	0
351	1	48903,1	229,465	23,12	0	0	0	0	0	0	1711	110	44	26	366	1688	2269	0
352	1	47744,3	208,679	25,6	0	0	0	0	0	0	1712	131	40	29	300	1649	2235	0
353	1	47938	233,719	23,99	0	0	0	0	0	0	1689	99	32	27	332	1717	2237	0
354	1	48084	234,414	5,391	0	0	0	0	0	0	1770	120	42	26	349	1786	2187	0
355	1	46799,9	223,613	13,31	0	0	0	0	0	0	1589	122	33	24	313	1662	2199	0
356	1	46664,2	220,839	0	0	0	0	0	0	0	1651	113	30	35	307	1621	2201	0
357	1	46844,5	222,426	10,65	0	0	0	0	0	0	1651	113	30	18	318	1690	2213	0
358	1	46805,7	227,044	9,567	0	0	0	0	0	0	1638	104	41	19	328	1634	2115	0
359	1	45661,4	213,29	0	0	0	0	0	0	0	1652	98	38	19	301	1670	2145	0
360	1	45360,9	213,78	8,45	0	0	0	0	0	0	1581	99	52	14	329	1570	2110	0
361	1	45638,4	210,913	0	0	0	0	0	0	0	1597	117	46	24	327	1583	2128	0
362	1	45388,1	207,894	3,687	0	0	0	0	0	0	1589	111	35	25	325	1597	2081	0
363	1	44201,3	206,137	0	0	0	0	0	0	0	1530	92	50	15	277	1547	1978	0
364	1	45007,1	203,929	0	0	0	0	0	0	0	1640	113	34	23	311	1501	2135	0
365	1	44764,9	215,518	3,401	0	0	0	0	0	0	1555	94	38	20	311	1577	2012	0
366	1	44220,5	202,995	3,291	0	0	0	0	0	0	1517	89	21	30	289	1556	1918	0
367	1	44464	210,122	7,651	0	0	0	0	0	0	1497	93	38	23	323	1526	1984	0
368	1	43828,3	189,256	12,54	0	0	0	0	0	0	1585	108	29	24	275	1470	1927	0
369	1	44029,9	196,92	21,37	0	0	0	0	0	0	1552	107	32	15	322	1500	1909	0
370	1	43269,8	203,348	2,309	0	0	0	0	0	0	1534	103	32	22	299	1478	1924	0
371	1	43033,4	200,927	0	0	0	0	0	0	0	1554	95	34	16	273	1492	1894	0
372	1	41655	187,922	13,04	0	0	0	0	0	0	1446	99	23	18	280	1439	1903	0
373	1	41272,8	195,621	0	0	0	0	0	0	0	1413	102	23	22	257	1405	1770	0
374	1	41327,6	200,844	0	0	0	0	0	0	0	1458	106	27	19	300	1413	1852	0
375	1	40756,3	192,746	14,45	0	0	0	0	0	0	1466	92	36	15	271	1420	1850	0
376	1	40913,1	183,236	3,749	0	0	0	0	0	0	1296	90	37	20	322	1367	1840	0
377	1	40914,7	183,539	4,202	0	0	0	0	0	0	1428	105	36	17	250	1422	1807	0
378	1	40920,8	192,188	0	0	0	0	0	0	0	1431	104	32	28	284	1384	1829	0
379	1	40457,7	188,842	16,62	0	0	0	0	0	0	1394	109	38	23	266	1380	1796	0
380	1	40309	177,688	13,36	0	0	0	0	0	0	1399	93	27	15	321	1357	1810	0
381	1	39213,1	178,684	10,77	0	0	0	0	0	0	1359	88	35	8	257	1323	1690	0
382	1	39489,5	185,919	2,654	0	0	0	0	0	0	1387	96	34	13	270	1350	1745	0
383	1	39170,7	179,493	0	0	0	0	0	0	0	1377	74	44	24	274	1331	1798	0
384	1	38515,4	172,244	19	0	0	0	0	0	0	1313	85	22	24	245	1321	1692	0
385	1	38830,9	174,821	0	0	0	0	0	0	0	1390	73	24	17	273	1336	1761	0
386	1	38463,8	168,327	0	0	0	0	0	0	0	1333	88	29	21	270	1300	1683	0
387	1	37622,1	174,146	0	0	0	0	0	0	0	1294	95	25	18	244	1278	1662	0
388	1	37520,3	169,805	6,585	0	0	0	0	0	0	1277	88	34	15	263	1307	1726	0
389	1	38148,6	160,417	14,34	0	0	0	0	0	0	1292	92	24	16	275	1267	1640	0
390	1	37882,1	170,488	7,563	0	0	0	0	0	0	1265	95	31	17	270	1245	1641	0
391	1	36711,6	169,26	4,925	0	0	0	0	0	0	1294	77	29	16	242	1231	1572	0
392	1	36956,6	166,373	0	0	0	0	0	0	0	1214	89	27	19	260	1263	1653	0
393	1	37733,7	155,671	9,835	0	0	0	0	0	0	1258	88	36	17	254	1187	1612	0
394	1	36493,8	156,682	9,019	0	0	0	0	0	0	1224	85	27	17	231	1219	1553	0
395	1	35786,8	158,852	0	0	0	0	0	0	0	1196	67	27	14	252	1215	1558	0
396	1	36446,7	163,803	8,134	0	0	0	0	0	0	1208	83	44	18	266	1167	1626	0
397	1	35881,9	159,529	9,107	0	0	0	0	0	0	1285	75	29	19	236	1164	1592	0
398	1	35042,6	164,067	0	0	0	0	0	0	0	1175	86	29	17	237	1207	1574	0
399	1	35092,5	147,312	0	0	0	0	0	0	0	1213	66	38	21	245	1217	1498	0
400	1	34405,2	154,315	0	0	0	0	0	0	0	1116	64	28	17	228	1168	1518	0
401	0	0	0	0	0	0	0	0	0	0	0	0	0	0	0	0	0	0
SUMM:	3733060000	804700	17530	105	1297	0	0	0	0	24559455	648188	151851	317843	1703396	5817920	8181458	0	
ZONE	MED	C10	C11	N12	N13	O13	O14	O15	F17	F18								
1	1	597	1519	0	645	11	186	3478	0	0								
2	1	598	1493	1	593	6	204	3515	0	0								
3	1	603	1512	0	656	4	189	3616	1	0								
4	1	653	1583	0	680	8	200	3529	0	2								
5	1	606	1493	0	616	3	172	3474	0	0								
6	1	663	1607	0	688	9	208	3349	0	0								
7	1	577	1520	1	665	10	176	3550	1	0								
8	1	598	1652	0	682	4	186	3520	2	1								
9	1	620	1609	0	660	3	190	3546	1	0								
10	1	655	1569	0	665	0	195	3411	0	0								
11	1	619	1473	0	659	9	182	3533	0	1								
12	1	640	1605	0	677	6	188	3508	1	1								
13	1	674	1605	0	607	5	173	3665	0	1								
14	1	581	1525	0	668	7	180	3653	0	0								
15	1	622	1534	0	645	4	187	3528	0	0								
16	1	659	1527	0	670	4	215	3637	0	0								
17	1	619	1497	0	650	8	185	3760	0	0								
18	1	634	1541	0	617	5	183	3635	1	0								
19	1	623	1577	0	671	7	197	3627	1	1								
20	1	604	1578	0	647	9	210	3575	0	0								
21	1	674	1578	0	649	8	216	3537	0	0								
22	1	582	1621	0	677	12	200	3584	3	1								
23	1	626	1584	0	685	3	217	3766	0	0								
24	1	606	1525	0	653	9	190	3740	2	0								
25	1	659	1571	1	654	4	219	3632	1	0								
26	1	590	1586	0	662	7	203	3590	0	0								
27	1	637	1537	0	636	7	201	3530	0	0								
28	1	657	1628	0	683	5	193	3744	2	1								
29	1	636	1488	0	659	2	210	3642	1	1								
30	1	599	1582	1	711	7	193	3661	0	0								
31	1	641	1631	0	678	5	161	3651	0	0								
32	1	634	1513	0	664	5	190	3717	0	0								
33	1	637	1598	0	680	9	188	3771	0	0								
34	1	665	1525	0	674	4	180	3611	0	1								
35	1	622	1581	0	692	5	197	3599	1	1								
36	1	605	1573	1	659	5	218	3647	0	0								
37	1	661	1489	0	644	7	195	3690	1	1								
38	1	672	1580	0	669	11	210	3761	0	0								
39	1	667	1578	1	639	6	217	3800	0	0								
40	1	617	1591	2	641	2	193	3718	2	0								
41	1	685	1634	0	663	5	187	3699	0	2								
42	1	658	1531	0	678	4	197	3752	0	0								
43	1	637	1587	0	669	7	201	3808	1	1								
44	1	632	1602	0	725	7	200	3833	6	0								
45	1	655	1544	0	736	5	202	3871	0	1								
46	1	622	1555	0	707	8	190	3713	2	2								
47	1	644	1560	0	672	8	175	3700	0	0								
48	1	675	1617	0	717	6	173	3724	1	1								
49	1	615	1562	0	690	3	179	3700	1	1								
50	1	667	1607	0	721	8	182	3729	0	0								
51	1	679	1580	0	671	2	205	3686	1	1								
52	1	630	1607	0	679	4	176	3724	1	1								
53	1	608	1553	0	670	7	232	3767	0	0								
54	1	666	1539	0	717	7	181	3718	1	0								
55	1	660	1579	0	656	8	179	3834	1	0								
56	1	623	1547	0	689	4	194	3741	0	0								
57	1	612	1570	0	688	4	189	3724	1	0								
58	1	631	1631	0	723	10	189	3949	0	1								
59	1	634	1660	0	719	8	182	3839	0	0								
60	1	659	1604	0	713	3	192	3736	0	0								
61	1	620	1529	2	659	12	198	3743	2	1								
62	1	617	1531	0	692	3	175	3829	0	1								
63	1	570	1582	0	680	6	210	3750	0	0								
64	1	645	1577	0	683	1	195	3757	0	1								
65	1	609	1582	0	702	2	207	3952	0	0								
66	1	635	1567	0	724	5	185	3879	0	2								
67	1	622	1592	0	635	0	188	3745	0	0								
68	1	620	1635	0	670	7	220	3815	1	0								
69	1	613	1518	0	699	9	199	3745	1	1								
70	1	625	1614	0	674	7	187	3893	0	0								
71	1	659	1587	0	711	8	181	3842	0	2								
72	1	605	1540	0	677	9	199	3891	1	1								
73	1	595	1527	0	662	8	195	3795	0	0								
74	1	584	1552	0	692	4	225	3725	0	1								
75	1	627	1584	1	662	6	211	3768	0	1								
76	1	632	1600	0	659	2	200	3810	0	0								
77	1	617	1564	0	698	10	199	3789	0	0								
78	1	614	1572	0	654	4	197	3840	2	1								
79	1	659	1547	0	696	8	199	3813	2	0								
80	1	619	1648	0	674	2	206	3724	3	0								
81	1	632	1552	0	774	10	192	3863	0	0								
82	1	588	1556	0	666	8	199	3828	3	1								
83	1	630	1621	0	706	1	190	3827	0	1								
84	1	630	1580	0	695	8	200	3834	0	2								
85	1	621	1615	0	721	6	212	3859	1	1								
86	1	618	1529	0	676	4	225	3710	1	0								
87	1	609	1576	1	676	7	182	3954	2	0								
88	1	642	1565	0	686	11	172	3793	1	2								
89	1	618	1602	0	743	8	182	3837	0	1								
90	1	631	1673	0	674	4	192	3831	2	1								
91	1	645	1625	0	678	11	210	3962	0	0								
92	1	625	1648	0	698	7	189	3913	1	0								
93	1	603	1549	0	672	11	171	3903	0	0								
94	1	638	1614	0	647	4	188	3782	0	0								
95	1	633	1592	0	700	5	189	3900	1	4								
96	1	591	1548	0	659	3	201	3824	2	0								
97	1	683	1571	0	701	5	191	3755	0	0								
98	1	568	1681	0	680	2	196	3796	1	1								
99	1	583	1561	0	661	4	215	3853	1	0								
100	1	619	1553	0	679	2	211	3863	1	2								
101	1	636	1626	0	722	8	187	3755	2	1								
102	1	613	1639	0	648	6	193	3847	0	0								
103	1	626	1559	0	678	8	191	3845	0	2								
104	1	642	1619	1	688	7	189	3854	0	0								
105	1	647	1666	0	647	8	209	3872	0	0								
106	1	573	1591	0	719	7	196	3803	0	0								
107	1	598	1601	2	651	11	191	3785	2	1								
108	1	580	1540	0	642	3	177	3777	1	1								
109	1	638	1524	0	650	5	209	3832	2	0								
110	1	608	1604	0	674	9	170	4001	0	0								
111	1	631	1577	0	658	12	199	4006	0	1								
112	1	622	1540	0	694	5	208	3885	1	0								
113	1	630	1626	0	672	4	212	3924	1	0								
114	1	607	1633	0	735	9	198	3790	0	1								
115	1	580	1564	0	675	10	186	3943	0	0								
116	1	643	1512	0	649	4	202	3672	0	0								
117	1	616	1582	0	684	4	211	3966	3	0								
118	1	559	1576	0	659	8	192	3822	0	1								
119	1	604	1570	0	670	9	230	3847	0	1								
120	1	607	1546	0	682	5	177	3844	1	0								
121	1	621	1573	0	629	5	205	3746	3	0								
122	1	606	1580	1	682	5	182	3796	0	3								
123	1	610	1595	0	670	4	218	3896	0	2								
124	1	593	1536	0	659	10	200	3794	1	3								
125	1	643	1584	0	711	3	216	4006	1	0								
126	1	598	1518	0	672	9	195	3901	0	0								
127	1	645	1619	0	670	11	188	3869	0	0								
128	1	560	1558	0	663	6	199	3834	0	1								
129	1	628	1480	0	691	6	198	3855	1	0								
130	1	614	1647	0	723	3	167	3919	0	0								
131	1	606	1604	0	684	10	176	3876	0	2								
132	1	594	1621	0	710	7	224	3901	1	0								
133	1	583	1645	0	692	4	180	3943	0	1								
134	1	602	1565	0	728	5	181	3941	1	0								
135	1	588	1493	1	654	6	200	3786	0	0								
136	1	570	1562	0	705	4	187	3855	2	1								
137	1	601	1517	1	713	7	201	3821	0	1								
138	1	640	1603	1	708	6	184	3856	3	1								
139	1	637	1577	1	697	4	179	3822	0	0								
140	1	609	1575	0	729	8	221	3846	0	0								
141	1	574	1612	0	726	8	200	3770	0	2								
142	1	630	1512	0	684	14	179	3818	1	1								
143	1	586	1573	0	680	9	197	3843	0	3								
144	1	588	1545	0	638	8	187	3888	0	0								
145	1	610	1581	0	691	4	222	3881	2	2								
146	1	596	1580	0	731	7	191	3833	0	1								
147	1	612	1571	0	737	10	214	3891	1	0								
148	1	578	1569	0	655	10	197	3859	2	0								
149	1	555	1585	0	676	3	209	3913	0	1								
150	1	598	1630	0	682	6	185	3911	1	3								
151	1	559	1520	1	698	9	216	3933	2	0								
152	1	623	1594	0	666	6	209	3874	0	1								
153	1	580	1555	0	645	9	230	3914	3	0								
154	1	596	1660	0	729	8	194	3820	0	1								
155	1	588	1608	0	719	7	183	3799	0	2								
156	1	613	1544	0	690	7	179	3763	0	0								
157	1	590	1557	1	680	7	222	3997	1	1								
158	1	590	1481	0	696	8	208	3867	0	1								
159	1	588	1547	0	684	2	247	3951	1	0								
160	1	608	1512	0	762	5	175	3851	2	0								
161	1	593	1652	0	687	6	200	3895	0	0								
162	1	621	1531	0	650	7	211	3952	1	2								
163	1	621	1558	0	732	4	188	3929	2	0								
164	1	600	1618	0	661	4	191	3958	1	0								
165	1	561	1591	0	711	7	196	3855	0	3								
166	1	545	1557	0	697	6	197	3881	0	1								
167	1	560	1539	0	680	10	202	3862	0	2								
168	1	576	1525	1	688	4	164	3979	2	0								
169	1	562	1511	0	632	3	195	3900	1	0								
170	1	548	1604	0	694	7	183	3869	0	1								
171	1	623	1553	0	707	4	195	3942	0	0								
172	1	556	1498	0	679	3	191	3941	0	3								
173	1	582	1503	0	666	7	189	3982	1	0								
174	1	599	1473	0	644	4	207	3906	2	0								
175	1	604	1545	0	693	6	196	3960	0	0								
176	1	583	1581	0	708	5	193	3789	0	0								
177	1	565	1486	0	711	6	165	3975	0	0								
178	1	581	1567	0	681	7	190	3843	0	1								
179	1	555	1510	0	607	3	221	4031	0	1								
180	1	560	1457	0	700	6	216	3869	1	0								
181	1	556	1602	0	654	6	179	3909	0	1								
182	1	594	1581	0	683	7	194	3870	1	0								
183	1	620	1550	0	713	7	200	3892	1	0								
184	1	590	1560	0	710	4	192	3963	1	0								
185	1	569	1537	0	697	5	181	3838	0	2								
186	1	554	1509	0	715	9	190	3830	2	1								
187	1	585	1469	0	658	5	198	4025	0	0								
188	1	584	1527	0	647	11	186	3895	0	1								
189	1	576	1460	0	681	3	198	3881	3	0								
190	1	555	1503	0	663	4	199	3811	0	1								
191	1	602	1489	0	693	6	182	3920	2	2								
192	1	558	1530	0	689	2	186	3852	1	1								
193	1	602	1525	0	698	6	177	3847	0	0								
194	1	592	1401	0	649	8	212	3991	2	1								
195	1	555	1594	0	686	6	196	3924	0	3								
196	1	525	1584	0	681	6	209	3864	0	0								
197	1	554	1465	0	682	8	197	3859	0	2								
198	1	572	1466	0	671	5	211	3870	0	0								
199	1	528	1468	0	739	7	198	3928	0	3								
200	1	533	1512	0	680	6	203	3985	0	2								
201	1	561	1425	0	678	7	210	3894	0	0								
202	1	529	1438	0	662	5	196	3808	2	2								
203	1	540	1441	2	705	2	197	3810	0	1								
204	1	551	1397	0	682	9	183	3849	2	0								
205	1	523	1435	0	680	6	202	3948	2	2								
206	1	565	1461	0	699	6	189	3914	1	1								
207	1	561	1492	0	654	7	219	3928	1	0								
208	1	482	1474	0	698	4	198	3866	1	0								
209	1	537	1408	0	715	3	185	4011	0	1								
210	1	541	1510	0	694	7	233	3975	3	0								
211	1	523	1514	0	687	2	213	3963	0	0								
212	1	518	1484	0	658	3	223	3960	2	1								
213	1	504	1466	0	675	9	203	4078	0	1								
214	1	540	1444	0	703	7	203	3937	1	0								
215	1	554	1521	1	689	9	192	3950	0	0								
216	1	521	1494	0	717	6	221	3946	0	2								
217	1	516	1451	0	748	12	195	4096	0	0								
218	1	545	1487	1	758	5	205	3959	0	0								
219	1	503	1463	0	714	6	188	4102	1	0								
220	1	554	1416	0	704	9	187	4016	1	1								
221	1	523	1469	1	727	9	203	4087	0	0								
222	1	530	1451	1	690	7	203	4048	0	0								
223	1	506	1413	0	726	5	202	4041	0	0								
224	1	505	1418	0	699	8	195	4145	1	0								
225	1	551	1435	0	708	7	209	4157	0	3								
226	1	489	1410	0	699	3	197	4192	1	3								
227	1	521	1453	0	714	7	218	4102	1	1								
228	1	500	1466	0	696	8	204	4070	0	2								
229	1	509	1434	0	673	10	216	4179	0	2								
230	1	504	1411	0	733	6	203	4099	3	2								
231	1	477	1378	0	744	3	200	4213	2	0								
232	1	488	1392	0	791	4	215	4139	0	0								
233	1	493	1436	0	719	4	228	4129	1	1								
234	1	461	1457	1	673	4	185	4211	1	0								
235	1	475	1380	0	719	5	214	4066	0	0								
236	1	468	1393	0	712	6	203	4185	1	1								
237	1	494	1301	1	680	11	212	4235	1	0								
238	1	472	1450	0	722	4	230	4189	1	1								
239	1	450	1371	0	701	3	184	4340	1	1								
240	1	458	1376	0	731	7	220	4393	1	0								
241	1	467	1401	0	723	3	227	4293	2	2								
242	1	472	1372	0	721	6	219	4232	1	1								
243	1	469	1358	0	738	11	225	4413	0	2								
244	1	447	1415	0	722	6	204	4447	0	0								
245	1	479	1288	0	814	10	253	4486	1	1								
246	1	411	1333	0	737	11	232	4385	2	1								
247	1	446	1281	0	787	5	207	4617	0	0								
248	1	467	1313	0	751	4	244	4781	0	1								
249	1	452	1267	0	736	6	230	4824	2	0								
250	1	427	1211	0	785	4	220	4746	1	3								
251	1	450	1174	1	767	8	224	4825	0	1								
252	1	401	1174	0	825	8	274	4822	1	1								
253	1	449	1205	0	818	7	243	5064	0	1								
254	1	423	1145	0	870	5	240	5080	0	1								
255	1	440	1144	0	849	5	242	5111	1	1								
256	1	398	1102	0	853	6	260	5332	1	1								
257	1	379	1044	1	854	3	281	5337	2	1								
258	1	366	1010	0	816	2	256	5451	0	2								
259	1	387	1009	0	821	1	275	5499	2	1								
260	1	342	965	0	788	5	247	5821	3	2								
261	1	308	889	0	840	3	284	5897	2	2								
262	1	265	871	0	870	5	286	5912	4	0								
263	1	239	843	0	820	1	308	6190	1	1								
264	1	231	741	0	775	1	301	6357	2	0								
265	1	180	690	0	787	1	302	6533	1	2								
266	1	162	650	0	770	0	307	6667	2	3								
267	1	136	590	0	727	0	277	6665	1	3								
268	1	93	537	0	611	0	281	6915	5	1								
269	1	59	435	0	582	0	328	7074	1	4								
270	1	35	379	0	562	0	325	7249	0	2								
271	1	28	330	0	519	0	270	7112	3	2								
272	1	14	233	0	373	0	227	7063	4	4								
273	1	6	183	0	351	0	172	6604	5	2								
274	1	9	131	0	330	0	151	6145	3	3								
275	1	5	100	0	271	0	109	5318	6	6								
276	1	4	60	0	271	0	71	4371	9	10								
277	1	5	45	0	244	0	47	3503	4	15								
278	1	7	34	0	214	0	38	2431	8	6								
279	1	4	31	0	188	0	21	1663	8	10								
280	1	3	36	0	126	0	12	1100	6	3								
281	1	5	38	0	105	0	7	661	8	5								
282	1	4	36	0	43	0	3	367	4	2								
283	1	7	40	0	27	0	3	260	2	0								
284	1	3	42	0	35	0	2	197	2	0								
285	1	5	41	0	27	0	6	130	2	0								
286	1	4	27	0	13	0	2	142	0	0								
287	1	4	31	0	13	0	4	142	0	0								
288	1	12	29	0	9	0	2	120	0	0								
289	1	5	27	0	12	0	2	137	0	0								
290	1	3	30	0	7	0	1	147	0	0								
291	1	1	38	0	13	0	3	131	0	0								
292	1	2	34	0	19	0	3	163	0	0								
293	1	6	36	0	10	0	5	131	0	0								
294	1	6	23	0	16	0	2	138	0	0								
295	1	6	35	0	7	0	2	141	0	0								
296	1	6	24	0	11	0	1	134	0	0								
297	1	3	31	0	9	0	2	141	0	0								
298	1	6	24	0	9	0	2	122	0	0								
299	1	6	36	0	7	1	2	136	0	0								
300	1	2	19	0	5	0	3	117	0	0								
301	1	10	23	0	8	0	4	122	0	0								
302	1	3	24	0	9	0	2	123	0	0								
303	1	9	22	0	12	0	7	131	0	0								
304	1	5	35	0	11	0	2	112	0	0								
305	1	6	20	0	14	0	1	125	0	0								
306	1	6	23	0	17	0	2	138	0	0								
307	1	2	26	0	8	0	2	110	0	0								
308	1	3	35	0	12	0	0	115	0	0								
309	1	3	29	0	11	0	3	121	0	0								
310	1	3	32	0	12	0	3	121	0	0								
311	1	6	28	0	18	0	2	124	0	0								
312	1	2	26	0	10	0	2	129	0	0								
313	1	3	33	0	16	0	2	136	0	0								
314	1	5	28	0	9	0	0	129	0	0								
315	1	4	28	0	13	0	4	126	0	0								
316	1	9	31	0	9	0	2	103	0	0								
317	1	3	31	0	11	0	4	114	0	0								
318	1	3	18	0	11	0	2	111	0	0								
319	1	5	32	0	6	0	0	120	0	0								
320	1	6	24	0	8	0	2	106	0	0								
321	1	1	29	0	16	0	1	119	0	0								
322	1	2	30	0	12	0	6	99	0	0								
323	1	6	19	0	15	0	2	113	0	0								
324	1	8	23	0	6	0	1	107	0	0								
325	1	3	33	0	10	0	1	98	0	0								
326	1	2	36	0	8	0	6	93	0	0								
327	1	4	29	0	10	0	3	118	0	0								
328	1	4	19	0	10	0	1	116	0	0								
329	1	0	26	0	10	0	3	106	0	0								
330	1	2	25	0	11	0	0	99	0	0								
331	1	6	28	0	15	0	2	94	0	0								
332	1	6	30	0	12	0	1	120	0	0								
333	1	2	37	0	5	0	1	103	0	0								
334	1	5	25	0	11	0	4	104	0	0								
335	1	1	22	0	6	0	1	103	0	0								
336	1	3	31	0	5	0	4	110	0	0								
337	1	5	26	0	8	0	2	111	0	0								
338	1	5	31	0	14	0	2	101	0	0								
339	1	0	9	0	6	0	2	109	0	0								
340	1	8	22	0	6	0	1	100	0	0								
341	1	3	22	0	12	0	0	112	0	0								
342	1	4	30	0	8	0	4	117	0	0								
343	1	6	20	0	6	0	3	86	0	0								
344	1	1	13	0	6	0	4	84	0	0								
345	1	4	21	0	10	0	0	88	0	0								
346	1	4	29	0	8	0	2	89	0	0								
347	1	2	24	0	9	0	2	103	0	0								
348	1	4	28	0	14	0	2	80	0	0								
349	1	6	28	0	8	0	2	116	0	0								
350	1	3	20	0	9	0	3	89	0	0								
351	1	6	24	0	5	0	3	98	0	0								
352	1	3	28	0	12	0	2	95	0	0								
353	1	4	25	0	10	0	1	95	1	0								
354	1	2	28	0	11	0	0	94	0	0								
355	1	2	24	0	11	0	3	96	0	0								
356	1	3	12	0	8	0	2	101	0	0								
357	1	3	25	0	13	0	1	75	0	0								
358	1	3	14	0	8	0	1	90	0	0								
359	1	3	22	0	7	0	3	78	0	0								
360	1	5	24	0	8	0	4	92	0	0								
361	1	4	26	0	9	0	2	84	0	0								
362	1	6	20	0	6	0	2	82	0	0								
363	1	1	23	0	7	0	0	93	0	0								
364	1	7	24	0	6	0	3	86	0	0								
365	1	1	18	0	8	0	2	82	0	0								
366	1	3	13	0	7	0	3	70	0	0								
367	1	1	19	0	8	0	0	75	0	0								
368	1	0	16	0	3	0	3	82	0	0								
369	1	6	14	0	8	0	2	71	0	0								
370	1	1	13	0	6	0	0	88	0	0								
371	1	6	19	0	11	0	1	90	0	0								
372	1	4	21	0	16	1	2	84	0	0								
373	1	8	12	0	8	0	1	75	0	0								
374	1	4	35	0	8	0	1	46	0	0								
375	1	2	21	0	7	0	2	73	0	0								
376	1	4	23	0	8	0	3	80	0	0								
377	1	1	19	0	2	0	2	91	0	0								
378	1	1	17	0	16	0	2	97	0	0								
379	1	3	22	0	7	0	1	63	0	0								
380	1	4	25	0	7	0	0	61	0	0								
381	1	5	18	0	6	0	1	78	0	0								
382	1	4	23	0	7	0	5	70	0	0								
383	1	2	18	0	9	0	3	97	0	0								
384	1	2	18	0	8	0	2	69	0	0								
385	1	3	23	0	3	0	2	71	0	0								
386	1	4	22	0	8	0	2	75	0	0								
387	1	2	16	0	13	0	2	89	0	0								
388	1	3	20	0	3	0	1	62	0	0								
389	1	3	11	0	8	0	3	83	0	0								
390	1	0	14	0	9	0	1	55	0	0								
391	1	1	17	0	7	0	0	59	0	0								
392	1	5	19	0	5	0	2	83	0	0								
393	1	3	23	0	8	0	4	70	0	0								
394	1	2	24	0	6	0	1	82	0	0								
395	1	3	23	0	10	0	2	58	0	0								
396	1	3	21	0	8	0	2	57	0	0								
397	1	2	20	0	11	0	1	72	0	0								
398	1	4	17	0	8	0	3	71	0	0								
399	1	4	19	0	4	0	2	62	0	0								
400	1	2	11	0	8	0	3	56	0	0								
401	0	0	0	0	0	0	0	0	0	0								
SUM	==>	153454	405471	33	191632	1613	56501	1144351	277	267								
