19000000
400
 ZONE MED   LOSS(MEV)      (MEV)    EXCITATION    PI0   (MEV)        PI+     K+    MU-    MU+     PROT    DEUT    TRIT     HE3    ALPH     ELSC    INEL    FISS
   1   1  0.854895E+07 0.120998E+04 0.2824E+02      3 0.5537E+02       0      0      0      0     8962    1768     496    1216    5213     6707   21323       0
   2   1  0.864664E+07 0.120027E+04 0.1839E+02      2 0.1445E+02       0      0      0      0    12059    2193     540    1284    5397     6782   21395       0
   3   1  0.870975E+07 0.121889E+04 0.3047E+02      7 0.1004E+03       0      0      0      0    13709    2209     613    1241    5304     6844   21460       0
   4   1  0.876464E+07 0.125841E+04 0.2661E+02      3 0.1663E+02       0      0      0      0    14842    2249     582    1193    5415     7183   21653       0
   5   1  0.881028E+07 0.124885E+04 0.4684E+02     10 0.1553E+03       0      0      0      0    15652    2340     589    1182    5353     7280   21685       0
   6   1  0.885801E+07 0.126033E+04 0.2731E+02      4 0.7119E+02       0      0      0      0    16781    2325     585    1300    5264     7288   21921       0
   7   1  0.889829E+07 0.130740E+04 0.4704E+02      6 0.9475E+02       0      0      0      0    17296    2206     582    1223    5525     7550   21973       0
   8   1  0.893955E+07 0.130292E+04 0.1580E+02      1 0.2578E+00       0      0      0      0    17798    2321     618    1217    5590     7364   22364       0
   9   1  0.897282E+07 0.130579E+04 0.2142E+02      4 0.4706E+02       0      0      0      0    18648    2337     581    1280    5420     7449   22268       0
  10   1  0.900754E+07 0.130399E+04 0.5550E+02      1 0.1497E+02       0      0      0      0    18967    2400     583    1186    5345     7774   22120       0
  11   1  0.904070E+07 0.132462E+04 0.3382E+02      2 0.2347E+02       0      0      0      0    19385    2386     615    1239    5508     7795   22547       0
  12   1  0.907080E+07 0.132422E+04 0.3988E+02      4 0.1211E+02       0      0      0      0    19703    2370     623    1139    5468     7865   22244       0
  13   1  0.910774E+07 0.135027E+04 0.4205E+02      4 0.5473E+02       0      0      0      0    20366    2323     619    1223    5659     7764   22801       0
  14   1  0.914083E+07 0.134708E+04 0.4239E+02      1 0.3563E+02       0      0      0      0    21030    2252     566    1246    5555     7913   22827       0
  15   1  0.916325E+07 0.132997E+04 0.2275E+02      0 0.0000E+00       0      0      0      0    21269    2250     624    1219    5512     7862   22707       0
  16   1  0.919128E+07 0.138252E+04 0.3642E+02      5 0.4640E+02       0      0      0      0    21181    2359     625    1242    5626     8255   22755       0
  17   1  0.921908E+07 0.135142E+04 0.0000E+00      0 0.0000E+00       0      0      0      0    21554    2343     585    1243    5525     8197   22676       0
  18   1  0.924694E+07 0.137591E+04 0.4147E+02      7 0.5529E+02       0      0      0      0    22054    2331     564    1263    5416     8270   22966       0
  19   1  0.927205E+07 0.139953E+04 0.4916E+02      3 0.8223E+02       0      0      0      0    22409    2309     603    1204    5595     8367   23024       0
  20   1  0.929133E+07 0.139372E+04 0.4455E+02      2 0.1980E+02       0      0      0      0    22237    2364     579    1207    5499     8553   22807       0
  21   1  0.932141E+07 0.139684E+04 0.3882E+02      1 0.1491E+02       0      0      0      0    22777    2411     600    1293    5558     8423   23082       0
  22   1  0.934751E+07 0.143390E+04 0.6537E+02      2 0.3622E+02       0      0      0      0    23136    2374     594    1248    5556     8640   23100       0
  23   1  0.937216E+07 0.143867E+04 0.3426E+02      1 0.6762E+01       0      0      0      0    23449    2371     576    1244    5715     8693   23129       0
  24   1  0.940098E+07 0.144310E+04 0.5859E+02      1 0.3196E+01       0      0      0      0    23776    2440     591    1273    5785     8685   23453       0
  25   1  0.942846E+07 0.145206E+04 0.4681E+02      2 0.8608E+01       0      0      0      0    24114    2476     603    1316    5858     8747   23611       0
  26   1  0.944739E+07 0.143925E+04 0.4532E+02      1 0.2212E+01       0      0      0      0    24191    2308     599    1224    5797     8909   23381       0
  27   1  0.947333E+07 0.147713E+04 0.9614E+02      2 0.1337E+02       0      0      0      0    24251    2435     642    1278    5628     8988   23460       0
  28   1  0.949796E+07 0.148084E+04 0.3447E+02      2 0.2517E+02       0      0      0      0    24678    2427     597    1298    5747     9034   23618       0
  29   1  0.951703E+07 0.150786E+04 0.6157E+02      1 0.8036E+01       0      0      0      0    25025    2360     594    1247    5707     9162   23556       0
  30   1  0.953589E+07 0.152019E+04 0.6311E+02      1 0.9645E+01       0      0      0      0    24955    2397     605    1255    5452     9156   23727       0
  31   1  0.955857E+07 0.151967E+04 0.4971E+02      0 0.0000E+00       0      0      0      0    25320    2373     601    1215    5627     9363   23480       0
  32   1  0.957803E+07 0.150014E+04 0.4710E+02      3 0.1880E+02       0      0      0      0    25406    2416     591    1190    5809     9192   23615       0
  33   1  0.960259E+07 0.150852E+04 0.3893E+02      2 0.1677E+02       0      0      0      0    25493    2284     597    1240    5732     9269   23730       0
  34   1  0.962528E+07 0.153881E+04 0.6234E+02      1 0.9508E+01       0      0      0      0    25681    2379     585    1268    5617     9415   23885       0
  35   1  0.965249E+07 0.155807E+04 0.4038E+02      1 0.1295E+01       0      0      0      0    26182    2362     649    1327    5840     9429   24137       0
  36   1  0.967256E+07 0.155411E+04 0.4180E+02      1 0.2788E+01       0      0      0      0    26094    2393     635    1280    5796     9544   23845       0
  37   1  0.969681E+07 0.157580E+04 0.8127E+02      2 0.1261E+02       0      0      0      0    26567    2452     575    1333    5830     9646   24153       0
  38   1  0.971694E+07 0.156052E+04 0.4284E+02      0 0.0000E+00       0      0      0      0    26498    2362     617    1247    5700     9644   24175       0
  39   1  0.974197E+07 0.154478E+04 0.3207E+02      1 0.1694E+02       0      0      0      0    26733    2468     628    1250    5811     9532   24345       0
  40   1  0.975941E+07 0.158472E+04 0.1662E+02      0 0.0000E+00       0      0      0      0    27241    2391     617    1183    5666     9868   24241       0
  41   1  0.977774E+07 0.158837E+04 0.7865E+02      6 0.5539E+02       0      0      0      0    27017    2345     591    1300    5726     9822   24250       0
  42   1  0.980230E+07 0.158662E+04 0.1324E+02      1 0.2811E+01       0      0      0      0    27541    2470     603    1293    5890     9826   24190       0
  43   1  0.981672E+07 0.162470E+04 0.5202E+02      0 0.0000E+00       0      0      0      0    27592    2550     582    1257    5766    10093   24488       0
  44   1  0.983956E+07 0.164513E+04 0.5592E+02      1 0.2298E+01       0      0      0      0    27525    2424     615    1267    5832    10116   24439       0
  45   1  0.985668E+07 0.161992E+04 0.7719E+01      2 0.2283E+02       0      0      0      0    27934    2447     574    1203    5749    10002   24274       0
  46   1  0.987487E+07 0.159085E+04 0.3936E+02      3 0.1481E+02       0      0      0      0    27951    2355     614    1232    5539     9891   24168       0
  47   1  0.989296E+07 0.160139E+04 0.2483E+02      0 0.0000E+00       0      0      0      0    27911    2413     603    1236    5763     9926   24390       0
  48   1  0.991629E+07 0.166625E+04 0.6793E+01      0 0.0000E+00       0      0      0      0    28321    2446     537    1226    5892    10401   24318       0
  49   1  0.993867E+07 0.162970E+04 0.6143E+02      2 0.1644E+02       0      0      0      0    28528    2378     586    1304    5937    10487   24676       0
  50   1  0.995464E+07 0.163852E+04 0.5455E+02      0 0.0000E+00       0      0      0      0    28588    2356     577    1196    5757    10283   24419       0
  51   1  0.997679E+07 0.162405E+04 0.1842E+02      0 0.0000E+00       0      0      0      0    29050    2443     607    1243    5983    10437   24650       0
  52   1  0.999638E+07 0.165506E+04 0.6522E+02      3 0.1326E+02       0      0      0      0    28824    2448     631    1250    5836    10476   24783       0
  53   1  0.100147E+08 0.165929E+04 0.4008E+02      1 0.2756E+01       0      0      0      0    29309    2408     559    1233    5810    10413   24846       0
  54   1  0.100285E+08 0.165217E+04 0.5581E+02      0 0.0000E+00       0      0      0      0    29106    2459     600    1245    5838    10423   24536       0
  55   1  0.100470E+08 0.167750E+04 0.2882E+02      1 0.4531E+01       0      0      0      0    29207    2429     598    1240    5754    10417   24800       0
  56   1  0.100679E+08 0.165796E+04 0.3890E+02      1 0.6389E+01       0      0      0      0    29157    2471     590    1258    5738    10587   24635       0
  57   1  0.100909E+08 0.165620E+04 0.2146E+02      1 0.4056E+01       0      0      0      0    29785    2467     633    1230    5893    10540   24778       0
  58   1  0.101056E+08 0.171133E+04 0.4627E+02      0 0.0000E+00       0      0      0      0    29694    2382     589    1212    5901    10637   24807       0
  59   1  0.101196E+08 0.167876E+04 0.5689E+02      0 0.0000E+00       0      0      0      0    29659    2484     576    1266    5604    10616   24731       0
  60   1  0.101368E+08 0.166836E+04 0.5635E+02      0 0.0000E+00       0      0      0      0    29936    2345     589    1259    5687    10664   24595       0
  61   1  0.101580E+08 0.167691E+04 0.2895E+02      0 0.0000E+00       0      0      0      0    30379    2355     628    1257    6098    10603   24735       0
  62   1  0.101703E+08 0.171852E+04 0.3680E+02      0 0.0000E+00       0      0      0      0    29801    2431     626    1271    5663    10991   24835       0
  63   1  0.101942E+08 0.168994E+04 0.2404E+02      0 0.0000E+00       0      0      0      0    30373    2388     616    1218    5926    10750   24799       0
  64   1  0.102074E+08 0.164498E+04 0.2552E+02      0 0.0000E+00       0      0      0      0    30645    2318     599    1261    5872    10712   24728       0
  65   1  0.102255E+08 0.171070E+04 0.2691E+02      0 0.0000E+00       0      0      0      0    30791    2467     613    1264    5988    11029   24976       0
  66   1  0.102437E+08 0.173549E+04 0.2647E+02      1 0.2300E+01       0      0      0      0    30727    2459     614    1249    6025    11025   25126       0
  67   1  0.102540E+08 0.172209E+04 0.2539E+02      0 0.0000E+00       0      0      0      0    30674    2406     580    1205    5926    11165   24876       0
  68   1  0.102738E+08 0.176073E+04 0.4755E+02      0 0.0000E+00       0      0      0      0    30582    2398     587    1282    5966    11318   25181       0
  69   1  0.102913E+08 0.175578E+04 0.2935E+02      0 0.0000E+00       0      0      0      0    30763    2420     563    1259    5846    11214   24872       0
  70   1  0.103044E+08 0.177399E+04 0.6925E+02      0 0.0000E+00       0      0      0      0    30851    2416     590    1131    5812    11317   25166       0
  71   1  0.103263E+08 0.178026E+04 0.5522E+02      0 0.0000E+00       0      0      0      0    30987    2384     588    1234    5891    11418   25066       0
  72   1  0.103423E+08 0.177138E+04 0.3575E+02      0 0.0000E+00       0      0      0      0    31228    2421     630    1250    5951    11506   25149       0
  73   1  0.103593E+08 0.177541E+04 0.3876E+02      1 0.4459E+00       0      0      0      0    31314    2363     581    1280    6005    11448   25182       0
  74   1  0.103759E+08 0.179867E+04 0.6237E+02      0 0.0000E+00       0      0      0      0    31232    2509     569    1267    5805    11590   25128       0
  75   1  0.103943E+08 0.178844E+04 0.5013E+02      0 0.0000E+00       0      0      0      0    31646    2447     551    1244    5760    11643   25232       0
  76   1  0.104177E+08 0.182588E+04 0.2121E+02      0 0.0000E+00       0      0      0      0    31787    2488     596    1247    6101    11879   25408       0
  77   1  0.104367E+08 0.178051E+04 0.7440E+02      0 0.0000E+00       0      0      0      0    31948    2502     592    1225    5943    11547   25377       0
  78   1  0.104515E+08 0.179395E+04 0.1087E+02      0 0.0000E+00       0      0      0      0    32031    2491     615    1301    5984    11594   25333       0
  79   1  0.104690E+08 0.181184E+04 0.3373E+02      0 0.0000E+00       0      0      0      0    31988    2535     612    1306    6055    11651   25471       0
  80   1  0.104855E+08 0.183120E+04 0.3227E+02      0 0.0000E+00       0      0      0      0    32164    2438     648    1224    6050    11735   25434       0
  81   1  0.104964E+08 0.181386E+04 0.5028E+02      0 0.0000E+00       0      0      0      0    32301    2405     579    1228    5852    11744   24813       0
  82   1  0.105143E+08 0.182554E+04 0.3392E+02      0 0.0000E+00       0      0      0      0    32201    2391     531    1212    5850    11838   25265       0
  83   1  0.105346E+08 0.184603E+04 0.3998E+02      0 0.0000E+00       0      0      0      0    32269    2316     599    1275    6050    11982   25533       0
  84   1  0.105487E+08 0.183691E+04 0.4067E+02      0 0.0000E+00       0      0      0      0    32578    2440     561    1241    5923    12065   25140       0
  85   1  0.105636E+08 0.182525E+04 0.4587E+02      0 0.0000E+00       0      0      0      0    32536    2376     584    1290    5940    12012   25321       0
  86   1  0.105829E+08 0.180937E+04 0.3715E+02      0 0.0000E+00       0      0      0      0    32789    2393     630    1269    6018    11978   25476       0
  87   1  0.105963E+08 0.184542E+04 0.6774E+02      0 0.0000E+00       0      0      0      0    32772    2309     600    1301    5910    12044   25459       0
  88   1  0.106146E+08 0.185786E+04 0.2291E+02      0 0.0000E+00       0      0      0      0    32921    2390     611    1173    5947    12203   25359       0
  89   1  0.106355E+08 0.187825E+04 0.4244E+02      0 0.0000E+00       0      0      0      0    33272    2432     614    1262    6111    12379   25750       0
  90   1  0.106507E+08 0.186884E+04 0.1795E+02      0 0.0000E+00       0      0      0      0    33201    2345     613    1240    6072    12316   25303       0
  91   1  0.106674E+08 0.187775E+04 0.5896E+02      0 0.0000E+00       0      0      0      0    33278    2344     606    1271    6017    12384   25903       0
  92   1  0.106839E+08 0.188878E+04 0.3447E+02      0 0.0000E+00       0      0      0      0    33215    2440     642    1195    5875    12332   25735       0
  93   1  0.107011E+08 0.189097E+04 0.5104E+02      0 0.0000E+00       0      0      0      0    33650    2417     575    1240    6004    12477   25656       0
  94   1  0.107181E+08 0.190627E+04 0.7781E+02      1 0.3593E+00       0      0      0      0    33623    2460     616    1177    6079    12607   25494       0
  95   1  0.107274E+08 0.190571E+04 0.3115E+02      0 0.0000E+00       0      0      0      0    33607    2324     596    1246    5829    12561   25340       0
  96   1  0.107412E+08 0.191194E+04 0.6811E+02      0 0.0000E+00       0      0      0      0    33480    2448     557    1204    6005    12552   25136       0
  97   1  0.107609E+08 0.193817E+04 0.7849E+02      0 0.0000E+00       0      0      0      0    33673    2325     581    1278    6078    12727   25346       0
  98   1  0.107758E+08 0.190318E+04 0.5584E+02      0 0.0000E+00       0      0      0      0    33609    2388     631    1239    5925    12777   25548       0
  99   1  0.107927E+08 0.194319E+04 0.4229E+02      0 0.0000E+00       0      0      0      0    34359    2463     607    1295    5894    12856   25535       0
 100   1  0.108071E+08 0.195430E+04 0.2559E+02      0 0.0000E+00       0      0      0      0    33971    2347     601    1217    5950    12961   25766       0
 101   1  0.108235E+08 0.195369E+04 0.4018E+02      0 0.0000E+00       0      0      0      0    34129    2340     624    1270    5898    12755   25563       0
 102   1  0.108434E+08 0.194787E+04 0.3323E+02      0 0.0000E+00       0      0      0      0    34128    2407     596    1247    6202    12955   25941       0
 103   1  0.108561E+08 0.194708E+04 0.4118E+02      0 0.0000E+00       0      0      0      0    34122    2477     647    1256    6000    12867   25582       0
 104   1  0.108669E+08 0.198781E+04 0.4711E+02      0 0.0000E+00       0      0      0      0    34031    2374     588    1202    5741    13102   25273       0
 105   1  0.108865E+08 0.198572E+04 0.4972E+02      0 0.0000E+00       0      0      0      0    34178    2351     584    1253    6037    13257   25534       0
 106   1  0.109023E+08 0.195969E+04 0.5274E+02      0 0.0000E+00       0      0      0      0    34777    2391     634    1246    5877    13088   25468       0
 107   1  0.109161E+08 0.199720E+04 0.2101E+02      0 0.0000E+00       0      0      0      0    34498    2361     605    1245    5896    13245   25641       0
 108   1  0.109297E+08 0.200454E+04 0.3000E+02      0 0.0000E+00       0      0      0      0    34515    2441     626    1206    5985    13475   25632       0
 109   1  0.109504E+08 0.199418E+04 0.5253E+02      0 0.0000E+00       0      0      0      0    34597    2465     593    1260    6123    13470   25821       0
 110   1  0.109638E+08 0.202406E+04 0.3714E+02      0 0.0000E+00       0      0      0      0    34854    2387     524    1296    6010    13459   25750       0
 111   1  0.109793E+08 0.202821E+04 0.5648E+02      0 0.0000E+00       0      0      0      0    34947    2391     584    1300    5945    13466   25706       0
 112   1  0.109920E+08 0.204050E+04 0.4057E+02      0 0.0000E+00       0      0      0      0    34869    2366     560    1255    6072    13549   25728       0
 113   1  0.110039E+08 0.205399E+04 0.6369E+02      0 0.0000E+00       0      0      0      0    35088    2394     595    1261    6035    13730   25444       0
 114   1  0.110203E+08 0.208272E+04 0.5116E+02      0 0.0000E+00       0      0      0      0    35029    2501     591    1221    5885    13734   25698       0
 115   1  0.110349E+08 0.204669E+04 0.4057E+02      0 0.0000E+00       0      0      0      0    34876    2423     590    1269    5919    13710   25729       0
 116   1  0.110498E+08 0.208106E+04 0.1218E+02      0 0.0000E+00       0      0      0      0    35527    2450     583    1242    5863    14146   25601       0
 117   1  0.110624E+08 0.210341E+04 0.6004E+02      0 0.0000E+00       0      0      0      0    35051    2514     579    1231    5989    14106   25692       0
 118   1  0.110721E+08 0.208479E+04 0.4500E+02      0 0.0000E+00       0      0      0      0    34971    2407     601    1226    5859    14134   25358       0
 119   1  0.110893E+08 0.209312E+04 0.6060E+02      0 0.0000E+00       0      0      0      0    35255    2419     567    1201    6069    13955   25612       0
 120   1  0.111029E+08 0.212522E+04 0.3504E+02      0 0.0000E+00       0      0      0      0    35248    2328     613    1276    5898    14308   25523       0
 121   1  0.111180E+08 0.213727E+04 0.2901E+02      0 0.0000E+00       0      0      0      0    35490    2309     565    1244    5847    14414   25463       0
 122   1  0.111354E+08 0.212181E+04 0.1852E+02      0 0.0000E+00       0      0      0      0    35719    2403     562    1260    5866    14477   25331       0
 123   1  0.111461E+08 0.211935E+04 0.5786E+02      0 0.0000E+00       0      0      0      0    35456    2381     573    1177    5930    14397   25580       0
 124   1  0.111592E+08 0.212683E+04 0.6546E+02      0 0.0000E+00       0      0      0      0    35712    2367     566    1191    5768    14560   25442       0
 125   1  0.111768E+08 0.213154E+04 0.3644E+02      0 0.0000E+00       0      0      0      0    35516    2415     567    1198    6072    14728   25687       0
 126   1  0.111953E+08 0.219571E+04 0.3328E+02      0 0.0000E+00       0      0      0      0    35482    2359     606    1217    5908    14810   25319       0
 127   1  0.112172E+08 0.211691E+04 0.3398E+02      0 0.0000E+00       0      0      0      0    35708    2417     564    1207    6088    14705   25712       0
 128   1  0.112269E+08 0.212901E+04 0.4832E+02      0 0.0000E+00       0      0      0      0    35923    2320     560    1140    6000    14638   25558       0
 129   1  0.112484E+08 0.218585E+04 0.1913E+02      0 0.0000E+00       0      0      0      0    35921    2395     578    1226    5983    15041   25640       0
 130   1  0.112649E+08 0.219555E+04 0.4126E+02      0 0.0000E+00       0      0      0      0    35859    2275     603    1233    6012    15009   25459       0
 131   1  0.112829E+08 0.220214E+04 0.5007E+02      0 0.0000E+00       0      0      0      0    36200    2424     587    1220    6099    15027   25883       0
 132   1  0.113010E+08 0.221909E+04 0.4526E+02      0 0.0000E+00       0      0      0      0    36093    2339     572    1280    5977    15247   25868       0
 133   1  0.113163E+08 0.221562E+04 0.9309E+02      0 0.0000E+00       0      0      0      0    35967    2321     556    1244    5838    15201   25752       0
 134   1  0.113331E+08 0.217488E+04 0.3638E+02      0 0.0000E+00       0      0      0      0    36253    2287     587    1123    6040    14937   25624       0
 135   1  0.113467E+08 0.224425E+04 0.3425E+02      0 0.0000E+00       0      0      0      0    36371    2350     568    1241    5862    15547   25675       0
 136   1  0.113576E+08 0.221000E+04 0.2321E+02      0 0.0000E+00       0      0      0      0    36107    2345     579    1184    5965    15391   25414       0
 137   1  0.113762E+08 0.225700E+04 0.4159E+02      0 0.0000E+00       0      0      0      0    36370    2288     542    1153    5936    15432   25850       0
 138   1  0.113889E+08 0.220398E+04 0.2252E+02      0 0.0000E+00       0      0      0      0    36114    2308     590    1135    5890    15377   25636       0
 139   1  0.114102E+08 0.229334E+04 0.9915E+02      0 0.0000E+00       0      0      0      0    36547    2422     536    1193    5967    15494   25656       0
 140   1  0.114244E+08 0.228714E+04 0.1058E+03      0 0.0000E+00       0      0      0      0    36836    2420     582    1186    6002    15810   25805       0
 141   1  0.114372E+08 0.227160E+04 0.6465E+02      0 0.0000E+00       0      0      0      0    36802    2340     569    1194    5937    15533   25715       0
 142   1  0.114496E+08 0.228463E+04 0.7203E+02      0 0.0000E+00       0      0      0      0    36547    2327     560    1208    5829    15941   25651       0
 143   1  0.114658E+08 0.225780E+04 0.5206E+02      0 0.0000E+00       0      0      0      0    36774    2380     558    1177    6014    15912   25794       0
 144   1  0.114754E+08 0.226795E+04 0.5231E+02      0 0.0000E+00       0      0      0      0    36666    2308     570    1149    5887    16059   25446       0
 145   1  0.114875E+08 0.234611E+04 0.4096E+02      0 0.0000E+00       0      0      0      0    36979    2380     591    1147    5795    16195   25697       0
 146   1  0.114998E+08 0.235670E+04 0.3380E+02      0 0.0000E+00       0      0      0      0    36771    2291     579    1149    6011    16331   25613       0
 147   1  0.115139E+08 0.227945E+04 0.5099E+02      0 0.0000E+00       0      0      0      0    36595    2295     541    1166    5959    16076   25649       0
 148   1  0.115273E+08 0.230492E+04 0.2624E+02      0 0.0000E+00       0      0      0      0    36967    2313     610    1227    5840    16095   25828       0
 149   1  0.115447E+08 0.231986E+04 0.5259E+02      0 0.0000E+00       0      0      0      0    37056    2348     519    1144    6180    16468   25795       0
 150   1  0.115621E+08 0.237392E+04 0.7103E+02      0 0.0000E+00       0      0      0      0    37022    2308     520    1163    6154    16782   25823       0
 151   1  0.115789E+08 0.234241E+04 0.5426E+02      0 0.0000E+00       0      0      0      0    37496    2258     547    1203    5806    16261   25819       0
 152   1  0.116096E+08 0.237597E+04 0.5983E+02      0 0.0000E+00       0      0      0      0    37563    2339     525    1223    5927    16595   25968       0
 153   1  0.116381E+08 0.241791E+04 0.9076E+02      0 0.0000E+00       0      0      0      0    37352    2373     553    1189    5835    16852   25650       0
 154   1  0.116839E+08 0.238470E+04 0.1055E+02      0 0.0000E+00       0      0      0      0    37740    2440     540    1198    6088    16862   25981       0
 155   1  0.117241E+08 0.244461E+04 0.5738E+02      0 0.0000E+00       0      0      0      0    37394    2329     571    1184    6107    17116   25790       0
 156   1  0.117721E+08 0.243468E+04 0.8219E+02      0 0.0000E+00       0      0      0      0    37374    2391     560    1173    5901    16977   25998       0
 157   1  0.118094E+08 0.245363E+04 0.1266E+02      0 0.0000E+00       0      0      0      0    37696    2251     546    1153    5952    17141   25474       0
 158   1  0.118441E+08 0.249301E+04 0.4975E+02      0 0.0000E+00       0      0      0      0    37936    2237     535    1175    5855    17316   25831       0
 159   1  0.118737E+08 0.241577E+04 0.2586E+02      0 0.0000E+00       0      0      0      0    37701    2305     559    1137    5940    17140   25414       0
 160   1  0.118958E+08 0.251498E+04 0.7321E+02      0 0.0000E+00       0      0      0      0    37699    2272     549    1237    5846    17669   25937       0
 161   1  0.119251E+08 0.248655E+04 0.3110E+02      0 0.0000E+00       0      0      0      0    38027    2293     571    1214    5964    17590   25817       0
 162   1  0.119485E+08 0.248564E+04 0.4984E+02      0 0.0000E+00       0      0      0      0    38367    2308     523    1174    6130    17730   25855       0
 163   1  0.119663E+08 0.247915E+04 0.7240E+02      0 0.0000E+00       0      0      0      0    37712    2209     552    1184    5844    17796   25729       0
 164   1  0.119915E+08 0.254450E+04 0.4926E+02      0 0.0000E+00       0      0      0      0    38174    2149     550    1185    5925    18033   25712       0
 165   1  0.120105E+08 0.256599E+04 0.6603E+02      0 0.0000E+00       0      0      0      0    38331    2219     541    1142    5835    18239   25711       0
 166   1  0.120384E+08 0.263271E+04 0.3486E+02      0 0.0000E+00       0      0      0      0    38430    2333     516    1168    5962    18659   26062       0
 167   1  0.120622E+08 0.261270E+04 0.6923E+02      0 0.0000E+00       0      0      0      0    38235    2261     530    1173    5926    18432   25739       0
 168   1  0.120861E+08 0.260555E+04 0.6953E+02      0 0.0000E+00       0      0      0      0    38435    2308     524    1213    5874    18846   25716       0
 169   1  0.121076E+08 0.259078E+04 0.3267E+02      0 0.0000E+00       0      0      0      0    38271    2280     519    1128    5843    18689   25524       0
 170   1  0.121360E+08 0.270529E+04 0.2447E+02      0 0.0000E+00       0      0      0      0    38615    2227     505    1208    6001    19242   26063       0
 171   1  0.121618E+08 0.262133E+04 0.3793E+02      0 0.0000E+00       0      0      0      0    38702    2235     530    1190    5843    19041   25784       0
 172   1  0.121842E+08 0.265443E+04 0.5160E+02      0 0.0000E+00       0      0      0      0    38418    2200     533    1161    5940    19248   25872       0
 173   1  0.122135E+08 0.269828E+04 0.5412E+02      0 0.0000E+00       0      0      0      0    38690    2294     507    1166    5940    19355   25972       0
 174   1  0.122319E+08 0.269827E+04 0.4396E+02      0 0.0000E+00       0      0      0      0    38668    2172     527    1077    5826    19377   25580       0
 175   1  0.122635E+08 0.272521E+04 0.4469E+02      0 0.0000E+00       0      0      0      0    39014    2236     512    1108    6039    19732   26032       0
 176   1  0.122836E+08 0.270255E+04 0.4335E+02      0 0.0000E+00       0      0      0      0    38876    2230     511    1113    5781    19587   25603       0
 177   1  0.123087E+08 0.272950E+04 0.5030E+02      0 0.0000E+00       0      0      0      0    38476    2183     485    1115    5772    20041   25570       0
 178   1  0.123370E+08 0.278164E+04 0.6717E+02      0 0.0000E+00       0      0      0      0    39051    2156     499    1059    5800    20075   25381       0
 179   1  0.123678E+08 0.275514E+04 0.5241E+02      0 0.0000E+00       0      0      0      0    39054    2230     567    1166    5935    20283   25685       0
 180   1  0.123968E+08 0.276486E+04 0.3201E+02      0 0.0000E+00       0      0      0      0    39241    2262     519    1154    5897    20199   25715       0
 181   1  0.124252E+08 0.279137E+04 0.4882E+02      0 0.0000E+00       0      0      0      0    39569    2220     519    1137    5958    20545   25801       0
 182   1  0.124544E+08 0.282384E+04 0.4091E+02      0 0.0000E+00       0      0      0      0    38885    2169     453    1199    5984    20532   25812       0
 183   1  0.124864E+08 0.285537E+04 0.3476E+02      0 0.0000E+00       0      0      0      0    39613    2168     532    1083    5880    20856   25718       0
 184   1  0.125131E+08 0.286439E+04 0.5505E+02      0 0.0000E+00       0      0      0      0    39546    2259     523    1164    5780    20933   25988       0
 185   1  0.125350E+08 0.290934E+04 0.4544E+02      0 0.0000E+00       0      0      0      0    39665    2188     471    1147    5564    21282   25224       0
 186   1  0.125665E+08 0.289247E+04 0.7985E+02      0 0.0000E+00       0      0      0      0    39544    2124     444    1137    5953    21158   25775       0
 187   1  0.125974E+08 0.287388E+04 0.3806E+02      0 0.0000E+00       0      0      0      0    39616    2281     500    1139    5696    21216   25923       0
 188   1  0.126327E+08 0.289646E+04 0.6469E+02      0 0.0000E+00       0      0      0      0    39734    2187     491    1139    6060    21545   25843       0
 189   1  0.126626E+08 0.295514E+04 0.3728E+02      0 0.0000E+00       0      0      0      0    39645    2215     491    1156    5755    21626   25610       0
 190   1  0.126909E+08 0.294511E+04 0.6427E+02      0 0.0000E+00       0      0      0      0    39614    2144     510    1092    5976    21718   25643       0
 191   1  0.127301E+08 0.296739E+04 0.5812E+02      0 0.0000E+00       0      0      0      0    39874    2216     528    1162    6042    21926   26117       0
 192   1  0.127619E+08 0.306336E+04 0.4060E+02      0 0.0000E+00       0      0      0      0    40269    2128     491    1129    5873    22318   25609       0
 193   1  0.127876E+08 0.296275E+04 0.4631E+02      0 0.0000E+00       0      0      0      0    40285    2153     497    1065    5718    22214   25534       0
 194   1  0.128221E+08 0.303793E+04 0.5900E+02      0 0.0000E+00       0      0      0      0    40222    2116     514    1110    5887    22531   25607       0
 195   1  0.128543E+08 0.305756E+04 0.3919E+02      0 0.0000E+00       0      0      0      0    40170    2183     470    1116    5862    22537   25945       0
 196   1  0.128827E+08 0.307359E+04 0.5122E+02      0 0.0000E+00       0      0      0      0    39764    2161     439    1112    5857    22654   25680       0
 197   1  0.129190E+08 0.310007E+04 0.2874E+02      0 0.0000E+00       0      0      0      0    40344    2094     512    1108    5857    23114   25565       0
 198   1  0.129531E+08 0.309036E+04 0.2848E+02      0 0.0000E+00       0      0      0      0    40059    2182     518    1152    5935    23149   25577       0
 199   1  0.129818E+08 0.312830E+04 0.2318E+02      0 0.0000E+00       0      0      0      0    40328    2062     524    1083    5900    23478   25578       0
 200   1  0.130128E+08 0.316637E+04 0.6376E+02      0 0.0000E+00       0      0      0      0    40131    2107     482    1118    5861    23605   25326       0
 201   1  0.130452E+08 0.316297E+04 0.5195E+02      0 0.0000E+00       0      0      0      0    40194    2120     439    1078    5724    23254   25560       0
 202   1  0.130825E+08 0.316589E+04 0.3616E+02      0 0.0000E+00       0      0      0      0    40456    2101     507    1094    5902    23636   25470       0
 203   1  0.131156E+08 0.327320E+04 0.6468E+02      0 0.0000E+00       0      0      0      0    40824    2052     446    1129    5909    24134   25672       0
 204   1  0.131518E+08 0.323002E+04 0.5237E+02      0 0.0000E+00       0      0      0      0    40562    2132     489    1093    5706    24047   25521       0
 205   1  0.131948E+08 0.325821E+04 0.4082E+02      0 0.0000E+00       0      0      0      0    40573    2091     443    1022    5789    24268   25535       0
 206   1  0.132383E+08 0.326148E+04 0.8113E+02      0 0.0000E+00       0      0      0      0    40688    2105     487    1079    5937    24686   25404       0
 207   1  0.132908E+08 0.336995E+04 0.2151E+02      0 0.0000E+00       0      0      0      0    40817    2119     444    1068    5814    24955   25663       0
 208   1  0.133492E+08 0.333141E+04 0.4345E+02      0 0.0000E+00       0      0      0      0    40874    2082     459    1059    5904    25206   25665       0
 209   1  0.134173E+08 0.335915E+04 0.6254E+02      0 0.0000E+00       0      0      0      0    41584    2225     457    1121    6039    25452   26020       0
 210   1  0.134704E+08 0.342786E+04 0.4124E+02      0 0.0000E+00       0      0      0      0    41449    2130     464    1105    5851    25668   25997       0
 211   1  0.135293E+08 0.344325E+04 0.4216E+02      0 0.0000E+00       0      0      0      0    41889    2105     474    1060    5866    25711   26151       0
 212   1  0.135844E+08 0.339914E+04 0.5705E+02      0 0.0000E+00       0      0      0      0    42075    2162     454     997    5836    25645   26068       0
 213   1  0.136370E+08 0.344440E+04 0.3082E+02      0 0.0000E+00       0      0      0      0    42244    2088     503    1042    5944    26259   26071       0
 214   1  0.136897E+08 0.348070E+04 0.7093E+02      0 0.0000E+00       0      0      0      0    42236    2099     459    1072    5976    26006   26178       0
 215   1  0.137410E+08 0.355058E+04 0.4912E+02      0 0.0000E+00       0      0      0      0    42028    2029     463    1053    6007    26669   26060       0
 216   1  0.137936E+08 0.353410E+04 0.7148E+02      0 0.0000E+00       0      0      0      0    42034    2086     457    1009    5802    26957   26008       0
 217   1  0.138576E+08 0.364616E+04 0.5588E+02      0 0.0000E+00       0      0      0      0    42417    2142     451    1127    5867    27413   26451       0
 218   1  0.139154E+08 0.366511E+04 0.4455E+02      0 0.0000E+00       0      0      0      0    42268    2111     454    1084    6005    27434   26165       0
 219   1  0.139779E+08 0.367742E+04 0.7705E+02      0 0.0000E+00       0      0      0      0    42467    2018     456    1085    5901    27901   26101       0
 220   1  0.140462E+08 0.366823E+04 0.9867E+02      0 0.0000E+00       0      0      0      0    42539    2042     455    1056    5969    27881   26296       0
 221   1  0.141132E+08 0.375695E+04 0.5304E+02      0 0.0000E+00       0      0      0      0    42703    2076     438    1017    5990    28621   26099       0
 222   1  0.141777E+08 0.378789E+04 0.1206E+02      0 0.0000E+00       0      0      0      0    43205    2058     451    1050    5823    28944   26275       0
 223   1  0.142378E+08 0.374851E+04 0.6967E+02      0 0.0000E+00       0      0      0      0    42767    2074     475    1107    5810    28825   26177       0
 224   1  0.142989E+08 0.379319E+04 0.6258E+02      0 0.0000E+00       0      0      0      0    43009    2093     421    1055    5846    29226   26487       0
 225   1  0.143544E+08 0.392119E+04 0.5019E+02      0 0.0000E+00       0      0      0      0    42992    2008     437     993    5782    30065   26015       0
 226   1  0.144184E+08 0.390754E+04 0.5405E+02      0 0.0000E+00       0      0      0      0    43134    2072     423    1043    5831    30100   26078       0
 227   1  0.144841E+08 0.396293E+04 0.4969E+02      0 0.0000E+00       0      0      0      0    42941    2070     425    1032    5972    30350   26308       0
 228   1  0.145570E+08 0.398203E+04 0.8331E+02      0 0.0000E+00       0      0      0      0    43504    2059     410    1004    5898    30817   26314       0
 229   1  0.146330E+08 0.406962E+04 0.3164E+02      0 0.0000E+00       0      0      0      0    43460    2064     438     981    5825    31271   26357       0
 230   1  0.147180E+08 0.407130E+04 0.8818E+02      0 0.0000E+00       0      0      0      0    43609    2012     418     956    5902    31289   26079       0
 231   1  0.148095E+08 0.412391E+04 0.5510E+02      0 0.0000E+00       0      0      0      0    43518    1955     431     990    5882    31802   26671       0
 232   1  0.149044E+08 0.421154E+04 0.7581E+02      0 0.0000E+00       0      0      0      0    44126    2050     430     945    5826    32530   26528       0
 233   1  0.150003E+08 0.422723E+04 0.7533E+02      0 0.0000E+00       0      0      0      0    43614    1967     408     932    5964    32630   26462       0
 234   1  0.151085E+08 0.427316E+04 0.4501E+02      0 0.0000E+00       0      0      0      0    44047    2067     420     902    6003    32891   26533       0
 235   1  0.152139E+08 0.433427E+04 0.5098E+02      0 0.0000E+00       0      0      0      0    44138    2064     385     998    5947    33437   26406       0
 236   1  0.153193E+08 0.442705E+04 0.5270E+02      0 0.0000E+00       0      0      0      0    44389    2016     430     942    5838    34167   26606       0
 237   1  0.154318E+08 0.441288E+04 0.4634E+02      0 0.0000E+00       0      0      0      0    44512    2008     445     913    5846    34253   26504       0
 238   1  0.155436E+08 0.452065E+04 0.9350E+02      0 0.0000E+00       0      0      0      0    43979    2034     380    1008    5690    34616   26536       0
 239   1  0.156794E+08 0.454405E+04 0.3074E+02      0 0.0000E+00       0      0      0      0    44640    1961     415     988    6076    35348   26993       0
 240   1  0.158103E+08 0.455200E+04 0.4323E+02      0 0.0000E+00       0      0      0      0    45140    1992     413     962    5987    35647   26870       0
 241   1  0.159446E+08 0.462688E+04 0.5876E+02      0 0.0000E+00       0      0      0      0    45120    2055     415     912    5934    35616   27082       0
 242   1  0.160800E+08 0.456903E+04 0.5561E+02      0 0.0000E+00       0      0      0      0    44850    1971     384     935    5827    35601   26917       0
 243   1  0.162365E+08 0.469999E+04 0.7095E+02      0 0.0000E+00       0      0      0      0    45497    2043     367     952    5941    36521   27514       0
 244   1  0.163942E+08 0.475474E+04 0.8055E+02      0 0.0000E+00       0      0      0      0    46200    1957     422     895    5962    36909   27240       0
 245   1  0.165563E+08 0.472244E+04 0.4707E+02      0 0.0000E+00       0      0      0      0    45663    2027     384     951    6091    36857   27778       0
 246   1  0.167294E+08 0.473166E+04 0.4369E+02      0 0.0000E+00       0      0      0      0    46243    2168     383     977    6011    37197   28073       0
 247   1  0.169093E+08 0.483493E+04 0.9515E+02      0 0.0000E+00       0      0      0      0    46154    2055     404     945    6266    37917   28075       0
 248   1  0.170995E+08 0.486208E+04 0.2310E+02      0 0.0000E+00       0      0      0      0    46440    2064     377     940    6112    38011   28351       0
 249   1  0.172978E+08 0.498268E+04 0.8244E+02      0 0.0000E+00       0      0      0      0    46913    2092     397     911    6058    38997   28317       0
 250   1  0.175058E+08 0.504101E+04 0.6587E+02      0 0.0000E+00       0      0      0      0    47008    2019     362     893    6237    39071   28546       0
 251   1  0.177347E+08 0.505716E+04 0.7491E+02      0 0.0000E+00       0      0      0      0    47385    2101     392     933    6261    39564   28800       0
 252   1  0.179747E+08 0.511633E+04 0.5190E+02      0 0.0000E+00       0      0      0      0    47795    2137     387     922    6312    40250   28925       0
 253   1  0.182247E+08 0.520559E+04 0.2484E+02      0 0.0000E+00       0      0      0      0    47894    2010     377     920    6372    40734   29521       0
 254   1  0.184928E+08 0.523744E+04 0.4880E+02      0 0.0000E+00       0      0      0      0    48424    2121     411     925    6237    41094   29796       0
 255   1  0.187805E+08 0.535788E+04 0.6622E+02      0 0.0000E+00       0      0      0      0    48838    2112     378     909    6366    42034   29891       0
 256   1  0.190901E+08 0.549326E+04 0.4658E+02      0 0.0000E+00       0      0      0      0    49897    2185     369     899    6330    42730   30596       0
 257   1  0.194136E+08 0.555419E+04 0.9103E+02      0 0.0000E+00       0      0      0      0    50251    2142     425     869    6413    43300   30639       0
 258   1  0.197674E+08 0.564770E+04 0.6788E+02      0 0.0000E+00       0      0      0      0    51381    2112     395     872    6429    44309   31068       0
 259   1  0.201495E+08 0.580017E+04 0.4811E+02      0 0.0000E+00       0      0      0      0    52133    2158     396     907    6767    45420   31612       0
 260   1  0.205578E+08 0.582698E+04 0.9668E+02      0 0.0000E+00       0      0      0      0    52860    2196     383     885    6725    46078   31906       0
 261   1  0.210043E+08 0.588791E+04 0.4310E+02      0 0.0000E+00       0      0      0      0    54182    2155     406     852    6816    46510   32224       0
 262   1  0.214949E+08 0.598461E+04 0.1054E+03      0 0.0000E+00       0      0      0      0    55258    2200     426     872    6873    47181   33164       0
 263   1  0.220346E+08 0.617969E+04 0.9679E+02      0 0.0000E+00       0      0      0      0    57339    2225     401     822    6807    48596   33292       0
 264   1  0.226437E+08 0.626335E+04 0.8661E+02      0 0.0000E+00       0      0      0      0    60444    2344     422     795    7208    49109   34351       0
 265   1  0.233150E+08 0.630923E+04 0.6241E+02      0 0.0000E+00       0      0      0      0    63442    2198     397     832    7226    49474   34855       0
 266   1  0.240782E+08 0.642127E+04 0.6051E+02      0 0.0000E+00       0      0      0      0    68097    2285     414     819    7542    50357   35794       0
 267   1  0.249531E+08 0.642641E+04 0.1322E+03      0 0.0000E+00       0      0      0      0    75119    2243     427     778    7711    50652   36906       0
 268   1  0.259500E+08 0.655250E+04 0.8489E+02      0 0.0000E+00       0      0      0      0    84192    2317     452     789    7743    51181   38236       0
 269   1  0.271130E+08 0.658264E+04 0.7846E+02      0 0.0000E+00       0      0      0      0    98797    2347     448     767    8032    51628   39464       0
 270   1  0.284809E+08 0.662523E+04 0.1450E+03      0 0.0000E+00       0      0      0      0   122037    2486     363     729    8122    51768   41858       0
 271   1  0.301123E+08 0.666131E+04 0.1843E+03      0 0.0000E+00       0      0      0      0   163360    2451     342     631    8026    52195   44487       0
 272   1  0.320292E+08 0.659701E+04 0.2073E+03      0 0.0000E+00       0      0      0      0   232046    2444     317     607    7813    51428   48280       0
 273   1  0.342193E+08 0.640182E+04 0.2486E+03      0 0.0000E+00       0      0      0      0   349769    2318     254     507    7409    50308   54254       0
 274   1  0.365336E+08 0.615746E+04 0.3417E+03      0 0.0000E+00       0      0      0      0   532598    2151     222     430    6739    47989   61593       0
 275   1  0.386396E+08 0.575127E+04 0.3353E+03      0 0.0000E+00       0      0      0      0   795311    1949     205     323    6075    45010   71400       0
 276   1  0.399564E+08 0.520250E+04 0.4000E+03      0 0.0000E+00       0      0      0      0  1120905    1640     165     241    5126    40469   81856       0
 277   1  0.398147E+08 0.449115E+04 0.4713E+03      0 0.0000E+00       0      0      0      0  1463821    1300     130     177    4234    34964   91321       0
 278   1  0.376238E+08 0.363039E+04 0.4272E+03      0 0.0000E+00       0      0      0      0  1745898     964      88     116    3035    28471   96249       0
 279   1  0.332247E+08 0.279519E+04 0.2830E+03      0 0.0000E+00       0      0      0      0  1879109     720      84      70    2237    21696   93575       0
 280   1  0.270503E+08 0.207402E+04 0.2952E+03      0 0.0000E+00       0      0      0      0  1811883     533      74      56    1687    16236   84141       0
 281   1  0.200748E+08 0.145266E+04 0.1786E+03      0 0.0000E+00       0      0      0      0  1552491     357      61      41    1120    11442   67497       0
 282   1  0.134639E+08 0.981153E+03 0.1721E+03      0 0.0000E+00       0      0      0      0  1179926     262      72      35     833     7645   49528       0
 283   1  0.809102E+07 0.712339E+03 0.1264E+03      0 0.0000E+00       0      0      0      0   790532     247      61      38     658     5357   32966       0
 284   1  0.433209E+07 0.520031E+03 0.4502E+02      0 0.0000E+00       0      0      0      0   464311     178      62      32     603     4040   19954       0
 285   1  0.207147E+07 0.447619E+03 0.6626E+02      0 0.0000E+00       0      0      0      0   239141     207      57      36     525     3288   11612       0
 286   1  0.894642E+06 0.410092E+03 0.1362E+02      0 0.0000E+00       0      0      0      0   108046     190      58      31     530     3033    6897       0
 287   1  0.366690E+06 0.390189E+03 0.1915E+02      0 0.0000E+00       0      0      0      0    43243     186      51      47     523     2815    5039       0
 288   1  0.163659E+06 0.382099E+03 0.2093E+02      0 0.0000E+00       0      0      0      0    16253     175      54      33     557     2824    4137       0
 289   1  0.959802E+05 0.371943E+03 0.1403E+02      0 0.0000E+00       0      0      0      0     6746     157      55      30     527     2831    3765       0
 290   1  0.757030E+05 0.365580E+03 0.4375E+01      0 0.0000E+00       0      0      0      0     3565     157      56      35     528     2747    3593       0
 291   1  0.717529E+05 0.377837E+03 0.0000E+00      0 0.0000E+00       0      0      0      0     2832     195      57      45     544     2707    3596       0
 292   1  0.710390E+05 0.351118E+03 0.1317E+02      0 0.0000E+00       0      0      0      0     2714     169      49      24     520     2663    3586       0
 293   1  0.699943E+05 0.339906E+03 0.3316E+02      0 0.0000E+00       0      0      0      0     2700     160      37      29     533     2569    3528       0
 294   1  0.690062E+05 0.362675E+03 0.1839E+02      0 0.0000E+00       0      0      0      0     2589     185      51      25     512     2713    3390       0
 295   1  0.681613E+05 0.343454E+03 0.1450E+01      0 0.0000E+00       0      0      0      0     2634     157      45      34     507     2601    3498       0
 296   1  0.685999E+05 0.351653E+03 0.0000E+00      0 0.0000E+00       0      0      0      0     2617     170      40      30     484     2665    3487       0
 297   1  0.689585E+05 0.344184E+03 0.3649E+02      0 0.0000E+00       0      0      0      0     2674     150      67      41     521     2600    3565       0
 298   1  0.680881E+05 0.336782E+03 0.7474E+01      0 0.0000E+00       0      0      0      0     2682     143      51      24     506     2562    3471       0
 299   1  0.691159E+05 0.339569E+03 0.8591E+01      0 0.0000E+00       0      0      0      0     2715     153      50      26     531     2563    3465       0
 300   1  0.662788E+05 0.343169E+03 0.2384E+02      0 0.0000E+00       0      0      0      0     2674     152      53      21     432     2609    3312       0
 301   1  0.654281E+05 0.340717E+03 0.3233E+02      0 0.0000E+00       0      0      0      0     2517     148      52      32     473     2552    3284       0
 302   1  0.655794E+05 0.332014E+03 0.0000E+00      0 0.0000E+00       0      0      0      0     2460     186      60      32     446     2545    3338       0
 303   1  0.653234E+05 0.337982E+03 0.0000E+00      0 0.0000E+00       0      0      0      0     2449     158      51      27     503     2478    3273       0
 304   1  0.652048E+05 0.315019E+03 0.1463E+02      0 0.0000E+00       0      0      0      0     2492     171      45      26     496     2382    3251       0
 305   1  0.634889E+05 0.329173E+03 0.1758E+02      0 0.0000E+00       0      0      0      0     2406     185      49      23     433     2479    3203       0
 306   1  0.634213E+05 0.331517E+03 0.6370E+01      0 0.0000E+00       0      0      0      0     2447     158      50      26     456     2480    3204       0
 307   1  0.635086E+05 0.316055E+03 0.0000E+00      0 0.0000E+00       0      0      0      0     2369     148      53      26     504     2395    3201       0
 308   1  0.631054E+05 0.310994E+03 0.1184E+02      0 0.0000E+00       0      0      0      0     2365     142      46      22     484     2349    3136       0
 309   1  0.643061E+05 0.299877E+03 0.0000E+00      0 0.0000E+00       0      0      0      0     2446     180      49      40     457     2295    3150       0
 310   1  0.626256E+05 0.311996E+03 0.9825E+01      0 0.0000E+00       0      0      0      0     2406     159      49      37     426     2362    3037       0
 311   1  0.617585E+05 0.306734E+03 0.1182E+02      0 0.0000E+00       0      0      0      0     2298     149      44      29     492     2317    3162       0
 312   1  0.618383E+05 0.300035E+03 0.6471E+01      0 0.0000E+00       0      0      0      0     2239     135      55      35     476     2285    2957       0
 313   1  0.617658E+05 0.298931E+03 0.6870E+01      0 0.0000E+00       0      0      0      0     2334     148      43      33     438     2290    3029       0
 314   1  0.609376E+05 0.316184E+03 0.8393E+01      0 0.0000E+00       0      0      0      0     2282     140      34      34     427     2339    2918       0
 315   1  0.601663E+05 0.305799E+03 0.6501E+01      0 0.0000E+00       0      0      0      0     2169     162      39      21     439     2200    2970       0
 316   1  0.601801E+05 0.294365E+03 0.2417E+02      0 0.0000E+00       0      0      0      0     2233     117      52      28     417     2207    2872       0
 317   1  0.599041E+05 0.310569E+03 0.1404E+02      0 0.0000E+00       0      0      0      0     2189     158      48      21     413     2308    2947       0
 318   1  0.603262E+05 0.295416E+03 0.8700E+01      0 0.0000E+00       0      0      0      0     2251     150      37      27     450     2226    2914       0
 319   1  0.593301E+05 0.287536E+03 0.2035E+02      0 0.0000E+00       0      0      0      0     2140     160      52      20     468     2152    2847       0
 320   1  0.592756E+05 0.299094E+03 0.1219E+02      0 0.0000E+00       0      0      0      0     2166     128      51      29     457     2182    2845       0
 321   1  0.589782E+05 0.275197E+03 0.8085E+01      0 0.0000E+00       0      0      0      0     2188     152      58      31     475     2113    2800       0
 322   1  0.577281E+05 0.288938E+03 0.6630E+01      0 0.0000E+00       0      0      0      0     2134     150      64      19     389     2181    2705       0
 323   1  0.570383E+05 0.273308E+03 0.0000E+00      0 0.0000E+00       0      0      0      0     2102     136      27      17     422     2071    2778       0
 324   1  0.568399E+05 0.265129E+03 0.6738E+01      0 0.0000E+00       0      0      0      0     2104     124      47      22     392     2080    2737       0
 325   1  0.566679E+05 0.284021E+03 0.1545E+02      0 0.0000E+00       0      0      0      0     2145     134      43      20     375     2069    2669       0
 326   1  0.566744E+05 0.291223E+03 0.0000E+00      0 0.0000E+00       0      0      0      0     2126     137      44      25     451     2112    2697       0
 327   1  0.562400E+05 0.270591E+03 0.7687E+01      0 0.0000E+00       0      0      0      0     2047     148      45      24     465     1997    2780       0
 328   1  0.565015E+05 0.273341E+03 0.0000E+00      0 0.0000E+00       0      0      0      0     1985     128      51      32     458     2125    2727       0
 329   1  0.552559E+05 0.268927E+03 0.1897E+02      0 0.0000E+00       0      0      0      0     2075     137      27      27     386     2027    2605       0
 330   1  0.559911E+05 0.271810E+03 0.1631E+02      0 0.0000E+00       0      0      0      0     1994     146      48      34     432     2003    2708       0
 331   1  0.549566E+05 0.266081E+03 0.0000E+00      0 0.0000E+00       0      0      0      0     1999     127      46      18     370     2061    2603       0
 332   1  0.542219E+05 0.259015E+03 0.2448E+02      0 0.0000E+00       0      0      0      0     2028     129      41      27     350     1954    2573       0
 333   1  0.542972E+05 0.260624E+03 0.1373E+02      0 0.0000E+00       0      0      0      0     2059     122      33      17     386     1945    2670       0
 334   1  0.539023E+05 0.269666E+03 0.7163E+01      0 0.0000E+00       0      0      0      0     1934     143      38      27     370     1910    2610       0
 335   1  0.530171E+05 0.249173E+03 0.1383E+02      0 0.0000E+00       0      0      0      0     1966     111      32      25     361     1884    2496       0
 336   1  0.528999E+05 0.242400E+03 0.1877E+02      0 0.0000E+00       0      0      0      0     1935     125      43      23     381     1848    2514       0
 337   1  0.522061E+05 0.247534E+03 0.1197E+02      0 0.0000E+00       0      0      0      0     1935     116      43      26     378     1855    2473       0
 338   1  0.526527E+05 0.244880E+03 0.0000E+00      0 0.0000E+00       0      0      0      0     1913     110      35      20     357     1859    2508       0
 339   1  0.519140E+05 0.249135E+03 0.1492E+02      0 0.0000E+00       0      0      0      0     1911     116      37      20     367     1847    2506       0
 340   1  0.522791E+05 0.256470E+03 0.0000E+00      0 0.0000E+00       0      0      0      0     1905     122      55      26     377     1914    2525       0
 341   1  0.505810E+05 0.231690E+03 0.9966E+01      0 0.0000E+00       0      0      0      0     1811     102      37      23     344     1818    2348       0
 342   1  0.504645E+05 0.243223E+03 0.0000E+00      0 0.0000E+00       0      0      0      0     1816     126      38      23     395     1820    2344       0
 343   1  0.504600E+05 0.235173E+03 0.6839E+01      0 0.0000E+00       0      0      0      0     1839     119      34      17     364     1788    2381       0
 344   1  0.499247E+05 0.230234E+03 0.0000E+00      0 0.0000E+00       0      0      0      0     1785     136      30      10     354     1802    2337       0
 345   1  0.494929E+05 0.239393E+03 0.0000E+00      0 0.0000E+00       0      0      0      0     1844     101      42      17     345     1748    2360       0
 346   1  0.493571E+05 0.227462E+03 0.0000E+00      0 0.0000E+00       0      0      0      0     1743     119      39      16     334     1746    2312       0
 347   1  0.496903E+05 0.228710E+03 0.0000E+00      0 0.0000E+00       0      0      0      0     1761     124      43      20     388     1826    2368       0
 348   1  0.490218E+05 0.235705E+03 0.1530E+02      0 0.0000E+00       0      0      0      0     1767      98      40      22     332     1766    2269       0
 349   1  0.496718E+05 0.232226E+03 0.2554E+02      0 0.0000E+00       0      0      0      0     1769     126      35      17     353     1797    2359       0
 350   1  0.486617E+05 0.229238E+03 0.1340E+02      0 0.0000E+00       0      0      0      0     1725     106      44      28     307     1708    2225       0
 351   1  0.497276E+05 0.228920E+03 0.0000E+00      0 0.0000E+00       0      0      0      0     1799     106      42      24     399     1691    2334       0
 352   1  0.488842E+05 0.221454E+03 0.7093E+01      0 0.0000E+00       0      0      0      0     1746     115      39      24     339     1653    2220       0
 353   1  0.474593E+05 0.234562E+03 0.1548E+02      0 0.0000E+00       0      0      0      0     1730     112      41      25     314     1763    2182       0
 354   1  0.471828E+05 0.225877E+03 0.6362E+01      0 0.0000E+00       0      0      0      0     1694     107      30      15     320     1633    2204       0
 355   1  0.463306E+05 0.215214E+03 0.9230E+01      0 0.0000E+00       0      0      0      0     1663      87      43      26     299     1652    2140       0
 356   1  0.466560E+05 0.221468E+03 0.7412E+01      0 0.0000E+00       0      0      0      0     1675     110      35      13     304     1654    2233       0
 357   1  0.471730E+05 0.209878E+03 0.2396E+02      0 0.0000E+00       0      0      0      0     1685     109      42      23     327     1615    2189       0
 358   1  0.464143E+05 0.211692E+03 0.6553E+01      0 0.0000E+00       0      0      0      0     1575     121      46      26     319     1642    2106       0
 359   1  0.460535E+05 0.217226E+03 0.1905E+02      0 0.0000E+00       0      0      0      0     1599     137      39      19     299     1641    2123       0
 360   1  0.451779E+05 0.211829E+03 0.7671E+01      0 0.0000E+00       0      0      0      0     1614      98      33      23     282     1589    2006       0
 361   1  0.454232E+05 0.218132E+03 0.2167E+02      0 0.0000E+00       0      0      0      0     1557     106      34      16     347     1628    2099       0
 362   1  0.449164E+05 0.224783E+03 0.0000E+00      0 0.0000E+00       0      0      0      0     1674     110      30      21     316     1636    2101       0
 363   1  0.445611E+05 0.207805E+03 0.0000E+00      0 0.0000E+00       0      0      0      0     1585      99      36      18     296     1554    2076       0
 364   1  0.450752E+05 0.209397E+03 0.9832E+01      0 0.0000E+00       0      0      0      0     1504     111      45      17     337     1581    2111       0
 365   1  0.444377E+05 0.192451E+03 0.0000E+00      0 0.0000E+00       0      0      0      0     1516     110      41      17     300     1485    2004       0
 366   1  0.441978E+05 0.209282E+03 0.0000E+00      0 0.0000E+00       0      0      0      0     1527      93      27      26     287     1514    2032       0
 367   1  0.438583E+05 0.206520E+03 0.0000E+00      0 0.0000E+00       0      0      0      0     1541      93      32      16     287     1474    1920       0
 368   1  0.438241E+05 0.193281E+03 0.0000E+00      0 0.0000E+00       0      0      0      0     1515     119      31      21     292     1491    1939       0
 369   1  0.430775E+05 0.210662E+03 0.0000E+00      0 0.0000E+00       0      0      0      0     1483      97      31      23     264     1504    1943       0
 370   1  0.426005E+05 0.191005E+03 0.2309E+01      0 0.0000E+00       0      0      0      0     1512      87      32      19     264     1426    1934       0
 371   1  0.424622E+05 0.207064E+03 0.0000E+00      0 0.0000E+00       0      0      0      0     1493      83      28      23     261     1500    1941       0
 372   1  0.433641E+05 0.198165E+03 0.0000E+00      0 0.0000E+00       0      0      0      0     1466      97      29      32     313     1466    1927       0
 373   1  0.434668E+05 0.189742E+03 0.1158E+02      0 0.0000E+00       0      0      0      0     1507      76      29      28     296     1429    1971       0
 374   1  0.428211E+05 0.186436E+03 0.6797E+01      0 0.0000E+00       0      0      0      0     1510     105      37      13     264     1396    1826       0
 375   1  0.426226E+05 0.185689E+03 0.1360E+02      0 0.0000E+00       0      0      0      0     1500      94      35      17     328     1389    1869       0
 376   1  0.417509E+05 0.193879E+03 0.9647E+01      0 0.0000E+00       0      0      0      0     1402     109      31      16     289     1397    1911       0
 377   1  0.414467E+05 0.183550E+03 0.0000E+00      0 0.0000E+00       0      0      0      0     1502      92      29      23     288     1377    1780       0
 378   1  0.407141E+05 0.183191E+03 0.7103E+01      0 0.0000E+00       0      0      0      0     1400      94      39      12     280     1393    1868       0
 379   1  0.405364E+05 0.181556E+03 0.6524E+01      0 0.0000E+00       0      0      0      0     1419      84      36      20     273     1387    1778       0
 380   1  0.403839E+05 0.179200E+03 0.0000E+00      0 0.0000E+00       0      0      0      0     1423     101      36      17     253     1341    1824       0
 381   1  0.395361E+05 0.185532E+03 0.9248E+01      0 0.0000E+00       0      0      0      0     1368      89      42      22     250     1308    1724       0
 382   1  0.400146E+05 0.173133E+03 0.2703E+01      0 0.0000E+00       0      0      0      0     1400     114      33      23     275     1282    1786       0
 383   1  0.391133E+05 0.175926E+03 0.2420E+02      0 0.0000E+00       0      0      0      0     1376     101      33      16     274     1345    1721       0
 384   1  0.390546E+05 0.165881E+03 0.0000E+00      0 0.0000E+00       0      0      0      0     1390      74      23      15     314     1273    1809       0
 385   1  0.390248E+05 0.183530E+03 0.1406E+02      0 0.0000E+00       0      0      0      0     1293     103      26      26     287     1342    1772       0
 386   1  0.386532E+05 0.168961E+03 0.0000E+00      0 0.0000E+00       0      0      0      0     1345      69      40      20     260     1267    1742       0
 387   1  0.384455E+05 0.182376E+03 0.0000E+00      0 0.0000E+00       0      0      0      0     1327      83      35      19     248     1336    1691       0
 388   1  0.384181E+05 0.171957E+03 0.0000E+00      0 0.0000E+00       0      0      0      0     1385      93      43      14     243     1292    1743       0
 389   1  0.379463E+05 0.171756E+03 0.0000E+00      0 0.0000E+00       0      0      0      0     1338     103      20      16     261     1286    1700       0
 390   1  0.376066E+05 0.168325E+03 0.0000E+00      0 0.0000E+00       0      0      0      0     1266      81      28      19     272     1279    1674       0
 391   1  0.367523E+05 0.166138E+03 0.6634E+01      0 0.0000E+00       0      0      0      0     1194      87      25      22     260     1232    1647       0
 392   1  0.374148E+05 0.158815E+03 0.0000E+00      0 0.0000E+00       0      0      0      0     1302      89      31      18     244     1220    1680       0
 393   1  0.367050E+05 0.169165E+03 0.0000E+00      0 0.0000E+00       0      0      0      0     1267      77      33      19     246     1181    1604       0
 394   1  0.368103E+05 0.162078E+03 0.1980E+02      0 0.0000E+00       0      0      0      0     1242      82      18      17     265     1259    1642       0
 395   1  0.364050E+05 0.158968E+03 0.0000E+00      0 0.0000E+00       0      0      0      0     1262     102      25      14     256     1218    1563       0
 396   1  0.364568E+05 0.165772E+03 0.1645E+02      0 0.0000E+00       0      0      0      0     1212      88      38      19     254     1286    1597       0
 397   1  0.363988E+05 0.174707E+03 0.0000E+00      0 0.0000E+00       0      0      0      0     1225      82      29      22     256     1216    1621       0
 398   1  0.346699E+05 0.156809E+03 0.0000E+00      0 0.0000E+00       0      0      0      0     1148      71      27      21     217     1164    1502       0
 399   1  0.352287E+05 0.146041E+03 0.1055E+02      0 0.0000E+00       0      0      0      0     1185      69      20      19     268     1175    1528       0
 400   1  0.345189E+05 0.151996E+03 0.1795E+02      0 0.0000E+00       0      0      0      0     1152      74      27      14     227     1162    1529       0
 401   0  0.000000E+00 0.000000E+00 0.0000E+00      0 0.0000E+00       0      0      0      0        0       0       0       0       0        0       0       0
  SUMM:   0.373345E+10 0.804689E+06 0.1806E+05    119 0.1256E+04       0      0      0      0 24554227  647511  151051  316493 1702921  5817831 8175062       0
 ZONE  MED     C10     C11     N12     N13     O13     O14     O15     F17     F18
    1    1     663    1564       0     643       4     180    3550       0       1
    2    1     624    1617       0     676       4     185    3446       1       1
    3    1     613    1494       0     584       2     184    3554       0       0
    4    1     599    1486       0     631       2     206    3582       1       1
    5    1     608    1526       0     680       6     190    3580       1       0
    6    1     643    1561       0     637       7     197    3519       0       0
    7    1     586    1543       0     672      13     160    3534       2       0
    8    1     629    1615       0     681      11     170    3738       0       1
    9    1     624    1554       0     617       9     200    3609       0       0
   10    1     611    1511       0     676       6     147    3649       0       0
   11    1     600    1577       0     622       3     193    3501       1       0
   12    1     599    1574       0     656       2     193    3507       0       0
   13    1     622    1525       0     659       6     171    3680       1       1
   14    1     615    1466       0     709      13     195    3652       0       0
   15    1     611    1543       1     661       6     177    3634       3       1
   16    1     660    1468       0     655       3     203    3500       0       0
   17    1     591    1554       0     654       9     197    3600       0       0
   18    1     670    1587       0     701       8     172    3631       2       0
   19    1     581    1504       0     644       1     175    3609       2       1
   20    1     617    1547       0     661       8     180    3608       1       1
   21    1     613    1576       0     606      10     216    3585       0       0
   22    1     644    1568       0     650       6     176    3596       0       1
   23    1     653    1513       0     654       6     161    3708       0       2
   24    1     608    1583       0     687       5     194    3588       1       0
   25    1     677    1623       0     706       6     167    3718       0       0
   26    1     639    1595       0     669       8     202    3606       1       2
   27    1     640    1530       1     702      10     192    3652       1       2
   28    1     645    1562       0     698       6     199    3640       1       0
   29    1     567    1623       0     674       7     204    3644       0       1
   30    1     640    1594       0     662       8     190    3660       0       0
   31    1     665    1645       0     666       4     175    3628       0       1
   32    1     611    1585       0     672      13     164    3622       0       1
   33    1     627    1562       0     671       5     200    3662       0       0
   34    1     586    1584       0     704       6     222    3655       2       0
   35    1     612    1526       0     663       8     190    3714       1       1
   36    1     624    1613       0     650       2     214    3723       0       0
   37    1     628    1556       0     632       6     203    3765       2       0
   38    1     638    1577       1     669       8     186    3754       0       1
   39    1     649    1620       0     689       6     195    3744       0       1
   40    1     655    1552       0     650       5     213    3775       1       0
   41    1     611    1641       0     676       8     190    3742       0       0
   42    1     634    1562       0     719       3     200    3595       0       0
   43    1     637    1534       0     643       6     191    3864       0       1
   44    1     633    1570       0     651       4     182    3788       2       0
   45    1     638    1542       0     646       8     183    3691       1       1
   46    1     628    1563       0     697       7     178    3710       0       0
   47    1     614    1559       0     647       6     194    3770       2       0
   48    1     646    1545       0     678       8     182    3670       1       0
   49    1     644    1571       0     678       7     224    3687       2       0
   50    1     631    1610       1     626       3     213    3851       0       0
   51    1     619    1599       0     713       7     189    3643       0       0
   52    1     624    1648       0     660       4     171    3836       1       1
   53    1     619    1578       0     705      10     195    3880       0       0
   54    1     609    1566       0     687       8     172    3719       0       0
   55    1     586    1594       0     673      11     195    3731       0       1
   56    1     630    1529       0     720       4     181    3748       1       0
   57    1     607    1600       0     703       5     182    3826       2       0
   58    1     595    1531       0     666       6     186    3768       2       0
   59    1     615    1578       0     656       4     189    3755       0       2
   60    1     642    1559       0     684       8     175    3864       1       1
   61    1     610    1594       0     718       9     199    3605       0       1
   62    1     629    1553       0     694       2     182    3909       0       0
   63    1     592    1570       0     680       7     203    3723       1       0
   64    1     647    1587       0     675       5     182    3691       0       0
   65    1     617    1657       1     668      11     166    3736       2       0
   66    1     665    1616       0     672       6     186    3784       0       0
   67    1     636    1458       0     698      13     173    3920       0       0
   68    1     683    1572       0     652       5     184    3771       0       0
   69    1     643    1581       0     682       8     210    3872       1       0
   70    1     632    1553       0     713       7     217    3892       0       1
   71    1     586    1561       2     641      10     204    3785       2       1
   72    1     667    1548       1     665       7     189    3814       0       0
   73    1     614    1600       0     725       7     190    3762       0       0
   74    1     643    1552       0     685       9     226    3887       2       0
   75    1     682    1529       0     637       7     206    3793       0       0
   76    1     627    1564       0     702       4     190    3835       0       0
   77    1     617    1603       0     703      10     170    3877       1       0
   78    1     623    1603       0     727       7     184    3836       1       0
   79    1     642    1648       0     673       8     202    3917       0       0
   80    1     666    1526       1     726       3     187    3813       0       1
   81    1     564    1517       0     667       7     187    3748       1       2
   82    1     610    1583       0     651       5     214    3857       0       2
   83    1     576    1603       1     702       5     193    3853       0       0
   84    1     632    1574       0     716       3     205    3750       0       1
   85    1     575    1570       0     710       8     190    3794       0       3
   86    1     653    1625       0     679       2     212    3829       1       2
   87    1     646    1555       0     655       5     193    3900       2       1
   88    1     607    1533       0     669       8     208    3792       0       0
   89    1     663    1578       0     693       5     203    3863       0       1
   90    1     631    1535       0     699      10     189    3788       0       0
   91    1     605    1626       1     725       5     194    3909       2       0
   92    1     593    1676       0     677       8     214    3885       0       0
   93    1     627    1559       0     736       9     176    3907       0       0
   94    1     566    1550       0     684       4     163    3874       2       1
   95    1     610    1564       0     718       4     215    3766       0       0
   96    1     618    1563       0     703       8     210    3660       2       0
   97    1     660    1577       0     660       7     185    3742       0       1
   98    1     638    1616       0     721       7     199    3763       1       0
   99    1     576    1601       1     649       5     223    3862       1       0
  100    1     649    1607       1     721       4     190    3878       1       0
  101    1     591    1601       0     695       4     174    3897       1       1
  102    1     607    1590       0     756       6     215    3817       0       1
  103    1     595    1620       1     734       7     195    3874       0       0
  104    1     599    1518       0     638       8     179    3802       1       0
  105    1     642    1662       0     670       2     208    3757       2       0
  106    1     639    1573       0     720       3     227    3730       0       0
  107    1     629    1528       0     737       6     195    3903       1       0
  108    1     624    1644       0     637       6     196    3865       3       0
  109    1     686    1572       0     701      12     200    3900       0       1
  110    1     655    1549       0     714       3     176    3782       0       0
  111    1     592    1519       0     639       7     169    3849       2       0
  112    1     664    1657       0     665       3     194    3966       2       1
  113    1     608    1562       0     653       8     195    3853       2       1
  114    1     586    1686       0     715       4     201    3913       0       0
  115    1     591    1544       0     684       7     196    3976       2       0
  116    1     640    1536       0     685       8     167    3814       1       0
  117    1     607    1613       0     702      10     217    3824       1       0
  118    1     615    1617       0     679       9     192    3820       0       1
  119    1     642    1532       0     667       3     206    3838       1       0
  120    1     586    1559       0     673      11     202    3731       1       0
  121    1     642    1547       0     663       7     176    3867       1       0
  122    1     588    1640       0     677       5     198    3825       1       1
  123    1     606    1570       0     679       6     206    3946       1       1
  124    1     545    1522       1     696       7     223    3784       3       0
  125    1     637    1575       0     716       8     200    3770       0       1
  126    1     570    1466       0     673      11     173    3857       1       0
  127    1     660    1494       0     683      10     191    3907       0       1
  128    1     614    1582       0     668       4     192    3736       0       1
  129    1     621    1564       0     710       4     184    3870       1       0
  130    1     633    1552       0     706      11     198    3695       0       0
  131    1     623    1628       0     707       3     218    3987       1       0
  132    1     577    1589       0     709       7     197    3972       2       1
  133    1     615    1649       0     659       1     210    3947       1       0
  134    1     604    1588       0     665       4     187    3765       0       1
  135    1     619    1591       0     707       6     208    3821       1       1
  136    1     602    1600       0     676      11     170    3841       1       0
  137    1     588    1593       0     689       4     190    3951       0       0
  138    1     596    1567       0     704       6     185    3889       0       1
  139    1     570    1566       0     648       6     194    3843       2       2
  140    1     590    1543       0     713       6     207    3886       0       0
  141    1     553    1540       0     692       7     200    3926       2       1
  142    1     622    1549       0     656       5     208    3880       1       0
  143    1     595    1595       2     699       3     204    3883       1       0
  144    1     589    1582       0     675       5     203    3879       2       1
  145    1     578    1566       0     611       4     214    3882       2       0
  146    1     589    1498       0     700       5     197    3802       0       1
  147    1     593    1529       0     680      10     217    3863       0       0
  148    1     623    1590       0     646       8     196    3982       0       1
  149    1     653    1603       1     643       5     196    3877       0       1
  150    1     549    1482       0     683       7     193    3920       1       1
  151    1     584    1553       1     709      10     214    3921       1       0
  152    1     623    1556       0     713       7     210    3986       0       1
  153    1     547    1579       0     633       8     218    3861       0       0
  154    1     577    1595       0     642       6     216    3866       0       1
  155    1     614    1639       0     691       5     186    3824       1       0
  156    1     582    1576       1     719       6     206    3837       1       1
  157    1     582    1578       0     685       8     184    3883       0       1
  158    1     588    1583       0     671       5     219    3925       1       0
  159    1     604    1571       0     732       4     207    3786       0       0
  160    1     574    1527       0     678       8     190    3853       0       1
  161    1     545    1556       0     635      10     187    3913       0       1
  162    1     601    1436       0     698       5     193    3845       1       1
  163    1     619    1566       0     609       6     210    3983       1       0
  164    1     629    1445       0     706       8     177    3965       0       0
  165    1     593    1473       0     680       4     206    3881       1       0
  166    1     562    1549       1     707       4     195    4079       1       0
  167    1     589    1549       0     660       6     200    3960       1       0
  168    1     587    1561       0     693       3     208    3893       0       0
  169    1     561    1525       0     687       5     207    3915       3       3
  170    1     612    1571       1     654       3     174    3999       1       0
  171    1     555    1430       0     708       2     201    3852       0       0
  172    1     611    1501       0     692       2     187    3831       2       1
  173    1     600    1528       0     675       8     208    3884       0       1
  174    1     561    1522       0     610       8     176    3957       1       0
  175    1     593    1488       0     695       6     207    3929       1       1
  176    1     541    1497       0     660       5     183    3909       0       0
  177    1     590    1463       0     701       5     207    3879       0       1
  178    1     534    1499       0     645       6     201    3853       1       0
  179    1     556    1554       0     665       2     199    3935       2       1
  180    1     571    1458       0     702       3     191    3902       0       0
  181    1     570    1545       1     668       8     227    3810       2       1
  182    1     582    1546       0     753       7     186    3811       1       0
  183    1     558    1542       0     686       7     205    3795       0       0
  184    1     564    1498       2     666       5     200    3894       3       0
  185    1     558    1519       0     678       2     188    3800       2       0
  186    1     577    1475       0     689       7     182    3958       0       1
  187    1     599    1503       1     699       4     177    3882       0       0
  188    1     541    1505       1     640       9     183    3895       0       1
  189    1     565    1568       0     653       6     201    3900       3       0
  190    1     507    1449       0     669      13     189    3951       1       1
  191    1     534    1521       0     696       8     187    4001       2       2
  192    1     599    1425       0     702       6     198    3861       0       1
  193    1     561    1453       0     720       5     190    3910       0       0
  194    1     542    1500       0     685       9     192    3815       1       1
  195    1     569    1522       0     701       4     195    3916       1       3
  196    1     571    1491       0     726       7     189    4042       0       4
  197    1     535    1544       0     698      10     209    3786       2       0
  198    1     534    1515       0     674       4     190    3850       0       1
  199    1     548    1514       0     661       6     195    3892       0       0
  200    1     522    1562       0     633       7     192    3854       0       1
  201    1     582    1462       0     722       6     191    3867       1       0
  202    1     531    1524       0     689       6     207    3881       1       1
  203    1     549    1417       1     705       2     202    4034       0       1
  204    1     518    1463       0     659       7     187    3941       0       2
  205    1     549    1492       0     645       7     193    3866       0       0
  206    1     532    1482       0     641       7     237    3846       0       0
  207    1     518    1485       0     679       6     189    4035       0       0
  208    1     540    1462       0     710       1     206    3906       1       0
  209    1     547    1492       1     648       6     195    3916       2       3
  210    1     527    1509       0     671       9     202    4034       0       2
  211    1     547    1449       0     668       9     190    3979       4       1
  212    1     568    1445       0     683      10     175    4071       1       2
  213    1     516    1480       1     702       6     246    3962       1       0
  214    1     542    1457       2     730       3     188    3923       2       1
  215    1     564    1438       0     699       7     191    3979       0       1
  216    1     519    1439       0     673       5     202    4105       3       0
  217    1     548    1447       0     711       9     225    4179       1       2
  218    1     556    1431       0     701       6     220    4087       3       0
  219    1     501    1387       1     691       6     198    4100       1       4
  220    1     546    1460       0     703       6     218    4042       1       1
  221    1     517    1469       0     704       8     198    4018       2       1
  222    1     524    1419       0     685      11     197    4085       0       0
  223    1     495    1413       0     751       7     198    3995       0       0
  224    1     533    1428       0     766       7     191    4075       1       1
  225    1     493    1419       0     697       4     202    4060       2       0
  226    1     516    1353       0     706       5     208    4157       0       0
  227    1     500    1481       0     702       8     234    4168       0       3
  228    1     526    1364       0     679      11     207    4089       0       1
  229    1     516    1439       0     703       4     192    4145       0       1
  230    1     520    1407       1     664       9     209    4060       1       3
  231    1     519    1401       0     736       7     204    4192       1       0
  232    1     499    1318       0     713       4     204    4246       0       2
  233    1     492    1332       1     659      10     187    4165       0       1
  234    1     466    1423       0     698       6     199    4161       0       0
  235    1     449    1242       0     702       5     194    4205       0       0
  236    1     439    1338       0     730      12     260    4223       2       2
  237    1     483    1356       0     697       8     206    4164       0       0
  238    1     469    1298       0     732       7     216    4227       2       0
  239    1     465    1362       0     740       6     214    4266       1       0
  240    1     455    1392       0     704      10     206    4326       1       0
  241    1     454    1369       0     742       6     221    4340       1       3
  242    1     416    1329       1     707       3     220    4199       0       2
  243    1     423    1358       0     764       6     198    4378       1       0
  244    1     441    1376       0     702       8     237    4313       1       1
  245    1     435    1265       0     719       6     224    4500       1       1
  246    1     451    1314       0     706      13     246    4522       1       3
  247    1     456    1337       1     748       2     248    4527       1       3
  248    1     435    1260       0     775       9     233    4573       0       1
  249    1     432    1235       0     767       7     231    4799       0       3
  250    1     382    1219       0     793       5     231    4780       1       0
  251    1     376    1259       0     848       3     233    4909       1       1
  252    1     425    1261       0     779       1     236    4811       1       1
  253    1     414    1199       0     784       4     266    5062       1       1
  254    1     435    1095       0     813       4     270    5105       2       1
  255    1     410    1211       0     862       4     226    5170       0       0
  256    1     409    1080       0     773       5     215    5344       2       3
  257    1     356    1053       0     828       3     244    5397       1       3
  258    1     374    1010       0     789       4     260    5522       1       2
  259    1     356    1037       0     871       3     240    5744       2       0
  260    1     311     994       0     795       6     243    5695       0       2
  261    1     284     889       0     802       3     255    5806       0       0
  262    1     261     859       1     877       5     336    6122       2       1
  263    1     249     835       0     783       4     287    6101       3       0
  264    1     227     752       0     743       1     299    6347       1       1
  265    1     198     736       0     746       1     310    6376       1       0
  266    1     135     678       0     713       0     285    6671       2       1
  267    1     132     597       0     699       0     319    6801       2       3
  268    1      97     530       0     647       1     345    7049       1       2
  269    1      77     450       0     544       0     322    7050       0       0
  270    1      38     381       0     565       0     279    7238       1       3
  271    1      31     318       0     433       0     250    7203       2       5
  272    1      17     243       0     438       0     212    7115       2       4
  273    1      16     177       0     361       0     179    6692       1       4
  274    1       7     119       0     335       0     157    6143       7       7
  275    1      11      78       0     285       0     123    5280       5       7
  276    1       3      53       0     234       0      88    4502       7       9
  277    1       3      56       0     215       0      61    3432       8       9
  278    1       5      43       0     208       0      31    2454       5       5
  279    1       8      21       0     163       0      16    1684       8       2
  280    1      11      27       0     123       0      11    1090       8       0
  281    1       7      44       0      91       0       8     622       4       5
  282    1       2      27       0      63       0       3     395       6       2
  283    1       4      42       0      32       0       2     244       4       2
  284    1       1      29       0      19       0       2     174       1       1
  285    1       3      34       0      17       0       3     163       2       0
  286    1       4      33       0      13       0       1     154       0       0
  287    1       5      35       0      17       0       0     143       0       0
  288    1       7      30       0      11       0       2     139       0       0
  289    1       6      32       0      15       0       2     137       1       0
  290    1       6      23       0      11       0       1     135       0       0
  291    1       7      28       0      13       0       2     135       0       0
  292    1       6      32       0      15       0       4     133       0       0
  293    1       8      28       0      13       0       1     125       0       0
  294    1       1      31       0      10       0       5     132       0       0
  295    1       1      38       0      11       0       2     125       0       0
  296    1       6      24       0      12       0       2     128       0       0
  297    1       4      44       0      15       0       1     167       0       0
  298    1       4      37       0       5       0       0     128       0       0
  299    1       4      25       0       9       0       3     124       0       0
  300    1       3      32       0      16       0       3     123       0       0
  301    1       7      26       0      10       0       2     130       0       0
  302    1       9      37       0      19       0       4     123       0       0
  303    1       4      33       0      14       0       1     114       0       0
  304    1       1      34       0      12       0       4     145       0       0
  305    1       1      29       0      11       0       1     117       0       0
  306    1       6      35       0       7       0       2     129       0       0
  307    1       4      22       0      12       0       1     111       0       0
  308    1       4      25       0      11       0       2     110       0       0
  309    1       8      31       0       7       0       1     137       0       0
  310    1       2      27       0      14       0       2     112       0       0
  311    1       2      26       0      10       0       2     117       0       0
  312    1       3      19       0       9       0       0     107       0       0
  313    1       5      23       0      11       0       1     120       0       0
  314    1       7      22       0      10       0       3      98       0       0
  315    1       4      32       0       2       0       0     116       0       0
  316    1       2      24       0      15       1       3      93       0       0
  317    1       2      24       0       5       0       0     117       0       0
  318    1       7      21       0      12       0       1     119       0       0
  319    1       9      23       0       8       0       2     101       0       0
  320    1       4      32       0      11       0       0     124       0       0
  321    1       3      27       0      15       0       0     110       0       0
  322    1       1      24       0      10       0       1     106       0       0
  323    1       5      32       0      11       0       2     117       0       0
  324    1       2      29       0      11       0       4     110       0       0
  325    1       8      23       0      10       1       4     110       0       0
  326    1       2      36       0       9       0       2     115       0       0
  327    1       4      29       0       8       0       4     133       0       0
  328    1       5      27       0       7       0       2      98       0       0
  329    1       5      26       0      12       0       0     103       0       0
  330    1       3      22       0      16       0       0     112       0       0
  331    1       3      27       0      12       0       1     108       0       0
  332    1       3      21       0      10       0       1     137       0       0
  333    1       3      36       0       7       0       0     103       0       0
  334    1       2      22       0      11       0       1     119       0       0
  335    1       2      28       0       8       0       1      93       0       0
  336    1       3      22       0       8       0       0     109       0       0
  337    1       2      26       0       9       0       0      92       0       0
  338    1       6      31       0      11       0       1      88       0       0
  339    1       3      32       0       8       0       2     114       0       0
  340    1       1      31       0      11       0       1     105       0       0
  341    1       2      26       0      10       0       4     106       0       0
  342    1       4      28       0      11       0       2     104       0       0
  343    1       5      31       0       8       0       3      81       0       0
  344    1       4      27       0       3       0       3     102       0       0
  345    1       5      26       0       2       0       0      96       0       0
  346    1       2      23       0       9       0       2      93       0       0
  347    1       2      31       0       8       0       1      99       0       0
  348    1       0      30       0      14       0       3      96       0       0
  349    1       3      22       0      11       0       1      96       0       0
  350    1       4      23       0       8       0       3      87       0       0
  351    1       4      30       0       9       0       2      95       0       0
  352    1       6      36       0       8       0       0     100       0       0
  353    1       2      29       0       8       0       1      74       0       0
  354    1       3      21       0       8       0       1      90       0       0
  355    1       3      18       0       4       0       4      90       0       0
  356    1       2      22       0       9       0       2      86       0       0
  357    1       0      28       0       9       0       1      96       0       0
  358    1       8      23       0       8       0       4      89       0       0
  359    1       2      19       0      10       0       2      68       0       0
  360    1       7      19       0       6       0       4      87       0       0
  361    1       3      27       0      15       0       1      95       0       0
  362    1       4      23       0      14       0       2      94       0       0
  363    1       4      23       0      11       0       2      77       0       0
  364    1       4      22       0      12       0       1      79       0       0
  365    1       3      21       0       6       0       0      82       0       0
  366    1       2      17       0       7       0       3      77       0       0
  367    1       3      28       0       6       0       2      89       0       0
  368    1       5      26       0       7       0       0      84       0       0
  369    1       0      24       0      11       0       3      87       0       0
  370    1       2      29       0       6       0       1      79       0       0
  371    1       3      24       0       4       0       2      77       0       0
  372    1       3      24       0       7       0       4      81       0       0
  373    1       4      17       0       8       0       5      80       0       0
  374    1       3      18       0      10       0       2      67       0       0
  375    1       5      26       0       5       0       1      93       0       0
  376    1       4      23       0       7       0       4      94       0       0
  377    1       3      20       0      12       0       3      69       0       0
  378    1       4      20       0      10       0       1      80       0       0
  379    1       4      25       0       6       0       2      78       0       0
  380    1       3      27       0       9       0       1      84       0       0
  381    1       3      21       0       9       0       2      63       0       0
  382    1       2      22       0       9       0       1      84       0       0
  383    1       4      24       0      10       0       3      73       0       0
  384    1       2      18       0       7       0       2      69       0       0
  385    1       0      17       0       6       0       0      87       0       0
  386    1       3      24       0      10       0       1      55       0       0
  387    1       4      22       0       5       0       2      75       0       0
  388    1       3      20       0       4       0       2      74       0       0
  389    1       2      22       0      14       0       0      76       0       0
  390    1       3      20       0       6       0       3      64       0       0
  391    1       4      24       0       6       0       1      79       0       0
  392    1       3      24       0       7       0       2      64       0       0
  393    1       0      14       0       7       0       1      63       0       0
  394    1       2       7       0      11       0       1      66       0       0
  395    1       2      13       0       7       0       1      67       0       0
  396    1       4      15       0       4       0       4      73       0       0
  397    1       3      26       0       8       0       2      57       0       0
  398    1       2      19       0       9       0       3      67       0       0
  399    1       2      13       0       9       0       1      57       0       0
  400    1       4      14       0       9       0       0      62       0       0
  401    0       0       0       0       0       0       0       0       0       0
   SUM ==>  152641  403813      38  190533    1656   56100 1145225     283     241
