19000000
400
 ZONE MED   LOSS(MEV)      (MEV)    EXCITATION    PI0   (MEV)        PI+     K+    MU-    MU+     PROT    DEUT    TRIT     HE3    ALPH     ELSC    INEL    FISS
   1   1  0.854631E+07 0.120345E+04 0.1245E+02      0 0.0000E+00       0      0      0      0     8969    1798     446    1141    5124     6619   21062       0
   2   1  0.864227E+07 0.120942E+04 0.3230E+02      2 0.4717E+02       0      0      0      0    12186    2223     580    1229    5307     6853   21169       0
   3   1  0.870655E+07 0.121268E+04 0.3746E+02      4 0.9475E+02       0      0      0      0    13622    2192     582    1198    5426     6938   21630       0
   4   1  0.876602E+07 0.126144E+04 0.3506E+02      3 0.4777E+02       0      0      0      0    14794    2315     587    1264    5317     6969   21866       0
   5   1  0.881294E+07 0.121133E+04 0.1481E+02      4 0.4843E+02       0      0      0      0    15692    2302     558    1178    5430     7289   21751       0
   6   1  0.885837E+07 0.127723E+04 0.2495E+02      1 0.2354E+02       0      0      0      0    16662    2406     585    1224    5376     7357   21876       0
   7   1  0.889813E+07 0.127120E+04 0.3252E+02      3 0.8108E+01       0      0      0      0    17478    2317     600    1262    5600     7372   22078       0
   8   1  0.893557E+07 0.126156E+04 0.4471E+02      6 0.6067E+02       0      0      0      0    17698    2300     594    1222    5619     7413   22232       0
   9   1  0.896803E+07 0.128514E+04 0.3829E+02      2 0.4145E+02       0      0      0      0    18453    2373     608    1173    5346     7598   21944       0
  10   1  0.900913E+07 0.131102E+04 0.2466E+02      1 0.7029E+01       0      0      0      0    19026    2271     654    1225    5646     7690   22416       0
  11   1  0.904105E+07 0.130969E+04 0.1332E+02      4 0.6222E+02       0      0      0      0    19408    2357     593    1283    5475     7797   22378       0
  12   1  0.907550E+07 0.134184E+04 0.6962E+02      3 0.7619E+02       0      0      0      0    19819    2460     631    1222    5415     7994   22270       0
  13   1  0.910729E+07 0.137696E+04 0.3368E+02      3 0.8886E+02       0      0      0      0    20453    2388     591    1237    5490     7951   22724       0
  14   1  0.913530E+07 0.133168E+04 0.4634E+02      2 0.2479E+01       0      0      0      0    20740    2297     611    1254    5607     8144   22655       0
  15   1  0.916260E+07 0.133068E+04 0.1624E+02      3 0.1873E+02       0      0      0      0    21054    2462     581    1271    5514     8053   22846       0
  16   1  0.918717E+07 0.138381E+04 0.8235E+01      3 0.3246E+02       0      0      0      0    21403    2342     618    1229    5364     8222   22825       0
  17   1  0.921590E+07 0.139130E+04 0.2482E+02      3 0.2395E+02       0      0      0      0    21579    2403     599    1222    5617     8168   22860       0
  18   1  0.924746E+07 0.140730E+04 0.3095E+02      0 0.0000E+00       0      0      0      0    22010    2327     597    1328    5557     8335   22856       0
  19   1  0.927714E+07 0.140563E+04 0.5332E+02      2 0.8161E+01       0      0      0      0    22424    2454     589    1253    5554     8441   23252       0
  20   1  0.930455E+07 0.146136E+04 0.2175E+02      7 0.8898E+02       0      0      0      0    22953    2450     599    1201    5493     8640   23308       0
  21   1  0.932704E+07 0.141297E+04 0.2310E+02      0 0.0000E+00       0      0      0      0    23222    2422     612    1245    5658     8500   23265       0
  22   1  0.935014E+07 0.144266E+04 0.6475E+02      1 0.1517E+02       0      0      0      0    23215    2448     622    1207    5715     8787   23164       0
  23   1  0.937658E+07 0.140999E+04 0.4977E+02      1 0.6545E+01       0      0      0      0    23421    2360     597    1323    5663     8661   23445       0
  24   1  0.940363E+07 0.144267E+04 0.5206E+02      1 0.3334E+01       0      0      0      0    23876    2382     595    1306    5703     8685   23502       0
  25   1  0.942997E+07 0.143682E+04 0.4765E+02      0 0.0000E+00       0      0      0      0    24382    2372     560    1301    5882     8738   23751       0
  26   1  0.944906E+07 0.144611E+04 0.3250E+02      1 0.1797E+02       0      0      0      0    24329    2415     590    1295    5657     8778   23545       0
  27   1  0.946892E+07 0.149689E+04 0.4175E+02      1 0.1038E+02       0      0      0      0    24466    2293     575    1237    5656     8896   23528       0
  28   1  0.949304E+07 0.147274E+04 0.4469E+02      0 0.0000E+00       0      0      0      0    24614    2321     568    1204    5568     8872   23444       0
  29   1  0.951583E+07 0.145523E+04 0.2708E+02      2 0.9222E+01       0      0      0      0    24620    2409     588    1277    5612     8932   23522       0
  30   1  0.954292E+07 0.149712E+04 0.1840E+02      1 0.9339E+01       0      0      0      0    25092    2456     531    1262    5816     9168   23661       0
  31   1  0.956259E+07 0.147744E+04 0.4188E+02      1 0.1675E+02       0      0      0      0    25505    2371     636    1254    5636     9119   23780       0
  32   1  0.958858E+07 0.149098E+04 0.1843E+02      1 0.1322E+02       0      0      0      0    25551    2424     618    1264    5756     9196   23969       0
  33   1  0.960894E+07 0.155269E+04 0.4090E+02      1 0.1356E+02       0      0      0      0    25762    2390     607    1288    5735     9301   23762       0
  34   1  0.962981E+07 0.150828E+04 0.4929E+02      1 0.5881E+01       0      0      0      0    25432    2438     609    1239    5602     9439   23743       0
  35   1  0.965071E+07 0.151344E+04 0.4858E+02      1 0.1388E+02       0      0      0      0    26291    2375     632    1268    5579     9515   23657       0
  36   1  0.967024E+07 0.150826E+04 0.4622E+02      1 0.7589E+01       0      0      0      0    26013    2321     620    1374    5572     9479   23831       0
  37   1  0.969187E+07 0.156208E+04 0.6152E+02      2 0.4233E+01       0      0      0      0    26415    2421     615    1283    5737     9657   23966       0
  38   1  0.971323E+07 0.154396E+04 0.4726E+02      2 0.5274E+01       0      0      0      0    26360    2372     604    1245    5750     9464   23977       0
  39   1  0.973951E+07 0.153641E+04 0.2294E+02      2 0.2485E+02       0      0      0      0    26819    2481     617    1263    5939     9702   23962       0
  40   1  0.975700E+07 0.154648E+04 0.2858E+02      2 0.5264E+01       0      0      0      0    27053    2457     624    1278    5771     9684   24382       0
  41   1  0.977523E+07 0.155464E+04 0.3817E+02      0 0.0000E+00       0      0      0      0    27062    2417     611    1265    5679     9585   23984       0
  42   1  0.980009E+07 0.159892E+04 0.5623E+02      1 0.2811E+01       0      0      0      0    27250    2451     640    1283    5870    10000   24015       0
  43   1  0.982063E+07 0.159217E+04 0.4135E+02      0 0.0000E+00       0      0      0      0    27416    2388     567    1249    5897     9877   24347       0
  44   1  0.983750E+07 0.157449E+04 0.1813E+02      1 0.7614E+00       0      0      0      0    27841    2395     578    1246    5860     9902   24226       0
  45   1  0.986046E+07 0.159071E+04 0.1970E+02      1 0.1122E+02       0      0      0      0    27929    2503     650    1248    5830    10019   24736       0
  46   1  0.988404E+07 0.157252E+04 0.5418E+02      0 0.0000E+00       0      0      0      0    28335    2430     602    1262    5885     9919   24645       0
  47   1  0.989933E+07 0.162072E+04 0.2915E+02      1 0.1596E+01       0      0      0      0    28201    2462     627    1205    5753    10099   24265       0
  48   1  0.991886E+07 0.163137E+04 0.2797E+02      1 0.3378E+01       0      0      0      0    28340    2378     629    1242    5842    10271   24513       0
  49   1  0.993343E+07 0.162914E+04 0.2955E+02      1 0.1259E+02       0      0      0      0    28789    2429     611    1162    5782    10288   24527       0
  50   1  0.995263E+07 0.165662E+04 0.4744E+02      0 0.0000E+00       0      0      0      0    28576    2334     650    1244    5854    10443   24640       0
  51   1  0.997503E+07 0.161343E+04 0.4021E+02      0 0.0000E+00       0      0      0      0    28343    2496     576    1267    5811    10203   24592       0
  52   1  0.999577E+07 0.165139E+04 0.5725E+02      1 0.3856E+01       0      0      0      0    29103    2459     621    1194    5854    10338   24877       0
  53   1  0.100129E+08 0.164734E+04 0.3839E+02      2 0.4879E+01       0      0      0      0    29041    2386     578    1284    5743    10524   24919       0
  54   1  0.100324E+08 0.165152E+04 0.7097E+02      1 0.9425E+01       0      0      0      0    29161    2478     567    1214    5963    10352   24863       0
  55   1  0.100545E+08 0.168802E+04 0.1709E+02      1 0.2026E+02       0      0      0      0    29676    2407     615    1263    5831    10684   24793       0
  56   1  0.100660E+08 0.170404E+04 0.3049E+02      0 0.0000E+00       0      0      0      0    29147    2375     633    1269    5781    10658   24409       0
  57   1  0.100867E+08 0.167546E+04 0.3322E+02      2 0.1896E+02       0      0      0      0    29661    2382     596    1240    5940    10571   24985       0
  58   1  0.101055E+08 0.169313E+04 0.3364E+02      0 0.0000E+00       0      0      0      0    29739    2453     567    1237    5987    10712   24757       0
  59   1  0.101236E+08 0.170872E+04 0.3299E+02      1 0.3204E+02       0      0      0      0    29764    2412     608    1239    5836    10841   24697       0
  60   1  0.101411E+08 0.169076E+04 0.3089E+02      1 0.1969E+01       0      0      0      0    29923    2429     600    1278    5881    10808   24815       0
  61   1  0.101606E+08 0.171860E+04 0.4396E+02      1 0.4440E+01       0      0      0      0    30104    2417     622    1172    5994    10865   25090       0
  62   1  0.101772E+08 0.170298E+04 0.5811E+02      1 0.4830E+01       0      0      0      0    30448    2482     586    1208    5844    10881   24839       0
  63   1  0.101963E+08 0.171882E+04 0.5651E+02      0 0.0000E+00       0      0      0      0    30578    2475     629    1281    5868    10872   25313       0
  64   1  0.102151E+08 0.171475E+04 0.5070E+02      0 0.0000E+00       0      0      0      0    30876    2450     575    1239    5844    11034   24865       0
  65   1  0.102338E+08 0.174315E+04 0.4527E+02      0 0.0000E+00       0      0      0      0    30812    2456     623    1306    5878    10960   25408       0
  66   1  0.102475E+08 0.171744E+04 0.6059E+02      0 0.0000E+00       0      0      0      0    30859    2466     598    1223    5872    11020   24980       0
  67   1  0.102647E+08 0.175117E+04 0.9493E+01      0 0.0000E+00       0      0      0      0    31038    2383     603    1231    5829    11260   25214       0
  68   1  0.102822E+08 0.174116E+04 0.3033E+02      0 0.0000E+00       0      0      0      0    31035    2517     567    1272    5830    11125   24904       0
  69   1  0.102967E+08 0.177096E+04 0.2169E+02      0 0.0000E+00       0      0      0      0    31070    2434     573    1250    5848    11310   25003       0
  70   1  0.103120E+08 0.178191E+04 0.3128E+02      0 0.0000E+00       0      0      0      0    31069    2385     619    1227    5837    11382   25179       0
  71   1  0.103342E+08 0.176826E+04 0.4904E+02      0 0.0000E+00       0      0      0      0    31410    2321     623    1270    6028    11404   24952       0
  72   1  0.103460E+08 0.179560E+04 0.3763E+02      0 0.0000E+00       0      0      0      0    31618    2401     633    1223    5891    11290   25035       0
  73   1  0.103658E+08 0.180007E+04 0.1563E+02      1 0.4459E+00       0      0      0      0    31110    2412     594    1313    6199    11792   25096       0
  74   1  0.103843E+08 0.177479E+04 0.2436E+02      1 0.1614E+01       0      0      0      0    31806    2390     594    1230    5919    11555   25222       0
  75   1  0.103996E+08 0.176283E+04 0.1560E+02      1 0.2548E+01       0      0      0      0    31744    2422     621    1248    5922    11343   25318       0
  76   1  0.104202E+08 0.179339E+04 0.2767E+02      1 0.3451E+01       0      0      0      0    32058    2518     618    1183    6030    11616   25523       0
  77   1  0.104361E+08 0.181023E+04 0.4216E+02      0 0.0000E+00       0      0      0      0    31800    2400     624    1267    6002    11714   25292       0
  78   1  0.104491E+08 0.178862E+04 0.3715E+02      0 0.0000E+00       0      0      0      0    32317    2375     607    1244    5745    11603   24971       0
  79   1  0.104649E+08 0.181239E+04 0.2958E+02      0 0.0000E+00       0      0      0      0    31961    2418     591    1213    6076    11834   25047       0
  80   1  0.104751E+08 0.180558E+04 0.1723E+02      0 0.0000E+00       0      0      0      0    32040    2373     602    1156    5999    11702   24984       0
  81   1  0.104997E+08 0.185332E+04 0.3722E+02      0 0.0000E+00       0      0      0      0    32387    2411     593    1255    5802    11878   25487       0
  82   1  0.105137E+08 0.181541E+04 0.2873E+02      0 0.0000E+00       0      0      0      0    32328    2405     619    1265    5912    11925   25485       0
  83   1  0.105336E+08 0.187565E+04 0.1272E+02      0 0.0000E+00       0      0      0      0    32476    2418     567    1284    5970    12081   25438       0
  84   1  0.105494E+08 0.188143E+04 0.7449E+02      0 0.0000E+00       0      0      0      0    32639    2410     638    1286    5826    12295   25490       0
  85   1  0.105662E+08 0.189980E+04 0.3378E+02      0 0.0000E+00       0      0      0      0    32688    2413     574    1235    6057    12311   25573       0
  86   1  0.105818E+08 0.185435E+04 0.6521E+02      2 0.1291E+02       0      0      0      0    32849    2387     648    1219    5779    12173   25096       0
  87   1  0.105955E+08 0.187527E+04 0.5193E+02      0 0.0000E+00       0      0      0      0    33027    2437     604    1195    5780    12084   25281       0
  88   1  0.106142E+08 0.188197E+04 0.5234E+02      0 0.0000E+00       0      0      0      0    33014    2419     636    1201    5867    12250   25535       0
  89   1  0.106299E+08 0.187408E+04 0.4835E+02      0 0.0000E+00       0      0      0      0    33100    2382     625    1295    5850    12357   25404       0
  90   1  0.106426E+08 0.191695E+04 0.6469E+02      0 0.0000E+00       0      0      0      0    32759    2395     590    1239    5706    12437   25228       0
  91   1  0.106600E+08 0.186918E+04 0.2398E+02      0 0.0000E+00       0      0      0      0    33034    2340     600    1238    5983    12325   25585       0
  92   1  0.106768E+08 0.189561E+04 0.7612E+02      2 0.2503E+01       0      0      0      0    32914    2400     582    1267    5962    12503   25512       0
  93   1  0.106975E+08 0.188568E+04 0.3355E+02      0 0.0000E+00       0      0      0      0    33603    2364     643    1228    6103    12352   25605       0
  94   1  0.107102E+08 0.190777E+04 0.3874E+02      0 0.0000E+00       0      0      0      0    33683    2386     623    1179    5952    12684   25292       0
  95   1  0.107264E+08 0.190418E+04 0.8633E+02      0 0.0000E+00       0      0      0      0    33697    2438     579    1208    5927    12525   25398       0
  96   1  0.107379E+08 0.186758E+04 0.5384E+02      0 0.0000E+00       0      0      0      0    33666    2338     582    1232    5933    12588   25295       0
  97   1  0.107582E+08 0.192217E+04 0.3313E+02      0 0.0000E+00       0      0      0      0    33796    2382     601    1207    5876    12671   25362       0
  98   1  0.107701E+08 0.190518E+04 0.7672E+02      0 0.0000E+00       0      0      0      0    33679    2483     549    1239    5732    12614   25409       0
  99   1  0.107928E+08 0.194729E+04 0.3405E+02      0 0.0000E+00       0      0      0      0    33778    2512     595    1337    6012    12788   25686       0
 100   1  0.108018E+08 0.189511E+04 0.6122E+02      0 0.0000E+00       0      0      0      0    33913    2387     637    1195    5906    12611   25456       0
 101   1  0.108199E+08 0.191946E+04 0.4579E+02      0 0.0000E+00       0      0      0      0    33798    2530     595    1225    6015    12783   25545       0
 102   1  0.108357E+08 0.192548E+04 0.4843E+02      0 0.0000E+00       0      0      0      0    33825    2358     564    1248    6035    12867   25406       0
 103   1  0.108469E+08 0.194548E+04 0.4236E+02      0 0.0000E+00       0      0      0      0    34430    2277     601    1193    5874    12895   25462       0
 104   1  0.108649E+08 0.197424E+04 0.9231E+02      0 0.0000E+00       0      0      0      0    33960    2477     580    1195    5897    13083   25609       0
 105   1  0.108809E+08 0.196659E+04 0.6133E+02      0 0.0000E+00       0      0      0      0    34241    2395     602    1180    5972    13078   25701       0
 106   1  0.108990E+08 0.197007E+04 0.2365E+02      0 0.0000E+00       0      0      0      0    34452    2405     621    1174    5877    13147   25660       0
 107   1  0.109140E+08 0.199881E+04 0.5938E+02      0 0.0000E+00       0      0      0      0    34512    2308     583    1212    5978    13272   25624       0
 108   1  0.109292E+08 0.199311E+04 0.4832E+02      0 0.0000E+00       0      0      0      0    34545    2388     599    1196    5933    13223   25415       0
 109   1  0.109466E+08 0.200884E+04 0.3952E+02      0 0.0000E+00       0      0      0      0    34607    2403     608    1242    5992    13376   26018       0
 110   1  0.109611E+08 0.198462E+04 0.3378E+02      0 0.0000E+00       0      0      0      0    34876    2434     561    1282    5894    13423   25430       0
 111   1  0.109738E+08 0.202030E+04 0.4307E+02      0 0.0000E+00       0      0      0      0    34877    2403     603    1226    6043    13448   25821       0
 112   1  0.109866E+08 0.199154E+04 0.4177E+02      0 0.0000E+00       0      0      0      0    35007    2415     583    1192    5878    13661   25365       0
 113   1  0.109966E+08 0.206108E+04 0.1651E+02      0 0.0000E+00       0      0      0      0    34453    2320     591    1212    5942    13893   25289       0
 114   1  0.110134E+08 0.210944E+04 0.5304E+02      0 0.0000E+00       0      0      0      0    34813    2390     601    1268    5970    13864   25526       0
 115   1  0.110285E+08 0.205965E+04 0.6086E+02      0 0.0000E+00       0      0      0      0    34579    2386     553    1240    5967    13823   25354       0
 116   1  0.110418E+08 0.207020E+04 0.6222E+02      0 0.0000E+00       0      0      0      0    34939    2381     554    1176    5963    13914   25500       0
 117   1  0.110600E+08 0.207034E+04 0.3949E+02      0 0.0000E+00       0      0      0      0    34798    2347     555    1242    5900    13849   25567       0
 118   1  0.110706E+08 0.208093E+04 0.3439E+02      0 0.0000E+00       0      0      0      0    34833    2355     613    1189    5967    14139   25310       0
 119   1  0.110849E+08 0.208487E+04 0.3132E+02      0 0.0000E+00       0      0      0      0    35312    2359     579    1170    5829    14000   25346       0
 120   1  0.110993E+08 0.209130E+04 0.1559E+02      0 0.0000E+00       0      0      0      0    35061    2337     506    1182    5886    14405   25377       0
 121   1  0.111147E+08 0.213885E+04 0.6338E+02      0 0.0000E+00       0      0      0      0    35375    2304     630    1191    5978    14502   25745       0
 122   1  0.111260E+08 0.209093E+04 0.6356E+02      0 0.0000E+00       0      0      0      0    35204    2353     587    1218    5847    14449   25514       0
 123   1  0.111386E+08 0.212690E+04 0.2667E+02      0 0.0000E+00       0      0      0      0    35064    2389     582    1159    5871    14440   25255       0
 124   1  0.111555E+08 0.217314E+04 0.6934E+02      0 0.0000E+00       0      0      0      0    35241    2346     567    1155    5835    14643   25450       0
 125   1  0.111765E+08 0.215090E+04 0.1583E+02      0 0.0000E+00       0      0      0      0    35346    2354     587    1209    6039    14713   25553       0
 126   1  0.111863E+08 0.212303E+04 0.2313E+02      0 0.0000E+00       0      0      0      0    35201    2301     610    1165    5790    14797   24963       0
 127   1  0.112103E+08 0.217344E+04 0.2284E+02      0 0.0000E+00       0      0      0      0    35868    2239     572    1218    5754    14650   25563       0
 128   1  0.112296E+08 0.218663E+04 0.2742E+02      0 0.0000E+00       0      0      0      0    35621    2275     549    1218    5954    14971   25797       0
 129   1  0.112493E+08 0.226181E+04 0.4456E+02      0 0.0000E+00       0      0      0      0    36095    2325     566    1198    5930    15294   25539       0
 130   1  0.112713E+08 0.217725E+04 0.2968E+02      0 0.0000E+00       0      0      0      0    36112    2441     571    1190    6066    15053   25664       0
 131   1  0.112815E+08 0.211924E+04 0.6152E+02      0 0.0000E+00       0      0      0      0    35806    2402     601    1197    6005    14990   25457       0
 132   1  0.113026E+08 0.215598E+04 0.4741E+02      0 0.0000E+00       0      0      0      0    36038    2320     582    1239    5915    14895   25871       0
 133   1  0.113181E+08 0.219162E+04 0.2574E+02      0 0.0000E+00       0      0      0      0    35964    2330     555    1194    6111    15193   25666       0
 134   1  0.113379E+08 0.219769E+04 0.6544E+02      0 0.0000E+00       0      0      0      0    36281    2377     572    1227    6029    15085   25884       0
 135   1  0.113529E+08 0.226175E+04 0.1030E+02      0 0.0000E+00       0      0      0      0    36069    2370     593    1252    5875    15556   25842       0
 136   1  0.113694E+08 0.224651E+04 0.4052E+02      0 0.0000E+00       0      0      0      0    36524    2286     576    1187    5947    15419   25767       0
 137   1  0.113835E+08 0.223368E+04 0.5532E+02      0 0.0000E+00       0      0      0      0    36572    2372     570    1184    5939    15480   25492       0
 138   1  0.113948E+08 0.222315E+04 0.5740E+02      0 0.0000E+00       0      0      0      0    36039    2397     557    1193    5901    15525   25597       0
 139   1  0.114128E+08 0.228077E+04 0.7955E+02      0 0.0000E+00       0      0      0      0    36502    2268     600    1197    5949    15665   25411       0
 140   1  0.114280E+08 0.226025E+04 0.2682E+02      0 0.0000E+00       0      0      0      0    36612    2355     521    1285    6014    15579   25713       0
 141   1  0.114473E+08 0.224296E+04 0.4793E+02      0 0.0000E+00       0      0      0      0    37144    2447     576    1240    6073    15521   26294       0
 142   1  0.114589E+08 0.232572E+04 0.4264E+02      0 0.0000E+00       0      0      0      0    36989    2426     559    1212    5825    16065   25872       0
 143   1  0.114682E+08 0.228809E+04 0.3111E+02      0 0.0000E+00       0      0      0      0    36684    2346     621    1211    5761    16017   25515       0
 144   1  0.114780E+08 0.230632E+04 0.4138E+02      0 0.0000E+00       0      0      0      0    36931    2311     552    1211    5661    16047   25336       0
 145   1  0.114973E+08 0.229758E+04 0.9510E+02      0 0.0000E+00       0      0      0      0    36601    2399     575    1224    6098    15971   26020       0
 146   1  0.115042E+08 0.231773E+04 0.4303E+02      0 0.0000E+00       0      0      0      0    37087    2390     572    1104    5851    16263   25602       0
 147   1  0.115175E+08 0.230225E+04 0.9472E+02      0 0.0000E+00       0      0      0      0    36853    2378     558    1161    5993    16304   25607       0
 148   1  0.115317E+08 0.233211E+04 0.6014E+02      0 0.0000E+00       0      0      0      0    37311    2309     557    1201    5974    16365   25805       0
 149   1  0.115422E+08 0.234981E+04 0.2934E+02      0 0.0000E+00       0      0      0      0    36990    2334     552    1191    6110    16439   25715       0
 150   1  0.115576E+08 0.236520E+04 0.2674E+02      0 0.0000E+00       0      0      0      0    36995    2189     550    1263    5880    16492   25884       0
 151   1  0.115818E+08 0.239966E+04 0.6572E+02      0 0.0000E+00       0      0      0      0    37269    2309     549    1188    5952    16770   25991       0
 152   1  0.116083E+08 0.231294E+04 0.2604E+02      0 0.0000E+00       0      0      0      0    37639    2270     543    1143    5864    16561   25604       0
 153   1  0.116389E+08 0.239720E+04 0.9498E+02      0 0.0000E+00       0      0      0      0    37062    2298     528    1190    5995    16851   25463       0
 154   1  0.116838E+08 0.239017E+04 0.6879E+02      0 0.0000E+00       0      0      0      0    37490    2321     593    1137    5981    16922   25867       0
 155   1  0.117289E+08 0.241789E+04 0.5130E+02      0 0.0000E+00       0      0      0      0    37304    2327     571    1197    6031    16995   25889       0
 156   1  0.117737E+08 0.242816E+04 0.4183E+02      0 0.0000E+00       0      0      0      0    37668    2216     516    1199    5981    16954   25939       0
 157   1  0.118124E+08 0.241328E+04 0.3595E+02      0 0.0000E+00       0      0      0      0    37856    2248     597    1181    5862    17289   25843       0
 158   1  0.118460E+08 0.243335E+04 0.2405E+02      0 0.0000E+00       0      0      0      0    37664    2268     565    1195    5985    17394   25677       0
 159   1  0.118729E+08 0.246174E+04 0.3532E+02      0 0.0000E+00       0      0      0      0    37714    2281     502    1187    5952    17589   25684       0
 160   1  0.118993E+08 0.246725E+04 0.4611E+02      0 0.0000E+00       0      0      0      0    38033    2260     538    1155    5935    17622   25809       0
 161   1  0.119208E+08 0.247296E+04 0.8984E+02      0 0.0000E+00       0      0      0      0    37901    2243     520    1222    5969    17637   25559       0
 162   1  0.119413E+08 0.246488E+04 0.7762E+02      0 0.0000E+00       0      0      0      0    37757    2225     546    1139    5816    17646   25603       0
 163   1  0.119702E+08 0.249320E+04 0.5521E+02      0 0.0000E+00       0      0      0      0    38075    2255     538    1123    5976    17917   25889       0
 164   1  0.119926E+08 0.254421E+04 0.4644E+02      0 0.0000E+00       0      0      0      0    38415    2311     520    1132    6013    18086   25802       0
 165   1  0.120128E+08 0.255699E+04 0.6661E+02      0 0.0000E+00       0      0      0      0    37907    2274     548    1165    5818    18133   25752       0
 166   1  0.120410E+08 0.255017E+04 0.5571E+02      0 0.0000E+00       0      0      0      0    38308    2321     540    1189    5861    18207   25800       0
 167   1  0.120614E+08 0.260263E+04 0.3140E+02      0 0.0000E+00       0      0      0      0    38198    2310     522    1135    5956    18677   25919       0
 168   1  0.120899E+08 0.259359E+04 0.5468E+02      0 0.0000E+00       0      0      0      0    38426    2341     574    1180    6132    18489   25920       0
 169   1  0.121107E+08 0.259509E+04 0.2067E+02      0 0.0000E+00       0      0      0      0    38697    2268     579    1221    5839    18748   25892       0
 170   1  0.121302E+08 0.262203E+04 0.5898E+02      0 0.0000E+00       0      0      0      0    38243    2224     550    1135    5823    18975   25455       0
 171   1  0.121618E+08 0.258942E+04 0.6782E+02      0 0.0000E+00       0      0      0      0    38028    2371     565    1180    5951    18839   25889       0
 172   1  0.121847E+08 0.269047E+04 0.3294E+02      0 0.0000E+00       0      0      0      0    38824    2217     531    1117    5849    19134   25817       0
 173   1  0.122126E+08 0.269938E+04 0.7214E+02      0 0.0000E+00       0      0      0      0    38565    2303     578    1154    6028    19295   25666       0
 174   1  0.122373E+08 0.269747E+04 0.8248E+02      0 0.0000E+00       0      0      0      0    38624    2217     530    1166    5944    19689   25900       0
 175   1  0.122623E+08 0.276030E+04 0.2133E+02      0 0.0000E+00       0      0      0      0    38982    2285     544    1144    6051    19692   25802       0
 176   1  0.122884E+08 0.268134E+04 0.5188E+02      0 0.0000E+00       0      0      0      0    38978    2295     545    1165    5816    19428   25727       0
 177   1  0.123136E+08 0.272625E+04 0.2883E+02      0 0.0000E+00       0      0      0      0    38968    2180     519    1148    5917    19693   25506       0
 178   1  0.123370E+08 0.273848E+04 0.6232E+02      0 0.0000E+00       0      0      0      0    38790    2249     511    1089    5730    19861   25601       0
 179   1  0.123741E+08 0.281207E+04 0.3708E+02      0 0.0000E+00       0      0      0      0    39175    2261     557    1158    6010    20309   25838       0
 180   1  0.123985E+08 0.281779E+04 0.4736E+02      0 0.0000E+00       0      0      0      0    39474    2277     519    1140    5943    20357   25780       0
 181   1  0.124266E+08 0.280772E+04 0.7689E+02      0 0.0000E+00       0      0      0      0    39345    2212     562    1146    5939    20513   25912       0
 182   1  0.124591E+08 0.280879E+04 0.4484E+02      0 0.0000E+00       0      0      0      0    39170    2266     494    1154    6098    20726   26136       0
 183   1  0.124852E+08 0.283062E+04 0.3038E+02      0 0.0000E+00       0      0      0      0    39704    2248     488    1097    5975    20756   25691       0
 184   1  0.125060E+08 0.290887E+04 0.4792E+02      0 0.0000E+00       0      0      0      0    39233    2066     482    1078    5771    21064   25315       0
 185   1  0.125351E+08 0.288022E+04 0.3577E+02      0 0.0000E+00       0      0      0      0    39512    2159     530    1021    5772    21006   25780       0
 186   1  0.125644E+08 0.290432E+04 0.4939E+02      0 0.0000E+00       0      0      0      0    39304    2149     516    1089    5781    21187   25504       0
 187   1  0.125955E+08 0.289469E+04 0.4062E+02      0 0.0000E+00       0      0      0      0    39641    2214     495    1114    5775    21394   25375       0
 188   1  0.126305E+08 0.293706E+04 0.6915E+02      0 0.0000E+00       0      0      0      0    39495    2149     499    1102    5804    21663   25671       0
 189   1  0.126620E+08 0.300991E+04 0.6128E+02      0 0.0000E+00       0      0      0      0    39785    2180     453    1069    6005    21742   25910       0
 190   1  0.126941E+08 0.296996E+04 0.7181E+02      0 0.0000E+00       0      0      0      0    39834    2252     485    1149    5916    21971   25693       0
 191   1  0.127254E+08 0.293537E+04 0.3164E+02      0 0.0000E+00       0      0      0      0    39959    2132     526    1107    6071    21831   25702       0
 192   1  0.127533E+08 0.298698E+04 0.1646E+02      0 0.0000E+00       0      0      0      0    39600    2189     503    1090    5664    22373   25591       0
 193   1  0.127937E+08 0.301200E+04 0.6938E+02      0 0.0000E+00       0      0      0      0    39961    2195     505    1181    6010    22326   25915       0
 194   1  0.128276E+08 0.300994E+04 0.4335E+02      0 0.0000E+00       0      0      0      0    40047    2206     502    1151    5867    22340   25833       0
 195   1  0.128632E+08 0.307997E+04 0.3548E+02      0 0.0000E+00       0      0      0      0    40170    2193     487    1144    6012    22779   25877       0
 196   1  0.128901E+08 0.304524E+04 0.6142E+02      0 0.0000E+00       0      0      0      0    40355    2128     521    1074    5869    22657   25626       0
 197   1  0.129205E+08 0.308476E+04 0.8352E+02      0 0.0000E+00       0      0      0      0    40224    2149     507    1124    5785    22849   25345       0
 198   1  0.129506E+08 0.309452E+04 0.6621E+02      0 0.0000E+00       0      0      0      0    40495    2077     501    1032    5727    22976   25517       0
 199   1  0.129867E+08 0.308228E+04 0.3586E+02      0 0.0000E+00       0      0      0      0    40225    2129     452    1103    5948    23101   25609       0
 200   1  0.130196E+08 0.319485E+04 0.3409E+02      0 0.0000E+00       0      0      0      0    40183    2083     515    1119    5967    23560   25731       0
 201   1  0.130532E+08 0.313107E+04 0.1921E+02      0 0.0000E+00       0      0      0      0    40654    2092     467    1067    5851    23525   25537       0
 202   1  0.130856E+08 0.320672E+04 0.6215E+02      0 0.0000E+00       0      0      0      0    40807    2154     492    1058    5882    23880   25564       0
 203   1  0.131231E+08 0.322077E+04 0.3026E+02      0 0.0000E+00       0      0      0      0    40928    2173     487    1094    5883    23992   25723       0
 204   1  0.131575E+08 0.328566E+04 0.4887E+02      0 0.0000E+00       0      0      0      0    40667    2082     468    1074    5836    24496   25661       0
 205   1  0.132006E+08 0.331584E+04 0.9335E+02      0 0.0000E+00       0      0      0      0    40788    2072     464    1130    5888    24621   25932       0
 206   1  0.132490E+08 0.327491E+04 0.4614E+02      0 0.0000E+00       0      0      0      0    41080    2110     517    1070    6044    24549   25927       0
 207   1  0.132973E+08 0.329445E+04 0.2545E+02      0 0.0000E+00       0      0      0      0    41286    2095     455    1046    5743    25019   25818       0
 208   1  0.133494E+08 0.333899E+04 0.1381E+02      0 0.0000E+00       0      0      0      0    41231    2095     467    1074    5869    25073   25702       0
 209   1  0.134067E+08 0.333754E+04 0.2088E+02      0 0.0000E+00       0      0      0      0    41422    2119     492    1075    5600    25296   25631       0
 210   1  0.134691E+08 0.339485E+04 0.1145E+02      0 0.0000E+00       0      0      0      0    41441    2125     494    1097    5936    25742   25981       0
 211   1  0.135285E+08 0.343364E+04 0.4600E+02      0 0.0000E+00       0      0      0      0    41696    2106     453    1021    5952    25849   26159       0
 212   1  0.135807E+08 0.343905E+04 0.3683E+02      0 0.0000E+00       0      0      0      0    42038    2114     496    1069    5884    26263   25942       0
 213   1  0.136304E+08 0.343457E+04 0.5561E+02      0 0.0000E+00       0      0      0      0    41573    2124     466    1050    5878    26006   25715       0
 214   1  0.136853E+08 0.346766E+04 0.6764E+02      0 0.0000E+00       0      0      0      0    41946    2078     479    1104    5782    26274   26005       0
 215   1  0.137380E+08 0.354416E+04 0.8270E+02      0 0.0000E+00       0      0      0      0    41822    2044     437    1045    5873    26640   25875       0
 216   1  0.137971E+08 0.358825E+04 0.3658E+02      0 0.0000E+00       0      0      0      0    42373    2082     470    1062    5915    26802   26117       0
 217   1  0.138541E+08 0.360123E+04 0.4913E+02      0 0.0000E+00       0      0      0      0    42487    2045     472    1083    5931    27300   26090       0
 218   1  0.139136E+08 0.361126E+04 0.3332E+02      0 0.0000E+00       0      0      0      0    42219    2026     526     982    5802    27513   25986       0
 219   1  0.139807E+08 0.366901E+04 0.6618E+02      0 0.0000E+00       0      0      0      0    42485    2065     465    1074    5936    27873   26322       0
 220   1  0.140447E+08 0.368400E+04 0.3927E+02      0 0.0000E+00       0      0      0      0    42139    2040     453    1033    5870    27855   26146       0
 221   1  0.141156E+08 0.373213E+04 0.6539E+02      0 0.0000E+00       0      0      0      0    42608    2100     468     987    6012    28354   26196       0
 222   1  0.141808E+08 0.381417E+04 0.9509E+02      0 0.0000E+00       0      0      0      0    42970    2130     438    1058    5891    28962   26330       0
 223   1  0.142432E+08 0.382453E+04 0.3595E+02      0 0.0000E+00       0      0      0      0    42838    2062     457    1101    6089    29432   26188       0
 224   1  0.143038E+08 0.382114E+04 0.4556E+02      0 0.0000E+00       0      0      0      0    43432    1975     477    1030    5901    29119   26370       0
 225   1  0.143582E+08 0.382995E+04 0.5827E+02      0 0.0000E+00       0      0      0      0    43243    1961     420     998    6083    29619   26246       0
 226   1  0.144202E+08 0.390081E+04 0.2364E+02      0 0.0000E+00       0      0      0      0    43302    1968     443    1010    5794    30062   26108       0
 227   1  0.144871E+08 0.398520E+04 0.1843E+02      0 0.0000E+00       0      0      0      0    43056    1985     448    1042    5933    30670   26091       0
 228   1  0.145587E+08 0.399814E+04 0.4290E+02      0 0.0000E+00       0      0      0      0    43637    1905     382    1021    5936    30399   26486       0
 229   1  0.146350E+08 0.396643E+04 0.3687E+02      0 0.0000E+00       0      0      0      0    43359    1959     427     986    6092    30993   26060       0
 230   1  0.147202E+08 0.412265E+04 0.3020E+02      0 0.0000E+00       0      0      0      0    43582    2006     422     958    5825    31539   26187       0
 231   1  0.148153E+08 0.414945E+04 0.5185E+02      0 0.0000E+00       0      0      0      0    44110    2033     461     999    5938    31961   26474       0
 232   1  0.149098E+08 0.417535E+04 0.4293E+02      0 0.0000E+00       0      0      0      0    44047    2067     419    1011    5975    32288   26510       0
 233   1  0.150040E+08 0.423120E+04 0.7784E+02      0 0.0000E+00       0      0      0      0    43912    2055     379     976    5829    32784   26257       0
 234   1  0.151050E+08 0.427265E+04 0.9046E+02      0 0.0000E+00       0      0      0      0    44032    2028     403     908    5799    33114   26490       0
 235   1  0.152117E+08 0.433036E+04 0.5591E+02      0 0.0000E+00       0      0      0      0    44578    2070     407     947    6020    33505   26703       0
 236   1  0.153192E+08 0.431547E+04 0.5964E+02      0 0.0000E+00       0      0      0      0    44019    1973     401     999    5979    33707   26752       0
 237   1  0.154372E+08 0.442837E+04 0.4261E+02      0 0.0000E+00       0      0      0      0    44547    1962     425     982    5955    34081   26769       0
 238   1  0.155516E+08 0.444505E+04 0.7914E+02      0 0.0000E+00       0      0      0      0    44761    2010     410     934    5979    34325   26668       0
 239   1  0.156752E+08 0.447584E+04 0.7268E+02      0 0.0000E+00       0      0      0      0    44492    1976     370     937    5906    34893   26879       0
 240   1  0.158073E+08 0.454247E+04 0.7667E+02      0 0.0000E+00       0      0      0      0    45041    2001     407     965    5981    35177   26959       0
 241   1  0.159442E+08 0.462362E+04 0.8480E+02      0 0.0000E+00       0      0      0      0    45018    2045     385     938    5894    35767   27204       0
 242   1  0.160850E+08 0.457427E+04 0.4049E+02      0 0.0000E+00       0      0      0      0    45162    2003     383     965    5732    35900   27039       0
 243   1  0.162344E+08 0.469091E+04 0.8523E+02      0 0.0000E+00       0      0      0      0    45658    1954     404     961    5899    36541   27260       0
 244   1  0.163924E+08 0.472601E+04 0.6247E+02      0 0.0000E+00       0      0      0      0    45926    1966     414     955    6151    36692   27357       0
 245   1  0.165517E+08 0.474901E+04 0.8892E+02      0 0.0000E+00       0      0      0      0    45473    2013     373     904    5988    37048   27847       0
 246   1  0.167195E+08 0.478833E+04 0.7057E+02      0 0.0000E+00       0      0      0      0    45856    2014     386     915    6004    37359   27662       0
 247   1  0.169065E+08 0.487302E+04 0.2631E+02      0 0.0000E+00       0      0      0      0    45917    1998     380     969    6126    37975   28063       0
 248   1  0.170959E+08 0.479121E+04 0.4669E+02      0 0.0000E+00       0      0      0      0    46387    2070     371     964    6106    37947   28123       0
 249   1  0.173001E+08 0.493066E+04 0.2948E+02      0 0.0000E+00       0      0      0      0    46676    2110     404     933    6154    38395   28495       0
 250   1  0.175155E+08 0.500680E+04 0.8669E+02      0 0.0000E+00       0      0      0      0    47278    2154     403     990    6191    38921   28903       0
 251   1  0.177381E+08 0.512395E+04 0.9901E+02      0 0.0000E+00       0      0      0      0    47478    1954     401     956    6203    39649   28994       0
 252   1  0.179758E+08 0.511889E+04 0.4814E+02      0 0.0000E+00       0      0      0      0    47928    2070     404     893    6324    40208   29065       0
 253   1  0.182264E+08 0.518158E+04 0.5361E+02      0 0.0000E+00       0      0      0      0    48228    2052     398     905    6180    40456   29114       0
 254   1  0.184986E+08 0.526531E+04 0.7790E+02      0 0.0000E+00       0      0      0      0    48847    2178     412     883    6402    41381   29967       0
 255   1  0.187808E+08 0.541189E+04 0.6574E+02      0 0.0000E+00       0      0      0      0    48929    2118     394     935    6471    42132   30053       0
 256   1  0.190866E+08 0.558121E+04 0.6986E+02      0 0.0000E+00       0      0      0      0    49232    2156     377     913    6389    43433   30166       0
 257   1  0.194095E+08 0.557527E+04 0.5009E+02      0 0.0000E+00       0      0      0      0    49997    2180     412     858    6210    43638   30301       0
 258   1  0.197641E+08 0.562254E+04 0.9111E+02      0 0.0000E+00       0      0      0      0    50531    2183     380     845    6510    44242   30965       0
 259   1  0.201475E+08 0.575248E+04 0.6304E+02      0 0.0000E+00       0      0      0      0    51752    2286     415     843    6744    45067   31351       0
 260   1  0.205560E+08 0.587742E+04 0.1280E+03      0 0.0000E+00       0      0      0      0    52492    2291     389     823    6567    45888   31541       0
 261   1  0.210089E+08 0.588153E+04 0.5634E+02      0 0.0000E+00       0      0      0      0    54277    2226     400     846    6637    46598   32435       0
 262   1  0.214988E+08 0.603746E+04 0.4679E+02      0 0.0000E+00       0      0      0      0    55763    2277     403     894    6761    47421   32904       0
 263   1  0.220405E+08 0.613603E+04 0.6922E+02      0 0.0000E+00       0      0      0      0    57961    2172     445     847    6999    48207   33577       0
 264   1  0.226425E+08 0.620369E+04 0.5524E+02      0 0.0000E+00       0      0      0      0    60022    2213     381     828    7184    48928   34234       0
 265   1  0.233156E+08 0.625549E+04 0.3855E+02      0 0.0000E+00       0      0      0      0    63253    2242     420     834    7158    49410   34571       0
 266   1  0.240803E+08 0.635551E+04 0.7489E+02      0 0.0000E+00       0      0      0      0    68523    2239     407     807    7434    50214   35685       0
 267   1  0.249467E+08 0.647517E+04 0.9425E+02      0 0.0000E+00       0      0      0      0    74823    2281     437     796    7580    50630   36792       0
 268   1  0.259486E+08 0.651699E+04 0.8930E+02      0 0.0000E+00       0      0      0      0    83509    2326     394     753    7809    51515   38234       0
 269   1  0.271172E+08 0.653549E+04 0.1165E+03      0 0.0000E+00       0      0      0      0    99050    2410     416     758    7851    51402   39698       0
 270   1  0.284829E+08 0.664523E+04 0.1477E+03      0 0.0000E+00       0      0      0      0   122964    2440     386     673    8025    51926   41686       0
 271   1  0.301076E+08 0.660201E+04 0.1702E+03      0 0.0000E+00       0      0      0      0   162679    2446     323     664    8133    51490   44245       0
 272   1  0.320255E+08 0.654491E+04 0.2749E+03      0 0.0000E+00       0      0      0      0   231721    2442     322     606    7841    51161   48028       0
 273   1  0.342150E+08 0.638269E+04 0.2332E+03      0 0.0000E+00       0      0      0      0   348903    2297     277     537    7400    49691   53414       0
 274   1  0.365303E+08 0.627585E+04 0.3233E+03      0 0.0000E+00       0      0      0      0   531364    2148     247     418    6728    48649   61333       0
 275   1  0.386422E+08 0.579187E+04 0.4527E+03      0 0.0000E+00       0      0      0      0   795217    1911     193     304    6032    45078   71533       0
 276   1  0.399584E+08 0.523083E+04 0.3757E+03      0 0.0000E+00       0      0      0      0  1119808    1615     159     229    5125    40603   82082       0
 277   1  0.398230E+08 0.448564E+04 0.4125E+03      0 0.0000E+00       0      0      0      0  1465539    1330     127     188    4092    35351   91251       0
 278   1  0.376304E+08 0.371273E+04 0.3929E+03      0 0.0000E+00       0      0      0      0  1746063     967      99      89    3090    28999   96609       0
 279   1  0.332324E+08 0.281386E+04 0.3421E+03      0 0.0000E+00       0      0      0      0  1878557     728      61      64    2337    22131   93464       0
 280   1  0.270617E+08 0.210746E+04 0.2299E+03      0 0.0000E+00       0      0      0      0  1813919     497      62      56    1556    16310   84400       0
 281   1  0.200810E+08 0.144318E+04 0.1500E+03      0 0.0000E+00       0      0      0      0  1553277     359      61      47    1185    11259   67672       0
 282   1  0.134624E+08 0.956010E+03 0.1293E+03      0 0.0000E+00       0      0      0      0  1180427     277      51      29     855     7510   49394       0
 283   1  0.808022E+07 0.680486E+03 0.7769E+02      0 0.0000E+00       0      0      0      0   790094     203      52      34     688     5309   32870       0
 284   1  0.432917E+07 0.524208E+03 0.1492E+02      0 0.0000E+00       0      0      0      0   463298     216      49      36     581     3982   19756       0
 285   1  0.207372E+07 0.443581E+03 0.1778E+02      0 0.0000E+00       0      0      0      0   238814     186      57      46     577     3288   11404       0
 286   1  0.894216E+06 0.420575E+03 0.2261E+02      0 0.0000E+00       0      0      0      0   108323     162      67      26     525     3098    7086       0
 287   1  0.367592E+06 0.380689E+03 0.1876E+02      0 0.0000E+00       0      0      0      0    43426     164      55      30     537     2817    5038       0
 288   1  0.164007E+06 0.373317E+03 0.7387E+01      0 0.0000E+00       0      0      0      0    16257     196      60      31     535     2770    4029       0
 289   1  0.961486E+05 0.365199E+03 0.1484E+02      0 0.0000E+00       0      0      0      0     6628     175      51      27     548     2907    3739       0
 290   1  0.768194E+05 0.357982E+03 0.2890E+02      0 0.0000E+00       0      0      0      0     3589     187      68      30     585     2693    3680       0
 291   1  0.721141E+05 0.378528E+03 0.0000E+00      0 0.0000E+00       0      0      0      0     2874     166      59      30     555     2711    3580       0
 292   1  0.703206E+05 0.346819E+03 0.2985E+01      0 0.0000E+00       0      0      0      0     2705     163      47      38     520     2710    3551       0
 293   1  0.708805E+05 0.348610E+03 0.7462E+01      0 0.0000E+00       0      0      0      0     2689     156      65      36     567     2675    3533       0
 294   1  0.707011E+05 0.356291E+03 0.0000E+00      0 0.0000E+00       0      0      0      0     2670     167      73      34     582     2682    3591       0
 295   1  0.690907E+05 0.346219E+03 0.7219E+01      0 0.0000E+00       0      0      0      0     2663     161      63      26     489     2607    3398       0
 296   1  0.697276E+05 0.349431E+03 0.0000E+00      0 0.0000E+00       0      0      0      0     2730     181      49      23     545     2601    3494       0
 297   1  0.676873E+05 0.342584E+03 0.1433E+02      0 0.0000E+00       0      0      0      0     2687     152      51      30     477     2594    3469       0
 298   1  0.677477E+05 0.354659E+03 0.6466E+01      0 0.0000E+00       0      0      0      0     2538     172      44      31     485     2706    3388       0
 299   1  0.674125E+05 0.340858E+03 0.1458E+02      0 0.0000E+00       0      0      0      0     2569     175      53      36     504     2560    3428       0
 300   1  0.677961E+05 0.336527E+03 0.6454E+01      0 0.0000E+00       0      0      0      0     2591     185      54      28     508     2546    3409       0
 301   1  0.668304E+05 0.330781E+03 0.2973E+02      0 0.0000E+00       0      0      0      0     2503     182      50      33     446     2442    3332       0
 302   1  0.662748E+05 0.327260E+03 0.1149E+01      0 0.0000E+00       0      0      0      0     2528     159      52      35     459     2433    3231       0
 303   1  0.660837E+05 0.320671E+03 0.7991E+01      0 0.0000E+00       0      0      0      0     2549     166      56      32     490     2444    3253       0
 304   1  0.649885E+05 0.327608E+03 0.1701E+02      0 0.0000E+00       0      0      0      0     2464     154      41      27     444     2423    3173       0
 305   1  0.653864E+05 0.322260E+03 0.8357E+01      0 0.0000E+00       0      0      0      0     2504     162      47      20     477     2446    3289       0
 306   1  0.644214E+05 0.324390E+03 0.1544E+02      0 0.0000E+00       0      0      0      0     2412     142      61      24     509     2410    3099       0
 307   1  0.644863E+05 0.334345E+03 0.6420E+01      0 0.0000E+00       0      0      0      0     2500     180      51      27     456     2429    3238       0
 308   1  0.634996E+05 0.318591E+03 0.9852E+01      0 0.0000E+00       0      0      0      0     2411     162      57      21     487     2340    3224       0
 309   1  0.626011E+05 0.317343E+03 0.1397E+02      0 0.0000E+00       0      0      0      0     2361     185      54      13     440     2340    3102       0
 310   1  0.620641E+05 0.312764E+03 0.7197E+01      0 0.0000E+00       0      0      0      0     2299     173      46      18     478     2352    2997       0
 311   1  0.628633E+05 0.305540E+03 0.7746E+01      0 0.0000E+00       0      0      0      0     2314     153      53      23     481     2319    3100       0
 312   1  0.627553E+05 0.314617E+03 0.8800E+01      0 0.0000E+00       0      0      0      0     2361     154      55      31     442     2302    3143       0
 313   1  0.621468E+05 0.295134E+03 0.2841E+02      0 0.0000E+00       0      0      0      0     2387     153      38      22     489     2243    3049       0
 314   1  0.612309E+05 0.305643E+03 0.6374E+01      0 0.0000E+00       0      0      0      0     2210     136      59      24     483     2318    2952       0
 315   1  0.608745E+05 0.303643E+03 0.6962E+01      0 0.0000E+00       0      0      0      0     2297     142      46      32     439     2222    3006       0
 316   1  0.603105E+05 0.309788E+03 0.3458E+02      0 0.0000E+00       0      0      0      0     2281     153      46      26     442     2287    2966       0
 317   1  0.601513E+05 0.285608E+03 0.6754E+01      0 0.0000E+00       0      0      0      0     2211     143      41      25     403     2217    2920       0
 318   1  0.595941E+05 0.287879E+03 0.1274E+02      0 0.0000E+00       0      0      0      0     2244     134      38      20     437     2238    2785       0
 319   1  0.598352E+05 0.292806E+03 0.1063E+01      0 0.0000E+00       0      0      0      0     2138     186      41      34     459     2202    2921       0
 320   1  0.594660E+05 0.278171E+03 0.2893E+02      0 0.0000E+00       0      0      0      0     2238     152      32      24     434     2120    2840       0
 321   1  0.579378E+05 0.281596E+03 0.1618E+02      0 0.0000E+00       0      0      0      0     2112     138      46      25     408     2095    2835       0
 322   1  0.584803E+05 0.285399E+03 0.3703E+01      0 0.0000E+00       0      0      0      0     2099     138      59      27     452     2167    2779       0
 323   1  0.580199E+05 0.265397E+03 0.0000E+00      0 0.0000E+00       0      0      0      0     2123     142      47      22     463     2013    2756       0
 324   1  0.575638E+05 0.273617E+03 0.1830E+02      0 0.0000E+00       0      0      0      0     2073     165      35      32     434     2060    2748       0
 325   1  0.577634E+05 0.282143E+03 0.1924E+02      0 0.0000E+00       0      0      0      0     2107     144      61      28     400     2062    2801       0
 326   1  0.565381E+05 0.280083E+03 0.5156E+01      0 0.0000E+00       0      0      0      0     2096     146      39      24     407     2098    2738       0
 327   1  0.552247E+05 0.279604E+03 0.0000E+00      0 0.0000E+00       0      0      0      0     2038     139      34      28     392     2099    2621       0
 328   1  0.559406E+05 0.269015E+03 0.0000E+00      0 0.0000E+00       0      0      0      0     1979     153      46      23     390     2043    2750       0
 329   1  0.557360E+05 0.267835E+03 0.0000E+00      0 0.0000E+00       0      0      0      0     2085     135      44      24     416     1995    2615       0
 330   1  0.545286E+05 0.252851E+03 0.2289E+02      0 0.0000E+00       0      0      0      0     1941     140      34      24     365     1915    2562       0
 331   1  0.547453E+05 0.268950E+03 0.0000E+00      0 0.0000E+00       0      0      0      0     2090     122      40      39     373     1970    2611       0
 332   1  0.544713E+05 0.267471E+03 0.0000E+00      0 0.0000E+00       0      0      0      0     1932     132      53      23     357     2052    2615       0
 333   1  0.549201E+05 0.256650E+03 0.0000E+00      0 0.0000E+00       0      0      0      0     2039     136      42      20     384     2004    2608       0
 334   1  0.541735E+05 0.269446E+03 0.0000E+00      0 0.0000E+00       0      0      0      0     2026     135      38      25     385     1991    2612       0
 335   1  0.534431E+05 0.261377E+03 0.1574E+00      0 0.0000E+00       0      0      0      0     1947     119      35      25     376     1961    2533       0
 336   1  0.536868E+05 0.256881E+03 0.7366E+01      0 0.0000E+00       0      0      0      0     1885     145      39      32     358     1952    2539       0
 337   1  0.532086E+05 0.257404E+03 0.8961E+00      0 0.0000E+00       0      0      0      0     1985     140      40      26     331     1944    2481       0
 338   1  0.517723E+05 0.258289E+03 0.0000E+00      0 0.0000E+00       0      0      0      0     1902     110      46      33     379     1967    2387       0
 339   1  0.506260E+05 0.257595E+03 0.1490E+02      0 0.0000E+00       0      0      0      0     1818     119      30      25     338     1883    2379       0
 340   1  0.509842E+05 0.241016E+03 0.0000E+00      0 0.0000E+00       0      0      0      0     1792     139      37      23     338     1792    2495       0
 341   1  0.517399E+05 0.231844E+03 0.0000E+00      0 0.0000E+00       0      0      0      0     1847     126      42      20     417     1756    2477       0
 342   1  0.507552E+05 0.240148E+03 0.3335E+01      0 0.0000E+00       0      0      0      0     1855     116      34      19     336     1789    2408       0
 343   1  0.510819E+05 0.238634E+03 0.6629E+01      0 0.0000E+00       0      0      0      0     1782     132      46      17     361     1849    2369       0
 344   1  0.516681E+05 0.227182E+03 0.1587E+02      0 0.0000E+00       0      0      0      0     1788     120      35      31     384     1789    2322       0
 345   1  0.509998E+05 0.239121E+03 0.6426E+01      0 0.0000E+00       0      0      0      0     1887     105      43      27     366     1765    2369       0
 346   1  0.498178E+05 0.221999E+03 0.1166E+02      0 0.0000E+00       0      0      0      0     1800     116      45      17     333     1667    2258       0
 347   1  0.492409E+05 0.230868E+03 0.0000E+00      0 0.0000E+00       0      0      0      0     1788     114      33      20     347     1769    2235       0
 348   1  0.498863E+05 0.233891E+03 0.0000E+00      0 0.0000E+00       0      0      0      0     1784     105      42      26     377     1736    2323       0
 349   1  0.489322E+05 0.221447E+03 0.1703E+02      0 0.0000E+00       0      0      0      0     1782     123      36      22     358     1601    2247       0
 350   1  0.483080E+05 0.228864E+03 0.0000E+00      0 0.0000E+00       0      0      0      0     1734     119      36      22     315     1707    2220       0
 351   1  0.472812E+05 0.224534E+03 0.8320E+01      0 0.0000E+00       0      0      0      0     1628     106      31      22     342     1685    2259       0
 352   1  0.469906E+05 0.242324E+03 0.3486E+01      0 0.0000E+00       0      0      0      0     1683     134      20      26     340     1766    2180       0
 353   1  0.475931E+05 0.214336E+03 0.6702E+01      0 0.0000E+00       0      0      0      0     1672     140      43      22     323     1647    2262       0
 354   1  0.477519E+05 0.219001E+03 0.7195E+01      0 0.0000E+00       0      0      0      0     1693     110      41      25     332     1667    2185       0
 355   1  0.482340E+05 0.214030E+03 0.1988E+02      0 0.0000E+00       0      0      0      0     1678     115      38      15     373     1606    2218       0
 356   1  0.468494E+05 0.216050E+03 0.6415E+01      0 0.0000E+00       0      0      0      0     1626     120      45      20     276     1637    2186       0
 357   1  0.467238E+05 0.214004E+03 0.6878E+01      0 0.0000E+00       0      0      0      0     1704     115      28      27     297     1672    2108       0
 358   1  0.459384E+05 0.205871E+03 0.1484E+02      0 0.0000E+00       0      0      0      0     1656     102      36      17     309     1626    2067       0
 359   1  0.460176E+05 0.208010E+03 0.0000E+00      0 0.0000E+00       0      0      0      0     1618     113      38      23     340     1595    2108       0
 360   1  0.455703E+05 0.222696E+03 0.0000E+00      0 0.0000E+00       0      0      0      0     1631     122      35      12     324     1618    2140       0
 361   1  0.442442E+05 0.193228E+03 0.0000E+00      0 0.0000E+00       0      0      0      0     1616     109      33      12     303     1576    1982       0
 362   1  0.439597E+05 0.201936E+03 0.0000E+00      0 0.0000E+00       0      0      0      0     1574     105      24      25     299     1571    1995       0
 363   1  0.440558E+05 0.191692E+03 0.8198E+01      0 0.0000E+00       0      0      0      0     1609     116      32      23     303     1509    2097       0
 364   1  0.432811E+05 0.220118E+03 0.1237E+02      0 0.0000E+00       0      0      0      0     1501     100      36      13     297     1648    2021       0
 365   1  0.428180E+05 0.203668E+03 0.0000E+00      0 0.0000E+00       0      0      0      0     1465     117      35      19     302     1529    1938       0
 366   1  0.435282E+05 0.207757E+03 0.1324E+02      0 0.0000E+00       0      0      0      0     1597      98      40      26     267     1549    1943       0
 367   1  0.428905E+05 0.203880E+03 0.0000E+00      0 0.0000E+00       0      0      0      0     1491      97      37      12     306     1504    1969       0
 368   1  0.429606E+05 0.193575E+03 0.8379E+01      0 0.0000E+00       0      0      0      0     1501      88      37      18     302     1473    1988       0
 369   1  0.427779E+05 0.191698E+03 0.0000E+00      0 0.0000E+00       0      0      0      0     1548      93      39      20     302     1443    2003       0
 370   1  0.425733E+05 0.193661E+03 0.1146E+02      0 0.0000E+00       0      0      0      0     1479      84      31      24     312     1432    1903       0
 371   1  0.424262E+05 0.192262E+03 0.1505E+02      0 0.0000E+00       0      0      0      0     1499     108      31      16     309     1445    1951       0
 372   1  0.416224E+05 0.194577E+03 0.0000E+00      0 0.0000E+00       0      0      0      0     1431      99      31      27     264     1425    1916       0
 373   1  0.411215E+05 0.197934E+03 0.6530E+01      0 0.0000E+00       0      0      0      0     1474     104      21      12     262     1485    1891       0
 374   1  0.421597E+05 0.176877E+03 0.0000E+00      0 0.0000E+00       0      0      0      0     1462      96      26      14     314     1354    1884       0
 375   1  0.410046E+05 0.199707E+03 0.2147E+02      0 0.0000E+00       0      0      0      0     1448     110      27      17     280     1414    1820       0
 376   1  0.406748E+05 0.184298E+03 0.3749E+01      0 0.0000E+00       0      0      0      0     1478     108      31      20     261     1435    1841       0
 377   1  0.401399E+05 0.180932E+03 0.0000E+00      0 0.0000E+00       0      0      0      0     1352     104      36      20     294     1458    1784       0
 378   1  0.400759E+05 0.184027E+03 0.0000E+00      0 0.0000E+00       0      0      0      0     1361     121      35      20     296     1438    1819       0
 379   1  0.404011E+05 0.184719E+03 0.7494E+01      0 0.0000E+00       0      0      0      0     1353     105      39      17     278     1404    1832       0
 380   1  0.406292E+05 0.189588E+03 0.2970E+01      0 0.0000E+00       0      0      0      0     1409      88      31      18     287     1377    1783       0
 381   1  0.396989E+05 0.178269E+03 0.7837E+01      0 0.0000E+00       0      0      0      0     1344      91      35      18     251     1302    1739       0
 382   1  0.400022E+05 0.177486E+03 0.2163E+02      0 0.0000E+00       0      0      0      0     1400      97      39      26     281     1342    1712       0
 383   1  0.394152E+05 0.177266E+03 0.2027E+02      0 0.0000E+00       0      0      0      0     1405      97      25      16     281     1366    1772       0
 384   1  0.395641E+05 0.180838E+03 0.0000E+00      0 0.0000E+00       0      0      0      0     1375      93      31      14     295     1338    1842       0
 385   1  0.387582E+05 0.169491E+03 0.0000E+00      0 0.0000E+00       0      0      0      0     1372      93      34      21     274     1360    1694       0
 386   1  0.383905E+05 0.166067E+03 0.2793E+01      0 0.0000E+00       0      0      0      0     1320     108      28      17     263     1273    1763       0
 387   1  0.382970E+05 0.178568E+03 0.2958E+01      0 0.0000E+00       0      0      0      0     1331      96      32      22     247     1317    1682       0
 388   1  0.379283E+05 0.174382E+03 0.0000E+00      0 0.0000E+00       0      0      0      0     1308      85      30      16     284     1332    1725       0
 389   1  0.375593E+05 0.166510E+03 0.1621E+02      0 0.0000E+00       0      0      0      0     1312      82      34       7     245     1291    1697       0
 390   1  0.372885E+05 0.179561E+03 0.1186E+02      0 0.0000E+00       0      0      0      0     1305      88      22      19     245     1293    1663       0
 391   1  0.374267E+05 0.166747E+03 0.7177E+01      0 0.0000E+00       0      0      0      0     1250      80      19      21     272     1289    1709       0
 392   1  0.376330E+05 0.168216E+03 0.0000E+00      0 0.0000E+00       0      0      0      0     1273      88      32      17     278     1267    1587       0
 393   1  0.373619E+05 0.172260E+03 0.7304E+01      0 0.0000E+00       0      0      0      0     1291      93      24      13     263     1281    1654       0
 394   1  0.363307E+05 0.167430E+03 0.1171E+02      0 0.0000E+00       0      0      0      0     1305      88      17      13     217     1277    1637       0
 395   1  0.359364E+05 0.169694E+03 0.7093E+01      0 0.0000E+00       0      0      0      0     1233      80      33      12     227     1242    1569       0
 396   1  0.359629E+05 0.160797E+03 0.3757E+01      0 0.0000E+00       0      0      0      0     1266      86      31      14     253     1207    1682       0
 397   1  0.359676E+05 0.161548E+03 0.3386E+01      0 0.0000E+00       0      0      0      0     1194      79      24      17     247     1168    1527       0
 398   1  0.349777E+05 0.164069E+03 0.5817E+01      0 0.0000E+00       0      0      0      0     1194      70      20      11     216     1254    1556       0
 399   1  0.353437E+05 0.157341E+03 0.0000E+00      0 0.0000E+00       0      0      0      0     1192      74      25      17     214     1180    1562       0
 400   1  0.353743E+05 0.153271E+03 0.0000E+00      0 0.0000E+00       0      0      0      0     1211      65      33      16     282     1154    1505       0
 401   0  0.000000E+00 0.000000E+00 0.0000E+00      0 0.0000E+00       0      0      0      0        0       0       0       0       0        0       0       0
  SUMM:   0.373361E+10 0.803934E+06 0.1732E+05    103 0.1120E+04       0      0      0      0 24555877  647949  152102  315349 1701977  5819092 8171018       0
 ZONE  MED     C10     C11     N12     N13     O13     O14     O15     F17     F18
    1    1     582    1480       0     640       9     172    3492       0       0
    2    1     651    1533       2     670       8     186    3461       1       0
    3    1     602    1518       0     678       8     180    3514       1       0
    4    1     676    1560       0     692       4     197    3556       1       1
    5    1     630    1516       0     652       8     196    3528       1       1
    6    1     665    1498       0     629      11     202    3508       0       2
    7    1     629    1590       0     653       9     211    3559       1       0
    8    1     649    1599       0     661       7     181    3485       5       0
    9    1     598    1520       0     691      10     201    3427       0       1
   10    1     617    1571       0     712       5     166    3520       0       0
   11    1     633    1527       0     671      10     186    3484       0       0
   12    1     627    1490       0     628       8     168    3536       1       0
   13    1     630    1551       0     673       3     199    3643       0       1
   14    1     651    1516       0     646       8     162    3596       0       0
   15    1     617    1580       0     673       6     176    3637       0       0
   16    1     639    1510       0     647      13     194    3548       0       0
   17    1     644    1485       0     620       3     187    3656       0       0
   18    1     593    1503       1     679       1     212    3571       0       0
   19    1     621    1586       0     683       4     169    3549       1       2
   20    1     574    1649       0     673       6     200    3756       0       0
   21    1     629    1590       0     603       8     180    3553       3       0
   22    1     618    1607       0     674      16     174    3628       0       0
   23    1     646    1603       0     662       5     188    3698       0       1
   24    1     631    1533       0     658       4     192    3724       0       1
   25    1     628    1580       0     638       8     178    3730       0       0
   26    1     619    1526       0     656       6     184    3683       0       0
   27    1     667    1522       0     663       8     194    3674       0       0
   28    1     640    1556       0     751      10     175    3676       0       2
   29    1     640    1571       1     630       9     197    3686       2       0
   30    1     585    1622       0     677       6     197    3617       1       0
   31    1     656    1572       0     685       7     196    3645       0       0
   32    1     659    1627       1     700       5     185    3623       0       1
   33    1     626    1521       0     724       2     185    3673       1       1
   34    1     597    1531       0     660       5     223    3629       0       0
   35    1     580    1509       0     678       9     198    3558       1       1
   36    1     648    1530       0     669       8     160    3552       0       1
   37    1     587    1595       0     650       5     192    3738       1       1
   38    1     648    1550       0     711       6     186    3649       0       0
   39    1     646    1647       0     645       6     188    3574       0       0
   40    1     608    1566       0     650       6     215    3707       2       0
   41    1     611    1532       0     714       3     181    3685       0       1
   42    1     631    1558       0     673       6     185    3747       1       0
   43    1     599    1619       0     649      11     191    3733       1       0
   44    1     649    1556       0     654      13     193    3619       1       0
   45    1     634    1491       0     720       7     212    3754       1       0
   46    1     650    1530       0     689       4     211    3769       1       0
   47    1     628    1505       0     684       8     168    3754       1       0
   48    1     625    1605       0     699       4     182    3704       0       1
   49    1     589    1539       0     665       6     199    3827       0       0
   50    1     665    1597       0     659       5     187    3751       1       0
   51    1     682    1548       1     649      10     165    3738       1       0
   52    1     644    1596       0     673       7     186    3805       0       0
   53    1     708    1584       1     687       9     197    3801       2       0
   54    1     652    1509       0     706       8     156    3881       0       2
   55    1     618    1578       0     693       6     217    3744       1       0
   56    1     625    1552       0     697       1     192    3707       1       0
   57    1     644    1644       0     652       9     201    3808       1       0
   58    1     674    1567       0     709       8     190    3824       0       0
   59    1     621    1612       0     692       6     171    3644       1       1
   60    1     633    1625       0     691       3     208    3711       0       0
   61    1     602    1576       1     691      10     204    3725       0       0
   62    1     619    1569       0     682       6     158    3897       0       1
   63    1     632    1613       0     698      10     190    3895       1       1
   64    1     648    1584       0     692       1     161    3734       3       0
   65    1     691    1625       0     700       7     195    3911       0       0
   66    1     586    1571       0     699       2     176    3770       0       0
   67    1     614    1505       0     697       3     189    3835       0       0
   68    1     623    1602       0     697       6     187    3777       0       0
   69    1     630    1530       0     665       8     213    3781       1       1
   70    1     631    1588       0     730       8     178    3824       1       0
   71    1     598    1559       0     670       6     205    3772       0       0
   72    1     674    1443       1     649       9     213    3719       1       0
   73    1     659    1588       1     653       6     180    3760       1       0
   74    1     600    1585       0     689       9     194    3698       1       0
   75    1     605    1655       0     623      10     194    3947       0       0
   76    1     615    1544       0     711       9     204    3876       1       0
   77    1     626    1631       0     705       9     194    3782       1       1
   78    1     615    1549       0     681       8     187    3758       0       0
   79    1     597    1559       0     644       8     196    3779       0       0
   80    1     642    1517       0     694       2     204    3749       1       0
   81    1     615    1594       0     724      11     195    3871       0       0
   82    1     642    1614       0     680       6     191    3883       1       0
   83    1     619    1555       0     717       4     218    3808       0       1
   84    1     621    1575       0     717       5     191    3795       0       0
   85    1     585    1599       0     724      10     186    3840       0       0
   86    1     587    1604       0     711       9     183    3725       3       2
   87    1     631    1542       0     743       4     193    3759       1       0
   88    1     597    1521       1     649      13     194    3916       0       0
   89    1     621    1590       0     688      10     186    3816       0       0
   90    1     644    1531       0     733       9     213    3906       1       0
   91    1     655    1578       0     687       1     194    3966       0       1
   92    1     647    1645       0     668       5     185    3924       3       1
   93    1     639    1556       0     681       7     188    3731       0       1
   94    1     641    1568       0     660       6     177    3788       0       2
   95    1     627    1520       0     657       7     201    3884       1       1
   96    1     595    1613       0     647       5     182    3812       0       1
   97    1     623    1571       1     677       9     183    3840       0       0
   98    1     611    1552       0     718       5     199    3855       0       0
   99    1     629    1583       0     681       6     224    3854       1       0
  100    1     607    1581       0     641       8     193    3806       1       0
  101    1     600    1616       0     638       9     178    3809       1       0
  102    1     628    1564       0     676       6     197    3739       0       0
  103    1     669    1507       1     716       4     192    3872       1       0
  104    1     609    1578       0     673       7     197    3897       1       0
  105    1     648    1602       0     703       6     220    3878       1       2
  106    1     591    1542       1     698       6     208    4005       0       1
  107    1     622    1535       0     648       5     206    3932       0       0
  108    1     625    1575       0     716       5     182    3867       1       0
  109    1     617    1589       0     649       6     198    3940       0       0
  110    1     627    1601       0     677       8     185    3801       1       0
  111    1     607    1565       0     653       9     192    3972       1       0
  112    1     625    1516       0     655       4     192    3779       0       0
  113    1     614    1548       2     725       4     216    3831       1       0
  114    1     595    1526       0     682       2     185    3907       0       2
  115    1     627    1562       0     697       7     225    3775       4       0
  116    1     564    1536       0     671       7     205    3848       1       0
  117    1     554    1566       0     649       4     208    3944       1       0
  118    1     593    1516       0     687       5     201    3818       0       0
  119    1     594    1521       0     674       3     199    3789       0       0
  120    1     589    1493       0     643       8     196    3790       2       1
  121    1     621    1575       0     693       7     226    3879       0       1
  122    1     624    1578       0     662       7     186    3787       0       1
  123    1     583    1556       0     640       3     174    3801       1       1
  124    1     619    1514       0     666       6     182    3855       0       1
  125    1     613    1507       0     670       7     201    3893       1       0
  126    1     578    1446       2     652       8     206    3765       0       1
  127    1     636    1597       0     722       5     226    3917       0       0
  128    1     600    1592       0     691       2     184    3904       0       0
  129    1     555    1561       0     703       9     207    3817       1       1
  130    1     584    1613       0     653       7     202    3844       0       0
  131    1     566    1545       0     663       3     177    3737       1       2
  132    1     605    1603       0     677       4     180    3924       1       0
  133    1     642    1547       0     674       3     217    3790       0       1
  134    1     629    1595       0     645       7     198    3851       1       3
  135    1     579    1517       0     694      10     190    3885       0       0
  136    1     562    1605       0     717       6     201    3913       0       1
  137    1     618    1584       0     698       5     196    3773       1       0
  138    1     602    1526       0     673       3     195    3820       0       4
  139    1     572    1638       0     663       6     211    3826       1       0
  140    1     608    1597       0     643       4     180    3862       0       0
  141    1     589    1554       0     678       3     208    3904       2       1
  142    1     602    1538       0     732      11     191    3823       1       0
  143    1     616    1601       1     681       6     212    3848       1       2
  144    1     620    1521       0     693       3     178    3786       0       0
  145    1     635    1619       0     663       8     200    3965       0       1
  146    1     596    1465       1     718       9     210    3763       0       1
  147    1     568    1557       0     703      10     212    3788       0       1
  148    1     648    1524       0     725       6     178    3906       0       0
  149    1     580    1674       0     642      15     176    3865       1       0
  150    1     577    1561       1     656       4     207    3993       2       1
  151    1     592    1587       1     698       7     207    3875       0       0
  152    1     581    1541       0     657       7     208    3860       1       1
  153    1     629    1540       0     672       8     181    3903       1       1
  154    1     582    1580       0     730       3     174    3849       0       0
  155    1     577    1536       0     695      10     213    3802       0       0
  156    1     613    1533       0     675       7     206    3943       0       1
  157    1     597    1559       0     685       6     168    3837       2       2
  158    1     627    1554       0     674       4     205    3867       1       0
  159    1     626    1550       0     675       2     183    3885       1       0
  160    1     600    1531       0     706       1     207    3931       2       0
  161    1     562    1497       0     681      10     194    3823       1       1
  162    1     578    1516       0     685      10     195    3860       2       1
  163    1     623    1544       0     722      12     194    3875       2       1
  164    1     562    1584       0     729      11     180    3823       0       1
  165    1     554    1577       0     751       9     190    3999       2       1
  166    1     584    1587       0     650       8     170    3959       0       0
  167    1     608    1538       1     678       2     241    3949       1       2
  168    1     627    1521       1     758       2     195    3891       1       0
  169    1     611    1538       0     707       6     174    3867       0       0
  170    1     554    1574       1     640       0     187    3934       1       0
  171    1     566    1536       0     698       5     211    3980       0       0
  172    1     574    1505       0     642       7     185    3919       0       1
  173    1     571    1566       0     713       8     198    3943       4       0
  174    1     586    1531       2     689      10     171    4015       3       3
  175    1     562    1537       0     650       6     190    3999       0       0
  176    1     589    1461       0     673       7     187    3940       0       0
  177    1     569    1518       1     657       5     188    3921       0       0
  178    1     569    1436       0     664       8     204    3889       2       2
  179    1     571    1573       1     676       5     184    3871       1       1
  180    1     571    1488       0     722       5     197    3871       1       0
  181    1     589    1542       0     722       7     199    3994       0       1
  182    1     585    1633       0     712       3     190    3995       0       1
  183    1     623    1448       0     681       5     221    3861       0       0
  184    1     555    1452       0     657       9     181    3902       0       0
  185    1     582    1491       1     710       3     177    3911       0       1
  186    1     539    1431       0     678      12     168    3928       2       2
  187    1     588    1491       0     641       6     197    3816       2       0
  188    1     546    1482       1     678      13     193    3912       0       1
  189    1     563    1533       0     685       3     178    4025       1       0
  190    1     526    1558       0     688       6     218    3865       0       1
  191    1     610    1491       0     694       5     191    3817       1       0
  192    1     545    1499       0     628      11     217    3939       0       0
  193    1     570    1515       0     697       3     187    3911       0       0
  194    1     550    1505       1     681       5     211    3856       2       0
  195    1     575    1528       0     645       9     198    3896       0       1
  196    1     573    1474       0     621       4     200    3946       1       2
  197    1     534    1447       0     657       6     184    3902       0       1
  198    1     533    1452       0     646      11     215    3798       1       1
  199    1     525    1527       0     641       3     182    3957       0       3
  200    1     602    1545       0     680       8     198    3943       0       1
  201    1     553    1445       0     660       4     193    3900       0       0
  202    1     535    1515       0     651       6     202    3881       1       0
  203    1     533    1483       0     704       8     204    3844       0       0
  204    1     535    1511       0     676       8     181    3898       1       2
  205    1     526    1511       0     659       6     207    3987       1       1
  206    1     592    1546       0     734       3     212    3919       0       0
  207    1     575    1494       0     662       2     209    4071       0       1
  208    1     515    1456       0     713       1     192    3899       2       0
  209    1     521    1493       0     671       8     221    4000       1       2
  210    1     570    1520       0     736      12     192    3957       3       0
  211    1     526    1501       0     723       8     209    4009       1       0
  212    1     531    1441       0     670       8     190    3933       2       0
  213    1     536    1426       1     685       4     181    4017       1       1
  214    1     558    1431       0     728       3     201    3980       0       0
  215    1     515    1450       0     672       7     179    4111       1       2
  216    1     513    1461       1     663       3     203    4043       2       1
  217    1     503    1483       0     722       8     181    4068       1       1
  218    1     475    1468       0     694       8     235    4069       0       0
  219    1     470    1442       0     715       9     202    4061       2       0
  220    1     539    1456       0     729       8     203    3977       0       0
  221    1     511    1525       0     731      10     181    4048       1       1
  222    1     544    1448       0     699       0     217    4035       1       0
  223    1     524    1467       0     755       8     181    4054       0       1
  224    1     465    1435       0     669       9     192    4091       0       2
  225    1     494    1441       0     732       7     198    4048       0       0
  226    1     506    1406       0     702       2     201    4009       1       1
  227    1     497    1394       2     696       5     202    4098       2       0
  228    1     453    1434       0     662       4     208    4156       3       1
  229    1     541    1429       1     708       5     190    4090       1       2
  230    1     421    1348       1     769       3     217    4069       1       0
  231    1     496    1405       0     710       6     212    4197       1       0
  232    1     500    1383       0     730       5     196    4101       0       1
  233    1     469    1345       0     665       8     208    4161       1       0
  234    1     480    1376       0     744       3     201    4205       2       1
  235    1     486    1372       0     696       5     198    4192       1       1
  236    1     476    1388       0     655       4     211    4298       1       0
  237    1     481    1369       0     743       6     200    4212       1       1
  238    1     466    1288       1     656       4     205    4204       1       2
  239    1     457    1322       3     779      11     205    4303       0       0
  240    1     455    1381       0     717       3     191    4264       0       0
  241    1     454    1409       0     758       4     223    4457       1       3
  242    1     459    1303       0     711       6     235    4293       0       0
  243    1     424    1335       0     724       5     202    4437       1       0
  244    1     459    1373       0     744      11     198    4424       2       2
  245    1     422    1356       0     781       7     192    4497       1       1
  246    1     442    1315       0     730       4     226    4562       3       0
  247    1     438    1314       0     727       8     234    4634       1       0
  248    1     479    1272       0     802       6     242    4559       0       3
  249    1     449    1278       0     771       2     270    4745       0       1
  250    1     396    1280       0     786      10     221    4916       1       3
  251    1     413    1207       0     826       6     240    4963       2       1
  252    1     417    1183       0     810       4     247    4916       2       0
  253    1     386    1172       0     763       2     231    5069       1       2
  254    1     471    1144       0     842       5     262    5032       2       0
  255    1     387    1096       0     801       3     284    5226       2       1
  256    1     441    1141       0     808       5     271    5366       0       1
  257    1     404    1099       0     802       3     297    5513       1       1
  258    1     347    1085       0     812       8     242    5430       2       3
  259    1     357    1003       1     866       4     275    5414       4       0
  260    1     306     955       1     839       1     281    5659       1       6
  261    1     277     934       0     852       6     258    5838       3       0
  262    1     276     848       0     860       3     315    6113       2       1
  263    1     256     823       0     808       0     291    6134       0       3
  264    1     223     758       0     778       1     290    6392       1       1
  265    1     215     703       0     739       0     293    6308       2       0
  266    1     133     656       0     755       0     312    6638       3       0
  267    1     119     596       0     717       2     300    6681       5       2
  268    1      75     530       0     630       0     324    7022       3       5
  269    1      67     462       0     579       0     292    7215       1       1
  270    1      43     408       0     487       0     260    7290       4       1
  271    1      27     306       0     488       0     243    7102       5       1
  272    1      16     237       0     452       0     226    7150       5       5
  273    1      10     174       0     352       0     183    6679       3       4
  274    1       7     106       0     339       0     156    5912       6       2
  275    1       7     101       0     300       0     119    5335       4       8
  276    1       5      56       0     269       0      88    4431       6      12
  277    1      10      54       0     245       0      47    3472       6       9
  278    1       4      35       0     216       0      34    2438       7       6
  279    1       4      30       0     190       1      16    1677       8       6
  280    1       7      52       0      95       0      11    1054       6       6
  281    1       6      43       0      93       0       4     629       3       5
  282    1       4      39       0      49       0       5     361       9       1
  283    1       7      29       0      37       0       5     249       4       1
  284    1       2      37       0      14       0       3     200       1       0
  285    1       3      31       0      18       0       2     135       0       1
  286    1       4      34       0      12       0       4     132       0       0
  287    1       2      38       0      15       0       2     144       0       0
  288    1       5      35       0      15       0       2     112       0       0
  289    1       7      33       0      16       0       5     150       0       0
  290    1       6      31       0       7       0       0     120       0       0
  291    1       7      21       0       9       0       4     138       0       0
  292    1       2      28       0      13       0       8     131       0       0
  293    1       1      31       0      13       0       5     113       0       0
  294    1       2      24       0      12       0       4     126       0       0
  295    1       5      35       0      13       0       2     121       0       0
  296    1       8      31       0       8       0       3     110       0       0
  297    1       1      30       0      11       0       2     136       0       0
  298    1       2      31       0      10       0       2     124       0       0
  299    1       4      31       0      10       0       1     121       0       0
  300    1       5      30       0       5       0       2     118       0       0
  301    1       4      34       0      10       0       1     143       0       0
  302    1       3      27       0      13       0       5     129       0       0
  303    1       5      27       0      19       0       2     140       0       0
  304    1       3      24       0       9       0       1     126       0       0
  305    1       5      22       0      12       1       1     154       0       0
  306    1       7      25       0      10       0       2     117       0       0
  307    1       3      37       0      16       0       3     130       0       0
  308    1       5      29       0      12       0       0      97       0       0
  309    1       4      26       0       7       1       2     112       0       0
  310    1       0      36       0      16       0       2     132       0       0
  311    1       7      29       0      17       0       0     115       0       0
  312    1       5      17       0      14       0       3     129       0       0
  313    1       7      29       0      14       0       2     117       0       0
  314    1       5      37       0      15       0       1     107       0       0
  315    1       3      28       0      11       0       1     113       0       0
  316    1       4      27       0      11       0       3     119       0       0
  317    1       6      29       0       6       0       2     113       0       0
  318    1       3      31       0       8       0       1     105       0       0
  319    1       4      22       0      17       0       4     102       0       0
  320    1       4      37       0      13       0       4     110       0       0
  321    1       3      23       0       9       0       3     107       0       0
  322    1       0      35       0      11       0       4     104       0       0
  323    1       4      31       0      11       0       1     106       0       0
  324    1       4      27       0       8       0       4     101       0       0
  325    1       3      22       0       9       0       4     103       0       0
  326    1       8      28       0      14       0       6     104       0       0
  327    1       3      22       0      10       0       0     108       0       0
  328    1       6      35       0       8       0       1     118       0       0
  329    1       6      22       0      16       0       1     116       0       0
  330    1       5      31       0      10       0       2      94       0       0
  331    1       6      20       0      10       0       1      97       0       0
  332    1       4      29       0       8       0       0     113       0       0
  333    1       3      39       0      13       0       4     112       0       0
  334    1       6      26       0       8       0       1     103       0       0
  335    1       0      21       0       8       0       5     117       0       0
  336    1       3      32       0       4       0       2     105       0       0
  337    1       4      27       0       9       0       0      81       0       0
  338    1       3      26       0       8       0       1     112       0       0
  339    1       2      25       0      11       0       1     100       0       0
  340    1       5      24       0       8       0       0     101       0       0
  341    1       3      35       0       8       0       2     103       0       0
  342    1       5      14       0      14       0       2     111       0       0
  343    1       2      39       0      11       0       1     100       0       0
  344    1       2      28       0       7       0       2      97       0       0
  345    1       3      24       0       9       0       2      90       0       0
  346    1       4      28       0       7       0       2      82       0       0
  347    1       2      18       0      10       0       2     105       0       0
  348    1       3      24       0       8       0       1     106       0       0
  349    1       3      26       0      10       0       1     107       0       0
  350    1       3      17       0       5       0       2      93       0       0
  351    1       7      29       0      12       0       1      92       0       0
  352    1       3      19       0      13       0       0      66       0       0
  353    1       5      23       0      12       0       0      97       0       0
  354    1       2      33       0      13       0       1      95       0       0
  355    1       4      32       0       9       0       0      97       0       0
  356    1       4      23       0      13       0       2      99       0       0
  357    1       9      26       0       8       0       2      93       0       0
  358    1       1      24       0       6       0       1      83       0       0
  359    1       8      31       0      11       0       1      89       0       0
  360    1       7      19       0      14       0       0      83       0       0
  361    1       4      18       0      11       1       1      93       0       0
  362    1       4      24       0       9       0       2      85       0       0
  363    1       3      33       0       6       0       4      81       0       0
  364    1       6      16       0       9       0       4      84       0       0
  365    1       2      18       0      15       0       4      72       0       0
  366    1       3      23       0       6       0       1      95       0       0
  367    1       4      30       0       5       0       5      91       0       0
  368    1       3      29       0       9       0       1      86       0       0
  369    1       3      31       0      10       0       2      87       0       0
  370    1       3      21       0       5       0       1      82       0       0
  371    1       8      18       0      12       0       1      77       0       0
  372    1       2      30       0       7       0       1      88       0       0
  373    1       4      12       0      12       0       1      73       0       0
  374    1       2      23       0      10       0       2      78       1       0
  375    1       2      19       0       9       0       1      72       0       0
  376    1       7      24       0       8       0       1      76       0       0
  377    1       3      23       0       5       0       3      69       0       0
  378    1       4      23       0      10       0       0      80       0       0
  379    1       3      15       0       6       0       1      75       0       0
  380    1       4      19       0       6       0       1      69       0       0
  381    1       2      17       0       9       0       4      70       0       0
  382    1       1      20       0       6       0       2      95       0       0
  383    1       1      31       0       6       0       0      57       0       0
  384    1       4      19       0       9       0       3      79       0       0
  385    1       4      20       0      10       0       0      69       0       0
  386    1       1      16       0       1       0       0      92       0       0
  387    1       4      20       0       7       0       3      71       0       0
  388    1       1      17       0       7       0       1      73       0       0
  389    1       3      19       0      11       0       1      78       0       0
  390    1       3      17       0      12       0       3      67       0       0
  391    1       3      21       0       2       0       2      81       0       0
  392    1       2      28       0       8       0       1      67       0       0
  393    1       6      19       0       9       0       0      66       0       0
  394    1       3      12       0      10       0       4      67       0       0
  395    1       2      23       0       7       0       1      71       0       0
  396    1       4      22       0       5       0       0      72       0       0
  397    1       6      22       0       8       0       0      76       0       0
  398    1       2      14       0       6       0       0      57       0       0
  399    1       3      12       0       3       0       2      74       0       0
  400    1       8       6       0       5       0       3      83       0       0
  401    0       0       0       0       0       0       0       0       0       0
   SUM ==>  152904  403296      44  191070    1668   55787 1144148     293     235
