19000000
400
ZONE	MED	LOSS(MEV)	(MEV)	EXCITATION	PI0	(MEV)	PI+	K+	MU-	MU+	PROT	DEUT	TRIT	HE3	ALPH	ELSC	INEL	FISS
1	1	8549460	1189,1	29,24	5	120	0	0	0	0	8884	1840	512	1079	5324	6647	21052	0
2	1	8644830	1223,56	41,47	3	55,65	0	0	0	0	12114	2074	569	1222	5245	6891	21521	0
3	1	8708370	1242,13	25,16	5	105,9	0	0	0	0	13735	2122	563	1234	5270	7042	21275	0
4	1	8764690	1246,87	60,73	6	92,87	0	0	0	0	14792	2232	573	1243	5517	7123	21838	0
5	1	8812770	1261,27	44,34	6	85,22	0	0	0	0	15771	2327	561	1221	5300	7342	21672	0
6	1	8855950	1240,12	25,9	2	32,74	0	0	0	0	16475	2284	585	1287	5373	7356	21518	0
7	1	8901710	1277,2	38,04	3	37,95	0	0	0	0	17602	2297	623	1277	5451	7515	22095	0
8	1	8935900	1312,63	25,43	11	120,5	0	0	0	0	18100	2374	602	1162	5409	7548	22189	0
9	1	8968950	1304,07	23,78	2	14,72	0	0	0	0	18395	2320	589	1178	5372	7697	22441	0
10	1	9004460	1307,45	34,65	4	116,5	0	0	0	0	18738	2286	592	1151	5417	7605	22277	0
11	1	9041020	1317,26	27,48	1	0,6728	0	0	0	0	19425	2482	615	1228	5470	7702	22579	0
12	1	9071950	1321,57	76,44	5	68,33	0	0	0	0	19665	2326	633	1197	5273	7803	22546	0
13	1	9105180	1348,11	42,29	1	1,66	0	0	0	0	20307	2359	629	1231	5623	8015	22602	0
14	1	9139440	1357,03	35,03	4	31,26	0	0	0	0	20533	2388	582	1234	5552	7972	22826	0
15	1	9172870	1362,2	61,3	2	27,51	0	0	0	0	21203	2428	639	1300	5570	8184	23026	0
16	1	9196330	1344,62	28,7	2	22,7	0	0	0	0	21600	2365	610	1244	5587	8002	22876	0
17	1	9220200	1365,07	10,99	2	22,01	0	0	0	0	21576	2310	595	1284	5721	8238	22796	0
18	1	9246940	1376,33	20,3	4	14,31	0	0	0	0	22124	2401	605	1217	5572	8313	23067	0
19	1	9277990	1404,1	32,56	2	21,59	0	0	0	0	22425	2409	591	1254	5762	8320	23282	0
20	1	9295800	1443,16	23,99	0	0	0	0	0	0	22658	2384	577	1228	5451	8595	22835	0
21	1	9322680	1432,83	56,66	2	33,98	0	0	0	0	22898	2400	580	1258	5541	8465	23154	0
22	1	9350200	1401,36	30,7	1	2,634	0	0	0	0	23367	2381	616	1254	5679	8367	23384	0
23	1	9375740	1446,48	62,87	4	27,72	0	0	0	0	23479	2312	554	1273	5698	8598	23405	0
24	1	9399980	1449,87	28,38	1	0,8975	0	0	0	0	23783	2439	650	1202	5671	8821	23397	0
25	1	9421730	1442,85	18,45	2	14,2	0	0	0	0	23984	2471	600	1228	5706	8835	23762	0
26	1	9444110	1452,25	34,65	2	16,4	0	0	0	0	23766	2401	568	1231	5546	8820	23503	0
27	1	9470970	1448,26	22,21	2	29,81	0	0	0	0	24205	2331	575	1240	5581	8786	23199	0
28	1	9496830	1488,44	46,41	1	11,37	0	0	0	0	24650	2369	582	1255	5522	9024	23437	0
29	1	9523530	1497,36	45,08	1	0,1438	0	0	0	0	24713	2392	648	1275	5651	8956	23731	0
30	1	9546960	1508,9	50,27	3	40,73	0	0	0	0	24901	2496	607	1270	5790	9268	23934	0
31	1	9569490	1513,47	49,4	3	16,06	0	0	0	0	25553	2364	653	1327	5757	9310	23575	0
32	1	9587780	1509,92	13,47	1	10,27	0	0	0	0	25659	2276	583	1259	5740	9235	23831	0
33	1	9611090	1537,14	87,57	4	23,52	0	0	0	0	25704	2363	613	1255	5802	9253	24092	0
34	1	9633200	1488,31	46,61	1	1,879	0	0	0	0	25735	2330	632	1192	5826	9038	23777	0
35	1	9658260	1503,59	16,49	1	1,972	0	0	0	0	26157	2432	581	1237	5773	9299	24119	0
36	1	9676280	1516,98	40,33	0	0	0	0	0	0	26345	2271	612	1270	5564	9537	23645	0
37	1	9705720	1538,06	44,59	1	8,46	0	0	0	0	26782	2391	639	1223	5865	9497	24069	0
38	1	9725470	1602,6	49,48	1	19,02	0	0	0	0	26751	2368	607	1210	5942	9652	24182	0
39	1	9742910	1541,96	43,16	1	22,82	0	0	0	0	27046	2444	602	1293	5917	9700	24154	0
40	1	9760830	1571,15	26,05	1	14,54	0	0	0	0	27257	2385	603	1251	5755	9652	24375	0
41	1	9786360	1551,39	75,86	3	25,15	0	0	0	0	27295	2384	594	1248	5794	9759	24408	0
42	1	9805280	1550	16,95	0	0	0	0	0	0	27763	2439	615	1275	5778	9792	24493	0
43	1	9823250	1668	71,78	1	4,915	0	0	0	0	27662	2334	669	1235	5836	9989	24405	0
44	1	9845210	1611,41	28,41	0	0	0	0	0	0	27477	2432	631	1272	5936	9951	24170	0
45	1	9867810	1603,91	29,79	0	0	0	0	0	0	28312	2440	638	1220	5803	9976	24533	0
46	1	9882750	1598,14	53,35	1	1,796	0	0	0	0	28283	2453	581	1236	5809	9962	24378	0
47	1	9907010	1646,3	50,82	1	9,852	0	0	0	0	28442	2532	580	1318	5989	10236	24797	0
48	1	9916930	1611,8	49,73	0	0	0	0	0	0	28124	2348	604	1231	5713	10167	24309	0
49	1	9942800	1607,57	76,51	0	0	0	0	0	0	28394	2399	589	1310	5864	10167	24613	0
50	1	9959950	1648,11	48,11	1	7,924	0	0	0	0	28741	2505	612	1225	5855	10327	24766	0
51	1	9980000	1660,29	20,44	0	0	0	0	0	0	29117	2439	576	1257	5903	10342	24705	0
52	1	9994390	1678,73	27,78	1	6,267	0	0	0	0	28879	2355	627	1278	5742	10441	24502	0
53	1	10011600	1642,34	43,93	2	6,693	0	0	0	0	28987	2397	566	1242	5811	10218	24626	0
54	1	10034800	1670,24	57,62	0	0	0	0	0	0	29528	2420	606	1248	5877	10348	24606	0
55	1	10048000	1675,82	56,74	2	8,134	0	0	0	0	29542	2403	575	1168	5886	10614	24539	0
56	1	10067300	1682,3	36,93	0	0	0	0	0	0	29527	2300	626	1253	5925	10567	24736	0
57	1	10086100	1663,23	66,83	0	0	0	0	0	0	29899	2420	603	1244	5967	10692	24866	0
58	1	10104500	1690,75	47,11	1	1,88	0	0	0	0	29357	2435	612	1301	5695	10744	24707	0
59	1	10127900	1734,14	71,87	1	15,14	0	0	0	0	30049	2381	604	1318	5969	10807	24982	0
60	1	10143100	1689,73	52,08	0	0	0	0	0	0	30006	2460	615	1270	6016	10713	25111	0
61	1	10159900	1733,26	31,2	0	0	0	0	0	0	30399	2427	592	1198	5856	10807	25086	0
62	1	10182100	1711,44	19,2	0	0	0	0	0	0	30431	2398	588	1289	5947	11014	24905	0
63	1	10195900	1679,05	37,74	0	0	0	0	0	0	30773	2439	616	1287	6009	10795	25037	0
64	1	10207100	1738,01	33,91	0	0	0	0	0	0	30307	2433	577	1214	5728	11286	25081	0
65	1	10227500	1739,59	35,47	0	0	0	0	0	0	30708	2474	616	1260	5796	10915	24866	0
66	1	10243800	1746,86	42,82	0	0	0	0	0	0	30557	2460	585	1273	5772	11087	24977	0
67	1	10260500	1799,77	30,51	0	0	0	0	0	0	30761	2318	600	1246	6054	11246	25134	0
68	1	10280200	1746,74	27,68	0	0	0	0	0	0	31112	2426	587	1251	5940	11205	25175	0
69	1	10290700	1792,94	25,19	0	0	0	0	0	0	30772	2427	659	1211	5818	11258	24906	0
70	1	10311300	1763,03	34,31	0	0	0	0	0	0	30954	2423	599	1209	5844	11374	25139	0
71	1	10330000	1788,1	43,17	1	10,73	0	0	0	0	31097	2457	595	1236	5816	11425	25121	0
72	1	10348500	1811,9	33,6	0	0	0	0	0	0	31566	2371	619	1214	5871	11461	24980	0
73	1	10363300	1754,12	41,93	0	0	0	0	0	0	31342	2296	583	1193	5820	11571	24777	0
74	1	10387300	1788,68	71,9	0	0	0	0	0	0	31633	2526	658	1315	6079	11511	25432	0
75	1	10400600	1746,93	49,95	0	0	0	0	0	0	31692	2428	591	1278	5955	11473	25085	0
76	1	10420600	1798,36	62,89	0	0	0	0	0	0	31876	2438	592	1279	6003	11516	25453	0
77	1	10435000	1805,42	65,2	0	0	0	0	0	0	31960	2440	599	1240	5933	11622	25210	0
78	1	10452800	1811,32	38,92	0	0	0	0	0	0	32230	2342	646	1269	5996	11821	25274	0
79	1	10465500	1858,9	29,34	0	0	0	0	0	0	32160	2434	583	1301	5837	11719	25355	0
80	1	10482400	1815,49	42,14	0	0	0	0	0	0	32360	2354	624	1205	6007	11780	25198	0
81	1	10500400	1786,74	25,09	0	0	0	0	0	0	32371	2461	542	1243	5910	11574	25246	0
82	1	10516200	1847,54	27,99	0	0	0	0	0	0	32397	2391	607	1235	6033	11894	25250	0
83	1	10533200	1887,45	18,54	0	0	0	0	0	0	32472	2441	610	1157	5889	12117	25391	0
84	1	10553300	1870,35	53,65	0	0	0	0	0	0	32770	2437	591	1235	6146	12167	25614	0
85	1	10566500	1885,37	41,17	0	0	0	0	0	0	32865	2456	553	1216	5855	12186	25540	0
86	1	10585100	1825,45	11,18	0	0	0	0	0	0	32733	2493	595	1250	5844	12109	25550	0
87	1	10600400	1866,98	68,41	0	0	0	0	0	0	32813	2426	613	1258	6122	12065	25383	0
88	1	10617600	1882,85	12,04	0	0	0	0	0	0	33010	2430	554	1235	5948	12354	25295	0
89	1	10634500	1858,54	34,95	0	0	0	0	0	0	33203	2459	579	1263	6056	12042	25587	0
90	1	10645700	1892,65	66,5	0	0	0	0	0	0	33247	2408	605	1301	5925	12326	25530	0
91	1	10662500	1875,54	54,14	0	0	0	0	0	0	33060	2374	600	1303	6038	12412	25493	0
92	1	10683600	1889,05	52,85	0	0	0	0	0	0	33109	2419	549	1233	6207	12327	25808	0
93	1	10699000	1939,8	22,3	0	0	0	0	0	0	33708	2468	612	1271	5914	12429	25592	0
94	1	10714400	1905,73	79,07	0	0	0	0	0	0	33755	2457	602	1203	5981	12407	25480	0
95	1	10730300	1884,58	16,2	0	0	0	0	0	0	33788	2454	613	1273	5980	12548	25639	0
96	1	10748000	1926,6	42,26	0	0	0	0	0	0	33754	2478	613	1260	6011	12797	25510	0
97	1	10759400	1948,6	35,29	0	0	0	0	0	0	33696	2380	601	1190	5947	12762	25506	0
98	1	10776200	1963,96	48,72	0	0	0	0	0	0	33694	2504	584	1290	5921	12860	25309	0
99	1	10785600	1898,32	53,71	0	0	0	0	0	0	34100	2300	603	1236	5733	12654	25508	0
100	1	10804500	1958,51	34,58	0	0	0	0	0	0	33748	2421	575	1213	6019	12828	25579	0
101	1	10821800	1952,18	54,17	0	0	0	0	0	0	34094	2420	609	1203	5850	12980	25510	0
102	1	10839800	1969,22	38,9	0	0	0	0	0	0	34207	2414	568	1211	6028	13062	25613	0
103	1	10851400	1951,6	60,47	0	0	0	0	0	0	34068	2419	593	1287	5945	13102	25427	0
104	1	10865800	1928,88	51,9	0	0	0	0	0	0	34026	2301	605	1260	5792	13005	25312	0
105	1	10882300	1967,16	47,62	0	0	0	0	0	0	34077	2393	601	1253	5866	13046	25545	0
106	1	10897500	1984,22	66,51	0	0	0	0	0	0	34316	2344	614	1247	5773	13220	25212	0
107	1	10915500	1973,57	57,67	0	0	0	0	0	0	34584	2335	571	1222	5956	13228	25281	0
108	1	10925600	1972,41	92,78	0	0	0	0	0	0	34402	2442	584	1256	5658	13123	25450	0
109	1	10940800	1988,22	65,79	0	0	0	0	0	0	34574	2393	565	1194	5915	13473	25328	0
110	1	10954300	1985,68	39,06	0	0	0	0	0	0	34448	2473	575	1180	5864	13233	25556	0
111	1	10970500	2008,75	29,91	0	0	0	0	0	0	34591	2331	540	1225	6021	13587	25529	0
112	1	10982500	1993,27	40,88	0	0	0	0	0	0	34716	2404	550	1163	5956	13305	25581	0
113	1	11005400	2081,76	28,38	0	0	0	0	0	0	34528	2331	606	1180	5983	13812	25939	0
114	1	11024100	2103,04	45,74	0	0	0	0	0	0	35287	2412	552	1222	6055	13979	25544	0
115	1	11038200	2090,84	37,45	0	0	0	0	0	0	35112	2427	577	1166	5922	13781	25812	0
116	1	11048800	2064,93	13,15	0	0	0	0	0	0	34920	2396	598	1253	6050	13920	25214	0
117	1	11062700	2058,78	57,51	0	0	0	0	0	0	35048	2353	576	1222	6096	13888	25520	0
118	1	11079200	2077,36	29,23	0	0	0	0	0	0	35362	2332	563	1273	5909	14168	25559	0
119	1	11090300	2103,12	66,28	0	0	0	0	0	0	35318	2417	579	1202	5892	13964	25430	0
120	1	11105400	2071,83	57,09	0	0	0	0	0	0	35201	2255	596	1176	6060	14235	25644	0
121	1	11121700	2113,84	58,21	0	0	0	0	0	0	35592	2441	551	1190	5985	14300	25605	0
122	1	11131900	2148,56	41,98	0	0	0	0	0	0	35552	2366	550	1209	5932	14366	25379	0
123	1	11146100	2116,27	45,9	0	0	0	0	0	0	35541	2314	572	1214	6059	14403	25636	0
124	1	11161600	2138,66	35,9	0	0	0	0	0	0	35581	2324	561	1236	5865	14795	25240	0
125	1	11176900	2128,39	25,13	0	0	0	0	0	0	35519	2372	645	1206	5905	14782	25508	0
126	1	11196800	2161	16,43	0	0	0	0	0	0	35772	2357	592	1217	5945	14810	25964	0
127	1	11211400	2152,81	18,97	0	0	0	0	0	0	35800	2302	562	1174	5856	14659	25398	0
128	1	11225300	2167,18	41,16	0	0	0	0	0	0	35598	2249	564	1229	5795	14989	25503	0
129	1	11243500	2166,05	38,33	0	0	0	0	0	0	35549	2348	567	1152	6042	14853	25530	0
130	1	11263000	2213,55	67,65	0	0	0	0	0	0	35965	2184	552	1209	5831	14993	25527	0
131	1	11279000	2221,25	84,31	0	0	0	0	0	0	35795	2380	537	1178	5942	15298	25724	0
132	1	11297000	2174,85	34,96	0	0	0	0	0	0	35925	2332	558	1307	5849	15098	25445	0
133	1	11317700	2177,68	53,22	0	0	0	0	0	0	36143	2369	568	1240	6026	15000	25981	0
134	1	11332800	2234,65	44,89	0	0	0	0	0	0	36243	2351	541	1224	5944	15197	25645	0
135	1	11349500	2241,82	18,17	0	0	0	0	0	0	36522	2390	598	1224	5916	15366	25898	0
136	1	11363500	2217,01	32,6	0	0	0	0	0	0	36417	2418	562	1146	6057	15266	25815	0
137	1	11377900	2218,12	42,66	0	0	0	0	0	0	36474	2367	545	1207	6036	15310	25781	0
138	1	11396200	2221,66	74,07	0	0	0	0	0	0	36464	2372	576	1202	6043	15372	25670	0
139	1	11412400	2239,25	38,72	0	0	0	0	0	0	36685	2293	599	1141	6076	15356	25944	0
140	1	11428700	2257,72	43,83	0	0	0	0	0	0	36636	2417	583	1247	5938	15771	25685	0
141	1	11440800	2271,32	43,67	0	0	0	0	0	0	37047	2383	564	1184	5917	15726	25715	0
142	1	11451200	2285,09	87,34	0	0	0	0	0	0	36705	2370	552	1233	5970	15655	25792	0
143	1	11466400	2230,78	70,22	0	0	0	0	0	0	36615	2294	560	1240	6137	15659	25788	0
144	1	11480500	2323,76	35,35	0	0	0	0	0	0	37058	2428	573	1190	5950	16026	25792	0
145	1	11491100	2313,25	36,04	0	0	0	0	0	0	36859	2360	541	1165	5938	15952	25589	0
146	1	11506300	2319,87	38,05	0	0	0	0	0	0	37023	2366	570	1279	5973	16166	25820	0
147	1	11514300	2327,76	77,29	0	0	0	0	0	0	37068	2203	514	1226	6071	16346	25793	0
148	1	11526200	2301,43	6,427	0	0	0	0	0	0	36905	2242	543	1246	5823	16329	25561	0
149	1	11550300	2360,77	70,74	0	0	0	0	0	0	37435	2358	546	1250	6027	16496	26068	0
150	1	11559500	2336,88	25,47	0	0	0	0	0	0	37459	2226	563	1208	5924	16459	25919	0
151	1	11577700	2360,1	56,01	0	0	0	0	0	0	37029	2162	560	1135	5972	16562	25521	0
152	1	11609500	2369,32	42,98	0	0	0	0	0	0	37549	2335	539	1219	6077	16606	25862	0
153	1	11641800	2455,93	75,31	0	0	0	0	0	0	37437	2335	574	1213	6028	17135	25683	0
154	1	11684300	2407,19	38,88	0	0	0	0	0	0	37648	2306	525	1210	6064	17095	25672	0
155	1	11724200	2424,41	43,17	0	0	0	0	0	0	37775	2229	575	1176	5778	16974	25838	0
156	1	11766700	2450,65	46,29	0	0	0	0	0	0	37695	2328	544	1145	5908	17083	25893	0
157	1	11812000	2468,34	52,38	0	0	0	0	0	0	37962	2252	551	1199	6112	17433	25883	0
158	1	11846100	2465,34	39,17	0	0	0	0	0	0	37907	2364	555	1166	6029	17095	25740	0
159	1	11873500	2433,78	63,94	0	0	0	0	0	0	37886	2338	559	1207	5900	17495	25870	0
160	1	11892800	2472,31	91,69	0	0	0	0	0	0	37895	2269	562	1173	6000	17744	25696	0
161	1	11917700	2513,36	54,39	0	0	0	0	0	0	37647	2263	599	1136	5952	17713	25776	0
162	1	11946300	2503,61	41,95	0	0	0	0	0	0	38059	2320	523	1205	6096	17916	25750	0
163	1	11965000	2465,47	64,03	0	0	0	0	0	0	38270	2296	558	1118	5816	17728	25694	0
164	1	11990600	2497,63	65,17	0	0	0	0	0	0	38292	2272	562	1108	5931	17780	25951	0
165	1	12008000	2546,19	46,06	0	0	0	0	0	0	38097	2195	552	1187	5849	18272	25627	0
166	1	12031600	2538,52	61,4	0	0	0	0	0	0	38017	2257	557	1178	5836	18575	25681	0
167	1	12057800	2586,55	76,42	0	0	0	0	0	0	38359	2227	568	1179	6063	18435	26025	0
168	1	12079200	2612,73	61,14	0	0	0	0	0	0	38171	2273	515	1124	5892	18628	25573	0
169	1	12103700	2677,79	31,74	0	0	0	0	0	0	38512	2196	515	1175	5992	19102	25632	0
170	1	12125700	2659,52	51,16	0	0	0	0	0	0	38199	2260	543	1147	5816	19050	25528	0
171	1	12156500	2636,55	23,4	0	0	0	0	0	0	38717	2284	546	1164	5906	19052	26037	0
172	1	12178100	2662,09	48	0	0	0	0	0	0	38816	2211	506	1103	6012	19384	25809	0
173	1	12198500	2621,79	52,8	0	0	0	0	0	0	37939	2191	530	1129	5807	19218	25398	0
174	1	12226800	2700,14	85,52	0	0	0	0	0	0	38775	2149	492	1151	5759	19365	25882	0
175	1	12252000	2704,27	24,34	0	0	0	0	0	0	38885	2168	522	1111	5788	19590	25729	0
176	1	12283500	2714,99	50,6	0	0	0	0	0	0	38959	2352	513	1173	5782	19707	25690	0
177	1	12306500	2719,59	51,21	0	0	0	0	0	0	38902	2188	536	1152	6003	19746	25803	0
178	1	12334400	2746,13	38,46	0	0	0	0	0	0	38941	2345	551	1126	5917	20046	25790	0
179	1	12359200	2805,22	82,75	0	0	0	0	0	0	38663	2337	528	1147	5833	20345	25587	0
180	1	12394300	2808,09	53,87	0	0	0	0	0	0	39220	2217	483	1121	6038	20224	26014	0
181	1	12415100	2798,31	44,11	0	0	0	0	0	0	38998	2253	500	1092	5821	20668	25477	0
182	1	12445200	2838,53	51,57	0	0	0	0	0	0	39039	2178	503	1149	5931	20604	25722	0
183	1	12477400	2895,1	32,26	0	0	0	0	0	0	39307	2210	511	1076	5979	21088	25969	0
184	1	12511400	2835,37	35,31	0	0	0	0	0	0	39463	2214	536	1118	6178	20759	26123	0
185	1	12534500	2878,96	27,21	0	0	0	0	0	0	39478	2198	514	1113	5725	20973	25547	0
186	1	12563600	2898,82	61,36	0	0	0	0	0	0	39335	2135	482	1149	5822	21316	25697	0
187	1	12595500	2897,42	41,13	0	0	0	0	0	0	39463	2178	497	1068	5896	21418	25335	0
188	1	12624600	2881,24	23,39	0	0	0	0	0	0	39561	2136	525	1079	5833	21309	25458	0
189	1	12656900	2939,25	43,38	0	0	0	0	0	0	39731	2167	545	1076	5789	21861	25612	0
190	1	12690400	2960,85	45,63	0	0	0	0	0	0	39981	2128	546	1091	6110	21839	25777	0
191	1	12717700	2959,69	54,21	0	0	0	0	0	0	39881	2198	531	1073	5844	21889	25469	0
192	1	12749100	3028,04	47,4	0	0	0	0	0	0	39382	2131	497	1054	5860	22312	25557	0
193	1	12787300	3039,81	11,38	0	0	0	0	0	0	39725	2127	505	1083	5934	22448	25658	0
194	1	12822100	3061,42	31,72	0	0	0	0	0	0	40213	2221	487	1083	5924	22727	25893	0
195	1	12847000	3036,93	54,46	0	0	0	0	0	0	39667	2133	479	1131	5630	22577	25181	0
196	1	12880400	3107,24	44,62	0	0	0	0	0	0	40186	2249	464	1155	5697	22855	25610	0
197	1	12915600	3111,94	37,76	0	0	0	0	0	0	40431	2123	473	1099	5758	23185	25800	0
198	1	12949600	3079,13	41,35	0	0	0	0	0	0	40562	2141	495	1057	5737	23077	25655	0
199	1	12980900	3129,25	35,6	0	0	0	0	0	0	40550	2116	507	1057	5877	23387	25788	0
200	1	13012100	3187,72	69,12	0	0	0	0	0	0	40453	2165	493	1093	5574	23868	25508	0
201	1	13047000	3159,33	36,12	0	0	0	0	0	0	40729	2158	489	1071	5732	23767	25563	0
202	1	13080400	3241,28	36,87	0	0	0	0	0	0	40576	2076	499	1083	5862	24015	25859	0
203	1	13115000	3199,01	32,56	0	0	0	0	0	0	40571	2192	493	1104	5829	24080	25745	0
204	1	13155200	3222,75	82,37	0	0	0	0	0	0	40696	2115	470	1151	5826	24107	25630	0
205	1	13195300	3295,29	33,36	0	0	0	0	0	0	41000	2121	495	1052	5748	24735	25839	0
206	1	13239500	3293,36	48,27	0	0	0	0	0	0	40565	2084	489	1070	5926	24800	25681	0
207	1	13294000	3374,34	28,47	0	0	0	0	0	0	41034	2117	458	1093	5949	24942	25989	0
208	1	13349800	3296,28	22,61	0	0	0	0	0	0	41433	2176	499	1040	5800	25213	25628	0
209	1	13402600	3404,26	35,3	0	0	0	0	0	0	41186	2097	469	1061	5886	25437	25820	0
210	1	13460900	3417,22	24,09	0	0	0	0	0	0	41136	2047	488	1012	5976	25640	26026	0
211	1	13521300	3424	41,4	0	0	0	0	0	0	41497	2180	491	1033	5834	25646	25904	0
212	1	13580800	3424,3	95,89	0	0	0	0	0	0	41745	2115	479	1091	5950	25971	25910	0
213	1	13631200	3491,42	41,19	0	0	0	0	0	0	41674	2050	494	1061	5798	26264	25700	0
214	1	13688400	3505,16	0	0	0	0	0	0	0	41929	2131	472	1056	5980	26528	25989	0
215	1	13742500	3507,06	42,06	0	0	0	0	0	0	42400	2136	449	1095	5964	26704	26210	0
216	1	13794100	3575,35	38,61	0	0	0	0	0	0	42187	2143	500	1027	5976	26923	26102	0
217	1	13853400	3600,2	48,75	0	0	0	0	0	0	42312	2132	504	1073	5862	27412	25955	0
218	1	13918600	3633,8	25,49	0	0	0	0	0	0	42564	2107	428	1074	5938	27371	26143	0
219	1	13975900	3646,75	18,85	0	0	0	0	0	0	42734	2085	410	1027	5972	27852	26278	0
220	1	14040700	3703,32	34,18	0	0	0	0	0	0	42338	1968	464	1045	5927	28248	26067	0
221	1	14106500	3725,37	61,24	0	0	0	0	0	0	42833	2094	431	952	5780	28527	26199	0
222	1	14177000	3773,06	48,64	0	0	0	0	0	0	43025	2208	456	1041	6088	28605	26482	0
223	1	14235700	3840,68	53,39	0	0	0	0	0	0	42807	2089	455	1061	5938	29106	26284	0
224	1	14296000	3837,06	33,61	0	0	0	0	0	0	42861	1943	474	1055	5774	29235	26059	0
225	1	14359000	3884,62	41,56	0	0	0	0	0	0	43070	2112	434	1081	6125	29651	26361	0
226	1	14419000	3976,88	63,14	0	0	0	0	0	0	42876	2023	433	1018	5972	30218	26246	0
227	1	14483300	3985,41	63,61	0	0	0	0	0	0	43345	1999	444	1026	5928	30356	26224	0
228	1	14554900	3978,38	57,91	0	0	0	0	0	0	43414	2033	434	1060	5836	30495	26357	0
229	1	14635900	4057,44	37,27	0	0	0	0	0	0	43688	2044	428	997	6035	30980	26349	0
230	1	14717300	4061,2	26,12	0	0	0	0	0	0	43920	2030	433	952	5854	31394	26136	0
231	1	14809000	4130,33	11,44	0	0	0	0	0	0	43957	2074	451	1036	5959	32036	26719	0
232	1	14902400	4205,71	53,18	0	0	0	0	0	0	43899	2054	397	951	6011	32491	26630	0
233	1	14999300	4237	31,04	0	0	0	0	0	0	43860	2003	372	985	5956	32610	26194	0
234	1	15096900	4288,5	78,8	0	0	0	0	0	0	44123	2014	402	943	5884	33066	26477	0
235	1	15203900	4327	16,09	0	0	0	0	0	0	43991	2027	434	1023	5965	33425	26600	0
236	1	15314300	4354,04	37,83	0	0	0	0	0	0	44065	2023	384	933	6092	33807	26781	0
237	1	15428000	4427,92	71,79	0	0	0	0	0	0	44340	1929	443	962	5983	34128	26634	0
238	1	15542400	4401,75	54,85	0	0	0	0	0	0	43975	1908	423	1002	6071	34612	26585	0
239	1	15669200	4462,29	21,09	0	0	0	0	0	0	44175	2075	372	929	5918	34962	26760	0
240	1	15804900	4589,19	70,19	0	0	0	0	0	0	45129	1956	381	930	5983	35520	27041	0
241	1	15937200	4638,41	83,5	0	0	0	0	0	0	45029	2055	392	943	5872	35739	27082	0
242	1	16076300	4629,8	52,1	0	0	0	0	0	0	44795	2082	379	1008	5873	36213	27094	0
243	1	16228700	4645,65	17,06	0	0	0	0	0	0	45133	2003	344	950	6076	35873	27657	0
244	1	16386100	4722,76	55,53	0	0	0	0	0	0	45741	1903	366	895	6120	36863	27546	0
245	1	16549500	4757,18	78,58	0	0	0	0	0	0	45673	2074	404	897	5863	36988	27527	0
246	1	16721300	4806,42	62,69	0	0	0	0	0	0	45843	2027	373	918	5904	37451	27692	0
247	1	16904500	4907,58	65,57	0	0	0	0	0	0	46030	2050	381	895	6232	37946	28099	0
248	1	17098400	4876,35	67,25	0	0	0	0	0	0	46598	2004	401	942	6070	38026	28532	0
249	1	17297200	4962,77	46,88	0	0	0	0	0	0	46681	2085	381	920	6080	38766	28402	0
250	1	17515800	5054,02	85,87	0	0	0	0	0	0	47658	2092	399	926	6277	39382	28817	0
251	1	17738500	5102,26	31,68	0	0	0	0	0	0	47556	2156	408	923	6397	39763	29038	0
252	1	17980400	5108,24	40,5	0	0	0	0	0	0	48000	2263	399	919	6161	40068	29191	0
253	1	18231500	5242,56	45,99	0	0	0	0	0	0	48697	2141	380	914	6315	41022	29529	0
254	1	18497400	5251,53	65,48	0	0	0	0	0	0	48722	2151	389	887	6288	41452	29667	0
255	1	18783900	5428,73	81,82	0	0	0	0	0	0	49402	2269	405	874	6545	42690	30247	0
256	1	19085900	5469,27	90,75	0	0	0	0	0	0	50158	2210	413	893	6284	42767	30275	0
257	1	19410800	5619,85	43,06	0	0	0	0	0	0	50451	2232	372	897	6447	43930	30714	0
258	1	19762400	5633,95	66,24	0	0	0	0	0	0	50907	2199	413	894	6482	44281	31413	0
259	1	20141200	5681,02	63,1	0	0	0	0	0	0	51734	2132	393	887	6652	45022	31294	0
260	1	20551500	5828	69,45	0	0	0	0	0	0	53030	2223	397	846	6624	45858	32034	0
261	1	21001000	5916,24	85,98	0	0	0	0	0	0	54322	2269	390	824	6827	46750	32411	0
262	1	21489800	6024,57	23,49	0	0	0	0	0	0	55851	2213	402	925	6793	47323	32962	0
263	1	22033500	6152,87	97,91	0	0	0	0	0	0	57558	2248	376	835	7129	48410	33673	0
264	1	22634800	6232,47	93,19	0	0	0	0	0	0	60386	2281	424	820	7112	49056	34300	0
265	1	23309800	6339,9	83,46	0	0	0	0	0	0	63614	2307	391	819	7290	50019	34952	0
266	1	24073200	6396,27	62,1	0	0	0	0	0	0	67809	2338	423	783	7517	50179	35833	0
267	1	24946300	6515,42	140,8	0	0	0	0	0	0	74806	2299	429	805	7749	51153	36997	0
268	1	25943300	6533,76	137,2	0	0	0	0	0	0	84103	2214	419	824	7807	51173	38053	0
269	1	27106500	6594,36	66,8	0	0	0	0	0	0	98745	2387	384	767	7903	51912	39758	0
270	1	28475300	6532,64	189,8	0	0	0	0	0	0	122057	2341	376	698	8163	51520	41265	0
271	1	30108900	6657,3	218,3	0	0	0	0	0	0	163174	2531	373	652	7962	51937	44779	0
272	1	32025300	6607,82	219,4	0	0	0	0	0	0	233155	2380	339	532	7819	51229	48336	0
273	1	34205000	6442,22	274,2	0	0	0	0	0	0	349364	2293	253	473	7270	50296	53636	0
274	1	36522200	6131,93	355,6	0	0	0	0	0	0	531665	2162	222	375	6851	47790	61377	0
275	1	38632100	5795,81	461,4	0	0	0	0	0	0	794951	1995	170	295	6038	44967	71710	0
276	1	39947700	5208,72	382,7	0	0	0	0	0	0	1120365	1620	129	241	5289	40753	81909	0
277	1	39800900	4523,71	523,7	0	0	0	0	0	0	1462953	1304	123	150	4188	35050	91245	0
278	1	37619500	3658,21	449,9	0	0	0	0	0	0	1745809	1005	94	104	3185	28855	96067	0
279	1	33217300	2757,17	347,1	0	0	0	0	0	0	1877213	678	67	74	2361	22011	93290	0
280	1	27054200	2028,3	307,5	0	0	0	0	0	0	1812661	474	69	67	1627	15939	84054	0
281	1	20079700	1438,07	193,3	0	0	0	0	0	0	1554671	382	65	32	1169	11127	68102	0
282	1	13449600	985,758	92,97	0	0	0	0	0	0	1180707	270	60	26	889	7749	49750	0
283	1	8075500	676,039	77,89	0	0	0	0	0	0	788930	221	71	31	664	5279	32538	0
284	1	4320000	500,265	71,35	0	0	0	0	0	0	463574	187	49	18	543	4003	19842	0
285	1	2066490	447,954	14,9	0	0	0	0	0	0	238444	160	45	27	576	3281	11776	0
286	1	892726	383,95	32,94	1	14,19	0	0	0	0	107763	184	64	31	546	2919	6995	0
287	1	366225	379,926	16,82	0	0	0	0	0	0	43418	160	47	32	561	2891	4835	0
288	1	160945	377,015	6,458	0	0	0	0	0	0	16211	193	47	35	494	2813	4060	0
289	1	94495,3	369,599	8,639	0	0	0	0	0	0	6469	171	68	29	536	2793	3855	0
290	1	76146,7	359,552	10,35	0	0	0	0	0	0	3695	170	62	24	482	2768	3646	0
291	1	71361,9	350,974	17,15	0	0	0	0	0	0	2875	159	60	28	519	2639	3543	0
292	1	69769,6	356,692	7,034	0	0	0	0	0	0	2751	160	37	30	492	2649	3625	0
293	1	69457,8	336,992	32,86	0	0	0	0	0	0	2651	161	61	30	530	2599	3440	0
294	1	70144,3	343,083	28,86	0	0	0	0	0	0	2786	189	59	23	535	2635	3636	0
295	1	68499,9	351,002	1,297	0	0	0	0	0	0	2636	152	54	30	481	2661	3546	0
296	1	68118,7	342,298	0	0	0	0	0	0	0	2636	165	46	34	463	2627	3423	0
297	1	68707,9	338,434	3,867	0	0	0	0	0	0	2601	153	46	34	550	2549	3457	0
298	1	67999,6	342,732	0	0	0	0	0	0	0	2712	158	66	31	563	2533	3447	0
299	1	66949	341,318	21,67	0	0	0	0	0	0	2585	178	44	23	511	2509	3476	0
300	1	66603,5	327,751	7,982	0	0	0	0	0	0	2650	154	48	27	481	2471	3423	0
301	1	66571,5	341,62	21,76	0	0	0	0	0	0	2578	178	59	38	481	2549	3377	0
302	1	64377,9	310,256	28,08	0	0	0	0	0	0	2459	169	46	25	457	2412	3195	0
303	1	64396,7	344,645	6,112	0	0	0	0	0	0	2475	147	51	28	473	2475	3258	0
304	1	65050,9	317,061	13,63	0	0	0	0	0	0	2442	186	43	25	536	2395	3318	0
305	1	65129,3	320,159	7,771	0	0	0	0	0	0	2391	161	58	22	515	2455	3161	0
306	1	63228,6	313,059	17,94	0	0	0	0	0	0	2523	156	53	25	428	2315	3206	0
307	1	62711	325,156	0	0	0	0	0	0	0	2317	174	47	33	456	2432	3082	0
308	1	63161,8	313,61	10,12	0	0	0	0	0	0	2399	155	43	29	473	2347	3184	0
309	1	62657,1	315,668	26,8	0	0	0	0	0	0	2392	145	52	30	422	2386	3230	0
310	1	62273,7	313,604	9,943	0	0	0	0	0	0	2315	158	42	36	456	2339	3073	0
311	1	62749,5	309,65	1,32	0	0	0	0	0	0	2373	127	60	35	455	2318	3098	0
312	1	62054,9	299,241	6,493	0	0	0	0	0	0	2398	170	38	24	443	2251	2994	0
313	1	60572,7	320,734	9,499	0	0	0	0	0	0	2289	153	49	30	433	2300	3042	0
314	1	60397,5	307,765	24,56	0	0	0	0	0	0	2255	118	41	23	442	2389	2948	0
315	1	59922,1	299,929	16,03	0	0	0	0	0	0	2278	134	55	33	400	2230	3023	0
316	1	60165,4	281,809	7,17	0	0	0	0	0	0	2230	131	33	38	461	2166	2942	0
317	1	59693,3	297,448	7,69	0	0	0	0	0	0	2224	162	44	27	399	2252	2863	0
318	1	60700,4	294,055	0	0	0	0	0	0	0	2248	138	58	32	459	2228	2922	0
319	1	60748,6	296,69	0	0	0	0	0	0	0	2290	150	46	39	449	2202	2955	0
320	1	58442,6	290,043	25,8	0	0	0	0	0	0	2163	121	50	24	395	2221	2772	0
321	1	58911,9	289,357	13,04	0	0	0	0	0	0	2234	145	40	26	419	2153	2807	0
322	1	57091,1	293,653	10,03	0	0	0	0	0	0	2133	125	33	23	417	2187	2734	0
323	1	57184,3	279,196	0,1461	0	0	0	0	0	0	2078	144	43	33	442	2087	2772	0
324	1	56641,6	276,602	3,95	0	0	0	0	0	0	2147	123	45	28	377	2078	2737	0
325	1	56294,1	270,152	3,965	0	0	0	0	0	0	2095	118	40	22	409	2015	2673	0
326	1	56019,8	266,385	6,85	0	0	0	0	0	0	2084	127	39	28	411	2062	2715	0
327	1	55346,1	274,932	0	0	0	0	0	0	0	2020	144	37	22	383	2106	2693	0
328	1	55701,8	270,655	21,19	0	0	0	0	0	0	2062	136	61	35	437	2069	2622	0
329	1	55139,6	277,692	7,52	0	0	0	0	0	0	2019	127	46	20	395	2020	2641	0
330	1	54982,2	272,443	7,184	0	0	0	0	0	0	2047	159	31	26	412	2037	2710	0
331	1	53333	277,073	6,661	0	0	0	0	0	0	1876	127	36	23	387	2074	2512	0
332	1	53191	269,948	0	0	0	0	0	0	0	1892	128	42	33	362	2042	2540	0
333	1	53484,6	257,197	20,9	0	0	0	0	0	0	2024	132	43	27	365	1898	2575	0
334	1	53634,9	269,942	0	0	0	0	0	0	0	2016	128	42	25	390	1963	2588	0
335	1	53170,7	260,427	15,33	0	0	0	0	0	0	1950	155	34	20	389	1914	2539	0
336	1	52597	252,615	6,44	0	0	0	0	0	0	1978	154	36	24	380	1875	2562	0
337	1	51740	251,324	3,252	0	0	0	0	0	0	1903	124	33	23	370	1855	2523	0
338	1	51886,5	246,638	12,94	0	0	0	0	0	0	1954	129	53	29	386	1868	2507	0
339	1	50988	257,28	2,75	0	0	0	0	0	0	1846	126	25	19	345	1894	2520	0
340	1	50319,9	241,83	10,46	0	0	0	0	0	0	1814	124	42	27	327	1864	2431	0
341	1	50314,5	253,976	0	0	0	0	0	0	0	1872	110	33	26	361	1867	2392	0
342	1	49796,3	239,153	17,76	0	0	0	0	0	0	1807	128	38	21	350	1813	2391	0
343	1	49939,8	246,57	8,045	0	0	0	0	0	0	1780	113	32	18	359	1789	2363	0
344	1	49972,8	240,198	14,1	0	0	0	0	0	0	1809	115	41	29	379	1748	2320	0
345	1	50215	245,291	0	0	0	0	0	0	0	1804	122	47	29	352	1899	2362	0
346	1	50070	234,397	3,472	0	0	0	0	0	0	1769	123	45	32	370	1769	2396	0
347	1	49749,8	244,677	0	0	0	0	0	0	0	1767	148	37	24	335	1787	2343	0
348	1	49836,8	228,522	1,864	0	0	0	0	0	0	1816	119	42	22	367	1730	2456	0
349	1	49711,6	232,859	28,56	0	0	0	0	0	0	1810	120	45	16	349	1797	2353	0
350	1	49097,9	232,084	7,409	0	0	0	0	0	0	1798	127	44	19	375	1742	2326	0
351	1	48019,6	213,727	19,43	0	0	0	0	0	0	1726	114	43	21	332	1679	2260	0
352	1	48308,7	225,476	7,007	0	0	0	0	0	0	1726	126	39	25	332	1666	2242	0
353	1	48914,8	233,552	0	0	0	0	0	0	0	1737	112	47	21	365	1739	2225	0
354	1	47316,8	231,323	1,023	0	0	0	0	0	0	1774	125	33	19	338	1722	2185	0
355	1	46909,1	213,12	0	0	0	0	0	0	0	1667	108	27	26	344	1553	2222	0
356	1	46067,6	204,74	0	0	0	0	0	0	0	1675	104	22	22	304	1598	2109	0
357	1	47049,1	221,756	7,557	0	0	0	0	0	0	1679	131	47	21	348	1592	2197	0
358	1	46331,7	214,072	17,82	0	0	0	0	0	0	1646	109	44	17	318	1646	2077	0
359	1	45906,4	207,352	25,87	0	0	0	0	0	0	1647	107	31	19	341	1550	2165	0
360	1	45218,7	204,905	17,87	0	0	0	0	0	0	1668	110	36	23	322	1600	2114	0
361	1	44521,2	203,543	4,346	0	0	0	0	0	0	1575	124	42	19	326	1561	2086	0
362	1	44494,8	214,639	20,26	0	0	0	0	0	0	1520	131	34	18	302	1554	2060	0
363	1	44903,6	215,836	0	0	0	0	0	0	0	1629	102	23	21	314	1616	2028	0
364	1	44357	217,965	16,68	0	0	0	0	0	0	1594	117	33	21	338	1591	2047	0
365	1	43965,1	206,107	17,29	0	0	0	0	0	0	1515	112	37	20	343	1562	2013	0
366	1	43711,1	186,711	22,74	0	0	0	0	0	0	1541	110	27	14	338	1480	1979	0
367	1	43156	184,847	8,031	0	0	0	0	0	0	1488	106	36	19	286	1471	1991	0
368	1	44065,7	197,164	3,072	0	0	0	0	0	0	1559	100	35	21	330	1487	1975	0
369	1	43678,3	198,282	0	0	0	0	0	0	0	1525	100	30	18	302	1503	1998	0
370	1	43703,5	200,515	3,879	0	0	0	0	0	0	1592	116	36	21	313	1508	1972	0
371	1	42201,4	198,927	12,73	0	0	0	0	0	0	1435	99	26	20	285	1532	1903	0
372	1	42953,6	188,294	7,207	0	0	0	0	0	0	1552	105	30	21	314	1401	2034	0
373	1	42742,4	204,046	0	0	0	0	0	0	0	1588	110	38	18	304	1470	1986	0
374	1	40911,8	187,288	20,35	0	0	0	0	0	0	1448	101	21	16	292	1423	1816	0
375	1	40944,7	203,927	0	0	0	0	0	0	0	1402	81	25	12	293	1424	1886	0
376	1	40950,5	186,538	8,233	0	0	0	0	0	0	1448	107	38	19	293	1388	1898	0
377	1	40557,6	191,039	6,529	0	0	0	0	0	0	1421	102	32	19	264	1420	1875	0
378	1	40673	187,276	0	0	0	0	0	0	0	1439	93	25	16	289	1381	1891	0
379	1	40697,2	183,698	0	0	0	0	0	0	0	1467	111	32	25	276	1411	1788	0
380	1	39711,4	181,248	12,8	0	0	0	0	0	0	1382	100	33	10	264	1357	1789	0
381	1	38734	180,896	6,466	0	0	0	0	0	0	1384	92	41	8	255	1372	1720	0
382	1	38244,8	175,08	0	0	0	0	0	0	0	1331	92	26	12	263	1332	1677	0
383	1	38227,4	170,292	0	0	0	0	0	0	0	1339	85	32	14	297	1303	1764	0
384	1	38469,3	177,037	0	0	0	0	0	0	0	1329	106	29	15	250	1331	1781	0
385	1	38041,5	183,291	3,962	0	0	0	0	0	0	1333	92	30	11	296	1322	1743	0
386	1	37818,2	178,909	0	0	0	0	0	0	0	1255	93	37	19	263	1306	1745	0
387	1	38074,9	163,352	0	0	0	0	0	0	0	1337	80	23	20	260	1314	1690	0
388	1	37589,5	170,749	0	0	0	0	0	0	0	1331	69	31	15	243	1274	1657	0
389	1	37647,8	173,214	13,1	0	0	0	0	0	0	1296	83	34	24	268	1284	1747	0
390	1	37616,5	165,895	30,93	0	0	0	0	0	0	1268	103	33	14	268	1252	1664	0
391	1	37149,1	156,103	7,599	0	0	0	0	0	0	1319	84	35	16	277	1259	1701	0
392	1	36347,2	176,574	7,608	0	0	0	0	0	0	1245	89	30	15	230	1322	1633	0
393	1	36930,5	162,404	5,938	0	0	0	0	0	0	1216	84	31	16	248	1281	1653	0
394	1	36756,3	175,704	0	0	0	0	0	0	0	1335	85	20	16	255	1297	1663	0
395	1	35822,9	160,754	0	0	0	0	0	0	0	1227	70	21	16	261	1199	1608	0
396	1	35862,6	163,052	0	0	0	0	0	0	0	1178	68	30	26	264	1198	1569	0
397	1	36324,7	168,983	0	0	0	0	0	0	0	1268	91	27	14	283	1259	1626	0
398	1	35304,2	173,179	0	0	0	0	0	0	0	1137	92	31	17	228	1257	1531	0
399	1	35207,4	148,746	6,673	0	0	0	0	0	0	1213	86	27	14	224	1140	1549	0
400	1	35643,1	160,041	2,738	0	0	0	0	0	0	1163	90	28	24	291	1183	1653	0
401	0	0	0	0	0	0	0	0	0	0	0	0	0	0	0	0	0	0
SUMM:	3733130000	805126	17770	119	1401	0	0	0	0	24558314	648181	151380	315272	1705532	5822576	8179441	0	
ZONE	MED		C10	C11	N12	N13	O13	O14	O15	F17	F18							
1	1		608	1560	0	642	8	189	3423	1	1							
2	1		559	1472	0	656	10	197	3611	0	1							
3	1		582	1504	0	609	4	186	3549	1	0							
4	1		662	1547	0	656	1	162	3530	0	0							
5	1		658	1505	0	638	7	169	3595	0	0							
6	1		593	1441	0	618	3	185	3544	1	1							
7	1		654	1526	0	681	5	185	3397	0	0							
8	1		670	1528	0	653	4	196	3487	1	1							
9	1		609	1572	0	711	4	193	3526	3	1							
10	1		579	1525	0	661	7	195	3612	0	1							
11	1		658	1513	0	668	5	176	3650	0	0							
12	1		629	1473	1	655	4	204	3585	0	0							
13	1		614	1585	0	620	3	189	3524	2	1							
14	1		648	1547	0	701	9	175	3646	0	0							
15	1		641	1548	0	653	7	180	3614	1	2							
16	1		597	1478	0	691	8	202	3652	0	0							
17	1		591	1471	0	652	5	172	3648	0	0							
18	1		650	1609	0	677	9	199	3549	0	0							
19	1		650	1631	0	662	5	189	3603	0	0							
20	1		645	1586	0	659	5	192	3595	0	0							
21	1		597	1515	1	686	5	213	3632	2	2							
22	1		569	1565	1	658	8	175	3662	0	1							
23	1		642	1538	0	641	7	184	3601	0	1							
24	1		633	1545	0	672	7	181	3674	1	0							
25	1		583	1527	1	658	6	172	3662	1	0							
26	1		621	1558	1	673	7	182	3692	1	1							
27	1		632	1506	2	701	8	196	3647	1	1							
28	1		627	1578	0	663	5	182	3656	0	1							
29	1		628	1577	0	645	6	205	3692	1	0							
30	1		604	1620	0	689	8	204	3671	1	0							
31	1		600	1539	0	668	5	176	3716	0	2							
32	1		639	1561	0	664	7	188	3769	1	0							
33	1		620	1592	0	629	7	214	3723	1	1							
34	1		642	1557	0	653	7	185	3748	1	0							
35	1		644	1631	0	664	5	210	3657	1	1							
36	1		592	1474	0	685	5	183	3649	0	1							
37	1		645	1553	0	697	8	177	3637	0	0							
38	1		662	1616	0	682	4	191	3768	1	0							
39	1		617	1531	0	658	5	201	3678	1	0							
40	1		629	1611	0	698	8	171	3723	0	0							
41	1		600	1524	0	696	0	189	3688	1	0							
42	1		625	1522	1	720	5	186	3759	0	0							
43	1		641	1564	0	700	6	205	3866	1	2							
44	1		595	1611	0	593	4	201	3697	1	0							
45	1		644	1516	0	644	6	203	3812	0	0							
46	1		655	1549	0	661	2	165	3737	1	1							
47	1		659	1597	0	674	7	196	3733	1	0							
48	1		646	1629	0	678	7	159	3809	0	0							
49	1		640	1621	0	666	7	174	3713	1	1							
50	1		607	1588	0	703	5	174	3790	0	2							
51	1		646	1561	0	694	3	168	3665	2	0							
52	1		634	1540	0	671	6	181	3786	1	0							
53	1		620	1554	0	681	4	196	3710	0	0							
54	1		661	1553	0	668	6	191	3737	1	0							
55	1		638	1521	0	661	8	179	3777	1	0							
56	1		656	1625	0	715	4	181	3818	1	0							
57	1		649	1665	0	643	5	191	3840	0	0							
58	1		654	1619	0	678	2	220	3794	1	0							
59	1		648	1596	0	659	3	182	3761	1	0							
60	1		662	1581	1	719	7	189	3842	0	0							
61	1		606	1587	0	734	10	197	3880	0	3							
62	1		590	1642	0	654	2	211	3765	1	2							
63	1		628	1589	0	667	5	184	3855	0	0							
64	1		619	1504	0	712	3	181	3850	0	1							
65	1		604	1593	0	680	5	225	3770	1	0							
66	1		601	1554	0	697	9	188	3915	0	0							
67	1		619	1568	0	694	7	209	3873	0	1							
68	1		647	1546	1	723	6	177	3752	0	0							
69	1		635	1495	0	670	4	181	3797	0	0							
70	1		602	1616	0	711	2	178	3792	1	0							
71	1		618	1541	0	623	5	216	3791	2	0							
72	1		686	1529	0	689	8	181	3726	1	0							
73	1		623	1558	0	674	11	205	3734	0	1							
74	1		664	1608	1	662	8	208	3797	0	1							
75	1		647	1566	0	625	5	209	3738	0	0							
76	1		639	1616	0	684	3	184	3882	0	3							
77	1		649	1589	0	645	9	209	3941	0	0							
78	1		637	1570	0	692	10	216	3885	2	0							
79	1		654	1560	0	666	4	188	3903	0	0							
80	1		634	1564	0	678	7	197	3849	1	0							
81	1		683	1478	0	615	5	187	3890	0	0							
82	1		658	1570	0	685	8	189	3775	1	0							
83	1		606	1575	0	680	4	196	3941	0	0							
84	1		663	1643	0	702	3	196	3872	1	1							
85	1		599	1542	0	689	6	202	3847	0	1							
86	1		581	1677	0	697	7	185	3839	2	0							
87	1		624	1597	0	690	7	164	3840	1	0							
88	1		644	1560	0	684	7	186	3795	0	0							
89	1		637	1613	0	700	9	187	3952	1	0							
90	1		663	1682	0	653	7	210	3890	1	0							
91	1		605	1558	0	650	6	203	3799	0	0							
92	1		608	1641	0	660	6	198	3933	0	0							
93	1		612	1583	0	725	3	188	3862	0	2							
94	1		619	1586	0	663	5	192	3986	1	3							
95	1		615	1614	0	653	9	192	3809	0	1							
96	1		619	1594	0	713	9	196	3744	1	0							
97	1		613	1575	0	756	7	200	3715	1	0							
98	1		580	1561	0	638	6	199	3731	1	0							
99	1		554	1485	0	681	6	220	3921	0	2							
100	1		600	1526	1	684	5	189	3924	1	0							
101	1		596	1637	0	716	4	181	3777	0	1							
102	1		632	1571	0	729	3	191	3786	1	0							
103	1		637	1537	0	702	9	187	3791	0	0							
104	1		612	1591	0	663	8	161	3812	0	2							
105	1		628	1579	0	682	7	212	3850	0	0							
106	1		559	1555	0	732	16	208	3838	1	2							
107	1		659	1573	1	667	3	175	3782	2	0							
108	1		601	1546	0	700	7	193	3875	0	2							
109	1		551	1497	0	703	10	191	3879	0	0							
110	1		590	1525	0	698	3	185	3932	0	1							
111	1		552	1601	0	694	6	193	3713	1	0							
112	1		633	1563	0	718	4	163	3739	2	1							
113	1		645	1631	1	699	7	197	3921	0	0							
114	1		575	1635	0	671	5	184	3791	1	2							
115	1		620	1542	0	670	11	211	3838	0	1							
116	1		574	1524	0	698	9	204	3805	1	1							
117	1		612	1596	0	630	7	220	3838	0	0							
118	1		586	1580	0	686	8	220	3877	0	1							
119	1		610	1559	0	664	5	210	3925	1	1							
120	1		611	1570	1	689	9	197	3880	0	1							
121	1		557	1552	0	654	6	226	3870	0	0							
122	1		634	1572	1	678	3	195	3875	0	2							
123	1		579	1618	0	682	7	175	3953	0	1							
124	1		633	1580	0	681	6	175	3793	0	0							
125	1		656	1598	0	676	9	191	3852	0	2							
126	1		657	1607	0	672	8	223	3941	0	1							
127	1		623	1506	0	702	8	192	3741	1	0							
128	1		580	1555	0	712	7	190	3769	0	0							
129	1		600	1579	1	668	5	208	3814	0	1							
130	1		589	1583	0	652	8	191	3838	1	0							
131	1		590	1578	0	706	9	197	3938	0	5							
132	1		581	1557	0	708	6	171	3735	1	0							
133	1		646	1574	0	671	11	194	3812	0	2							
134	1		570	1606	0	706	4	207	3882	0	1							
135	1		616	1593	0	690	6	221	3882	1	0							
136	1		632	1512	0	697	3	184	3970	1	0							
137	1		578	1561	0	678	9	193	3859	0	0							
138	1		622	1592	0	700	4	205	3845	1	2							
139	1		605	1516	0	672	8	199	3882	1	0							
140	1		579	1626	0	657	8	200	3749	1	0							
141	1		601	1539	0	679	10	200	3836	1	0							
142	1		588	1482	0	709	7	176	3965	1	1							
143	1		620	1544	0	662	7	198	3791	0	2							
144	1		601	1536	0	663	7	193	3955	0	0							
145	1		605	1544	0	664	4	199	3828	0	0							
146	1		616	1558	0	696	10	166	3838	2	1							
147	1		563	1569	1	670	7	197	3866	0	1							
148	1		603	1610	0	680	6	210	3766	0	0							
149	1		604	1543	0	618	5	202	3964	0	0							
150	1		617	1549	0	674	3	203	3975	1	0							
151	1		606	1547	0	682	10	208	3738	0	0							
152	1		620	1583	0	683	4	196	3805	0	1							
153	1		606	1540	0	692	4	201	3911	0	1							
154	1		604	1550	0	656	4	206	3791	2	0							
155	1		578	1602	0	680	4	229	3953	0	0							
156	1		596	1537	0	716	2	198	3937	1	0							
157	1		591	1596	0	635	5	195	3860	0	0							
158	1		625	1544	0	657	6	185	3906	3	0							
159	1		633	1520	0	722	7	205	3858	1	2							
160	1		604	1532	0	694	5	204	3790	0	0							
161	1		563	1555	0	698	6	198	3896	0	2							
162	1		595	1600	0	684	5	187	3808	1	0							
163	1		561	1577	0	678	5	209	3924	0	0							
164	1		599	1582	0	690	6	190	4002	2	0							
165	1		618	1492	0	628	7	192	3889	1	0							
166	1		600	1545	0	667	9	200	3955	0	1							
167	1		557	1573	1	648	4	204	4003	1	0							
168	1		564	1453	0	651	8	188	3847	0	1							
169	1		588	1577	1	729	9	208	3891	1	1							
170	1		587	1524	0	632	9	186	3906	0	1							
171	1		599	1536	0	663	4	210	3944	1	0							
172	1		550	1470	1	707	7	204	3973	0	0							
173	1		592	1490	0	702	5	190	3831	0	2							
174	1		594	1454	0	698	8	194	4031	1	0							
175	1		552	1492	0	697	4	212	3872	0	2							
176	1		562	1543	0	694	5	188	3940	0	0							
177	1		586	1573	0	681	9	180	3891	1	1							
178	1		573	1473	0	696	5	189	3821	3	1							
179	1		610	1484	0	705	7	217	3957	1	1							
180	1		595	1499	0	692	12	196	3899	2	0							
181	1		581	1551	0	634	6	190	3890	1	2							
182	1		557	1538	0	698	9	202	3890	3	1							
183	1		592	1524	0	674	10	178	3957	2	1							
184	1		599	1515	0	672	4	193	3992	1	1							
185	1		552	1495	0	645	5	221	4044	0	0							
186	1		560	1501	0	680	3	205	3999	1	1							
187	1		591	1490	0	704	5	207	3898	1	2							
188	1		584	1501	0	676	3	202	3824	1	0							
189	1		526	1501	0	634	6	205	3847	1	0							
190	1		519	1590	0	645	7	176	3854	1	1							
191	1		550	1463	0	616	5	207	3917	0	0							
192	1		565	1519	0	683	9	191	3848	0	0							
193	1		564	1512	0	676	6	205	3914	0	0							
194	1		613	1453	0	720	3	207	3977	0	0							
195	1		562	1452	0	668	5	194	3738	0	1							
196	1		571	1463	0	676	9	176	3851	3	0							
197	1		568	1467	0	680	2	195	3943	1	1							
198	1		577	1448	0	697	7	196	3741	1	1							
199	1		576	1427	0	715	6	188	3930	0	2							
200	1		528	1394	0	688	8	182	3939	1	2							
201	1		518	1426	0	722	8	191	3901	0	0							
202	1		574	1513	1	684	8	211	3974	0	0							
203	1		522	1475	0	729	9	199	3945	0	1							
204	1		518	1504	0	681	14	186	3861	1	0							
205	1		537	1445	0	677	3	212	3957	0	1							
206	1		575	1503	1	676	8	208	4001	1	2							
207	1		523	1510	0	680	7	200	3928	1	0							
208	1		519	1475	0	711	6	193	3940	0	0							
209	1		510	1482	0	699	5	186	4036	1	0							
210	1		524	1478	0	711	7	188	3959	0	1							
211	1		529	1505	0	706	5	203	3981	0	1							
212	1		537	1498	0	694	3	222	3909	2	0							
213	1		551	1424	0	680	5	206	3964	0	2							
214	1		541	1523	0	737	10	200	3990	1	0							
215	1		567	1492	1	688	7	175	4042	0	2							
216	1		511	1395	0	695	13	183	4157	0	0							
217	1		483	1438	0	706	8	174	4005	0	1							
218	1		540	1444	0	704	8	199	4051	0	1							
219	1		506	1409	0	697	6	197	4079	0	0							
220	1		537	1475	0	696	6	212	4081	3	0							
221	1		486	1375	0	694	4	187	4056	0	1							
222	1		553	1489	0	717	8	197	4102	1	0							
223	1		530	1425	0	683	4	200	4152	0	0							
224	1		516	1440	1	710	2	186	4094	2	1							
225	1		495	1483	0	709	5	179	4107	1	1							
226	1		490	1406	1	743	8	202	4083	1	1							
227	1		479	1369	0	685	9	189	4011	1	2							
228	1		505	1421	0	707	5	222	4036	3	0							
229	1		522	1395	0	731	8	213	4016	0	1							
230	1		456	1381	1	726	3	215	4050	2	1							
231	1		507	1396	1	683	3	227	4155	0	0							
232	1		510	1379	0	764	6	214	4179	1	1							
233	1		484	1405	1	696	4	200	4157	0	1							
234	1		495	1318	1	718	7	187	4424	1	0							
235	1		491	1388	0	718	4	207	4233	0	1							
236	1		536	1316	0	701	7	212	4209	0	0							
237	1		445	1380	0	705	3	197	4170	1	2							
238	1		516	1335	0	734	7	202	4188	1	0							
239	1		435	1316	0	719	12	198	4140	0	0							
240	1		434	1341	0	781	2	215	4329	3	2							
241	1		479	1318	0	697	6	214	4466	1	1							
242	1		450	1345	0	771	8	240	4366	2	1							
243	1		485	1357	0	730	4	209	4558	2	3							
244	1		470	1307	0	710	3	232	4445	3	1							
245	1		426	1291	0	711	4	232	4506	0	1							
246	1		437	1329	0	747	8	239	4467	1	0							
247	1		435	1297	0	766	7	234	4485	0	2							
248	1		454	1239	0	774	9	243	4734	1	2							
249	1		422	1312	0	747	7	221	4756	0	0							
250	1		442	1254	0	795	5	240	4781	1	2							
251	1		425	1250	0	798	2	254	4861	2	0							
252	1		454	1246	0	807	5	254	4978	1	2							
253	1		414	1207	0	842	5	211	5113	1	1							
254	1		431	1156	0	836	8	232	5127	0	2							
255	1		468	1136	0	835	1	249	5184	2	1							
256	1		402	1070	0	830	7	264	5316	1	3							
257	1		370	1098	0	840	6	260	5475	0	1							
258	1		353	1017	0	846	4	281	5734	3	0							
259	1		352	940	0	844	4	272	5610	0	0							
260	1		319	897	1	790	2	267	5832	3	1							
261	1		288	978	0	809	4	270	5817	1	0							
262	1		270	808	1	814	0	275	6021	2	1							
263	1		226	848	0	806	4	323	6063	4	2							
264	1		213	754	0	781	2	312	6322	2	2							
265	1		182	716	0	764	0	295	6507	0	1							
266	1		169	628	0	746	0	341	6759	2	1							
267	1		115	577	0	692	0	318	6829	0	2							
268	1		94	536	0	642	0	299	7003	5	2							
269	1		60	442	0	610	0	270	7209	1	1							
270	1		42	397	0	504	0	279	7053	5	5							
271	1		23	280	0	467	0	282	7218	1	4							
272	1		16	220	0	420	0	204	7116	4	3							
273	1		15	157	0	368	0	202	6651	2	8							
274	1		5	114	1	322	0	136	6107	0	7							
275	1		4	87	0	258	0	109	5456	3	8							
276	1		11	65	0	293	0	69	4452	6	8							
277	1		7	47	0	216	0	53	3324	8	10							
278	1		5	42	0	212	0	25	2367	6	10							
279	1		3	39	0	178	0	13	1662	5	1							
280	1		5	29	0	131	0	14	978	6	4							
281	1		4	27	0	77	0	7	640	4	4							
282	1		7	37	0	47	0	4	385	2	3							
283	1		3	43	0	34	0	2	222	1	0							
284	1		3	26	0	21	0	2	198	0	1							
285	1		1	25	0	19	0	0	147	0	0							
286	1		9	26	0	32	0	1	143	1	0							
287	1		5	48	0	13	0	1	130	0	0							
288	1		5	29	0	23	0	3	140	0	0							
289	1		4	35	0	9	0	3	159	0	0							
290	1		9	28	0	10	0	3	128	0	0							
291	1		5	33	0	11	0	5	124	0	0							
292	1		4	26	0	6	0	5	121	0	0							
293	1		3	39	0	12	0	3	142	0	0							
294	1		4	38	0	7	0	3	155	0	0							
295	1		5	38	0	8	0	4	156	0	0							
296	1		4	34	0	11	0	3	140	0	0							
297	1		5	35	0	13	0	3	119	0	0							
298	1		2	40	0	7	0	3	140	0	0							
299	1		4	33	0	12	0	1	112	0	0							
300	1		9	23	0	9	0	0	124	0	0							
301	1		4	33	0	10	0	2	148	0	0							
302	1		8	23	0	9	0	4	141	0	0							
303	1		8	35	0	13	0	2	122	0	0							
304	1		8	28	0	8	0	1	133	0	0							
305	1		3	28	0	17	0	2	125	0	0							
306	1		1	24	0	12	0	4	132	0	0							
307	1		2	27	0	15	0	4	121	0	0							
308	1		3	20	0	11	0	2	128	0	0							
309	1		4	34	0	8	0	2	114	0	0							
310	1		3	21	0	11	0	1	111	0	0							
311	1		4	30	0	14	0	4	116	0	0							
312	1		6	28	0	15	0	2	111	0	0							
313	1		5	29	0	12	0	0	110	0	0							
314	1		3	26	0	14	0	3	94	0	0							
315	1		3	27	0	15	0	1	131	0	0							
316	1		6	35	0	14	0	1	114	0	0							
317	1		2	32	0	5	0	1	101	0	0							
318	1		2	28	0	16	0	2	105	0	0							
319	1		1	26	0	9	0	1	109	0	0							
320	1		3	31	0	7	0	2	111	0	1							
321	1		5	25	0	13	0	2	113	0	0							
322	1		1	18	0	8	0	2	106	0	0							
323	1		4	28	0	6	0	2	100	0	0							
324	1		4	26	0	11	0	1	101	0	0							
325	1		5	27	0	12	0	1	110	0	0							
326	1		2	27	0	10	0	1	111	0	0							
327	1		2	18	0	12	0	2	115	0	0							
328	1		10	32	0	14	1	1	119	0	0							
329	1		2	23	0	10	0	1	108	0	0							
330	1		4	28	0	10	1	1	110	0	0							
331	1		5	19	0	11	0	2	102	0	0							
332	1		2	23	0	14	0	1	98	0	0							
333	1		6	25	0	5	0	1	110	0	0							
334	1		7	16	1	13	0	2	102	0	0							
335	1		1	15	0	14	0	3	105	1	0							
336	1		3	24	0	7	0	4	95	0	0							
337	1		0	33	0	9	0	1	98	0	0							
338	1		5	27	0	9	0	2	99	0	0							
339	1		1	26	0	9	0	1	111	0	0							
340	1		3	29	0	12	0	0	98	0	0							
341	1		3	27	0	9	0	4	100	0	0							
342	1		3	19	0	5	0	5	103	0	0							
343	1		3	29	0	13	0	3	103	0	0							
344	1		4	14	0	11	0	2	94	0	0							
345	1		5	26	0	16	0	1	89	0	0							
346	1		5	30	0	9	0	0	85	0	0							
347	1		5	32	0	8	0	4	122	0	0							
348	1		5	29	0	10	0	3	108	0	0							
349	1		4	26	0	6	0	4	81	0	0							
350	1		6	27	0	4	0	1	105	0	0							
351	1		3	22	0	9	0	2	77	0	0							
352	1		3	28	0	9	0	1	86	0	0							
353	1		6	16	0	9	0	2	91	0	0							
354	1		2	24	0	14	0	3	98	0	0							
355	1		5	19	0	9	0	2	90	0	0							
356	1		6	25	0	8	0	0	86	0	0							
357	1		1	32	0	13	0	1	76	0	0							
358	1		2	21	0	8	0	1	86	0	0							
359	1		6	26	0	6	0	2	106	0	0							
360	1		6	20	0	7	0	1	98	0	0							
361	1		4	15	0	16	0	3	92	0	0							
362	1		4	17	0	7	0	2	93	0	0							
363	1		4	27	0	5	0	1	97	0	0							
364	1		3	21	0	12	0	2	64	0	0							
365	1		2	15	0	8	0	1	85	0	0							
366	1		2	20	0	13	0	2	82	0	0							
367	1		0	19	0	10	0	0	79	0	0							
368	1		7	20	0	10	0	2	99	0	0							
369	1		1	26	0	13	0	1	91	0	0							
370	1		3	22	0	6	0	1	86	0	0							
371	1		5	24	0	3	0	1	73	0	0							
372	1		5	26	0	10	0	0	95	0	0							
373	1		4	30	0	5	0	2	78	0	0							
374	1		6	22	0	5	0	2	71	0	0							
375	1		3	26	0	9	0	0	93	0	0							
376	1		6	24	0	12	0	2	100	0	0							
377	1		7	25	0	4	0	3	76	0	0							
378	1		3	21	0	8	0	0	84	0	0							
379	1		5	21	0	6	0	1	85	0	0							
380	1		1	14	0	10	0	1	88	0	0							
381	1		3	16	0	9	0	2	64	0	0							
382	1		3	17	0	4	0	0	68	0	0							
383	1		2	26	0	8	0	2	100	0	0							
384	1		5	15	0	8	0	3	71	0	0							
385	1		2	23	0	4	0	3	57	0	0							
386	1		2	21	0	7	0	1	87	0	0							
387	1		5	24	0	9	0	0	62	0	0							
388	1		4	18	0	11	0	0	71	0	0							
389	1		3	20	0	8	0	1	85	0	0							
390	1		5	17	0	10	0	1	70	0	0							
391	1		3	17	0	8	0	2	70	0	0							
392	1		1	15	0	9	0	1	64	0	0							
393	1		1	21	0	12	0	1	63	0	0							
394	1		1	15	0	7	0	1	57	0	0							
395	1		2	17	0	7	0	2	78	0	0							
396	1		7	27	0	9	0	2	78	0	0							
397	1		2	19	0	6	0	1	66	0	0							
398	1		5	15	0	6	0	0	66	0	0							
399	1		4	18	0	7	0	0	80	0	0							
400	1		10	18	0	5	0	2	53	0	0							
401	0		0	0	0	0	0	0	0	0	0							
SUM	==>		153181	402629	34	190775	1605	55884	1146624	246	260							
