19000000
400
ZONE	MED	LOSS(MEV)	(MEV)	EXCITATION	PI0	(MEV)	PI+	K+	MU-	MU+	PROT	DEUT	TRIT	HE3	ALPH	ELSC	INEL	FISS
1	1	8542910	1239,08	16,71	3	42,63	0	0	0	0	8885	1766	440	1070	5100	6779	20987	0
2	1	8642620	1210,23	8,381	6	120	0	0	0	0	12077	2194	545	1201	5291	7044	21253	0
3	1	8709420	1223,54	19,48	3	21,44	0	0	0	0	13733	2241	574	1264	5389	6899	21461	0
4	1	8762590	1281,67	31,54	4	44,21	0	0	0	0	14627	2271	637	1162	5221	7174	21812	0
5	1	8813880	1256,03	37,3	3	29,89	0	0	0	0	16073	2311	593	1220	5595	7265	21591	0
6	1	8853820	1276,98	40,19	2	29,89	0	0	0	0	16425	2339	577	1219	5411	7382	21986	0
7	1	8895920	1271,21	15,5	5	65,86	0	0	0	0	17326	2348	585	1193	5336	7369	21810	0
8	1	8937160	1293,78	24,55	6	62,69	0	0	0	0	17975	2289	605	1235	5449	7554	22111	0
9	1	8971920	1295,12	9,701	2	38,06	0	0	0	0	18694	2246	608	1203	5379	7561	22311	0
10	1	9011850	1339,54	47,06	1	5,785	0	0	0	0	19091	2348	586	1236	5495	7763	22517	0
11	1	9044490	1295,44	19,08	3	15,99	0	0	0	0	19626	2378	605	1296	5340	7571	22358	0
12	1	9077040	1336,43	4,811	5	56,62	0	0	0	0	19847	2364	591	1262	5454	7890	22534	0
13	1	9108090	1346,4	14,87	3	38,72	0	0	0	0	20343	2345	596	1252	5566	7871	22706	0
14	1	9134890	1346,53	30,76	0	0	0	0	0	0	20928	2338	578	1244	5641	8050	22500	0
15	1	9159650	1341,76	17,26	1	2,137	0	0	0	0	20789	2357	577	1197	5758	8031	22903	0
16	1	9188680	1380,79	21,93	1	3,036	0	0	0	0	21279	2371	593	1294	5440	8251	22643	0
17	1	9215770	1408,01	31,44	5	63,63	0	0	0	0	21256	2305	657	1245	5494	8458	22633	0
18	1	9245920	1380,54	22,74	2	24,3	0	0	0	0	21965	2379	597	1254	5747	8286	22786	0
19	1	9273260	1402,42	31,63	5	61,28	0	0	0	0	22363	2423	577	1276	5616	8504	23135	0
20	1	9299520	1411,43	50,78	4	6,44	0	0	0	0	22800	2264	575	1233	5675	8503	23068	0
21	1	9324800	1437,13	33,01	2	13,06	0	0	0	0	23119	2493	535	1272	5751	8655	23279	0
22	1	9349300	1392,4	55,63	3	41,68	0	0	0	0	23066	2405	613	1265	5605	8402	23042	0
23	1	9377090	1436,83	44,33	1	5,751	0	0	0	0	23558	2300	624	1348	5626	8618	23591	0
24	1	9400210	1476,05	63,87	2	43,55	0	0	0	0	23762	2480	611	1261	5601	8801	23542	0
25	1	9426060	1428,7	48,57	1	7,008	0	0	0	0	24170	2462	614	1220	5829	8600	23558	0
26	1	9450540	1482,16	44,66	1	18,61	0	0	0	0	24262	2368	564	1275	5725	8907	23677	0
27	1	9470220	1473,31	15,22	1	3,578	0	0	0	0	24257	2379	612	1262	5775	9055	23274	0
28	1	9495270	1476,95	26,94	1	17,08	0	0	0	0	24503	2400	611	1254	5804	8993	23501	0
29	1	9515720	1470,68	105,4	1	2,14	0	0	0	0	24596	2350	588	1217	5734	9119	23324	0
30	1	9542900	1472,12	16,67	1	13,54	0	0	0	0	24896	2386	580	1247	5793	8959	23843	0
31	1	9565370	1479,89	45,82	3	35,46	0	0	0	0	25427	2471	599	1257	5729	9203	23443	0
32	1	9589800	1521,81	45,63	1	6,569	0	0	0	0	25467	2456	703	1260	5732	9446	23806	0
33	1	9610520	1530,1	24,99	2	15,2	0	0	0	0	25801	2386	626	1249	5661	9309	23905	0
34	1	9634140	1491,44	47,93	0	0	0	0	0	0	25893	2374	542	1319	5748	9279	24001	0
35	1	9659670	1518,82	23,06	0	0	0	0	0	0	26156	2421	644	1249	5782	9412	23945	0
36	1	9675930	1537,65	22,71	1	12,16	0	0	0	0	26408	2486	646	1234	5629	9502	23947	0
37	1	9691130	1590,57	57,72	2	26,78	0	0	0	0	26539	2365	575	1228	5610	9594	23914	0
38	1	9714700	1530,26	15,67	0	0	0	0	0	0	26437	2443	629	1245	5831	9666	24029	0
39	1	9739840	1556,65	53,89	0	0	0	0	0	0	26755	2363	614	1286	5712	9628	24143	0
40	1	9756690	1541,63	29,39	0	0	0	0	0	0	26970	2412	625	1249	5687	9652	23973	0
41	1	9775900	1551,78	75,83	3	35,85	0	0	0	0	27005	2300	609	1226	5713	9743	24221	0
42	1	9794860	1592,32	23,05	1	10,64	0	0	0	0	27274	2418	594	1214	5648	9817	24261	0
43	1	9823530	1577,78	94,04	0	0	0	0	0	0	27548	2441	633	1275	5850	9892	24352	0
44	1	9837440	1572,6	24,71	1	0,7615	0	0	0	0	27858	2389	596	1200	5817	9726	24376	0
45	1	9860780	1631,63	67,7	1	8,745	0	0	0	0	27776	2484	651	1226	5860	10150	24343	0
46	1	9880200	1618,39	80,02	0	0	0	0	0	0	28310	2406	614	1261	5982	10030	24535	0
47	1	9895070	1609,97	29,86	0	0	0	0	0	0	27926	2442	640	1221	5742	10157	24518	0
48	1	9911620	1600,79	14,16	0	0	0	0	0	0	28033	2263	617	1223	5706	10203	24342	0
49	1	9931620	1657,68	28,06	2	16,44	0	0	0	0	28507	2442	600	1216	5778	10392	24310	0
50	1	9957930	1631,18	47,71	0	0	0	0	0	0	28384	2545	612	1258	6088	10331	24517	0
51	1	9976630	1637,25	26,02	0	0	0	0	0	0	28701	2467	572	1340	5854	10177	24464	0
52	1	9993370	1616,99	19,56	0	0	0	0	0	0	28606	2494	588	1216	5752	10127	24785	0
53	1	10016200	1682,88	33,04	1	2,725	0	0	0	0	29127	2369	582	1324	5848	10432	24594	0
54	1	10036300	1628,14	21,35	1	4,621	0	0	0	0	29263	2478	623	1231	5908	10361	24832	0
55	1	10053600	1688,52	12,98	1	4,531	0	0	0	0	29494	2335	594	1241	5933	10663	24788	0
56	1	10071200	1701,86	6,993	0	0	0	0	0	0	29800	2470	635	1206	5959	10504	24882	0
57	1	10087200	1694,04	23,02	0	0	0	0	0	0	29686	2392	613	1265	5875	10569	24678	0
58	1	10106300	1714,95	51,25	0	0	0	0	0	0	29604	2402	616	1264	5942	10710	24923	0
59	1	10124800	1704,04	21,6	0	0	0	0	0	0	30173	2289	632	1286	5771	10678	24801	0
60	1	10140200	1700,58	14,59	0	0	0	0	0	0	30000	2515	579	1299	5794	10693	24862	0
61	1	10160100	1725,6	20,38	0	0	0	0	0	0	30173	2397	612	1209	5840	10950	24955	0
62	1	10180300	1717,03	24,83	0	0	0	0	0	0	30432	2488	564	1287	5801	10810	24934	0
63	1	10198400	1682	47,41	0	0	0	0	0	0	30481	2451	595	1217	5968	10905	24985	0
64	1	10213900	1724,33	63,97	0	0	0	0	0	0	30415	2370	616	1282	5917	11078	24990	0
65	1	10226600	1728,52	28,89	0	0	0	0	0	0	30674	2417	601	1199	5846	11146	24869	0
66	1	10244500	1740,48	55,27	0	0	0	0	0	0	30680	2445	590	1307	6004	11074	24993	0
67	1	10260100	1739,12	22,84	1	10,03	0	0	0	0	30735	2273	591	1182	5901	11096	24960	0
68	1	10281600	1744,56	57,26	0	0	0	0	0	0	31081	2417	570	1269	5695	11114	24965	0
69	1	10293900	1718,24	35,16	1	13,66	0	0	0	0	31023	2371	603	1196	5876	11230	25082	0
70	1	10314100	1722,39	44,35	0	0	0	0	0	0	31112	2402	636	1220	5909	11152	25036	0
71	1	10331000	1751,34	3,883	0	0	0	0	0	0	31012	2354	636	1284	5961	11331	24803	0
72	1	10354600	1754,73	52,28	0	0	0	0	0	0	31665	2404	626	1295	5973	11175	25432	0
73	1	10370800	1763,85	65,88	1	4,196	0	0	0	0	31861	2439	590	1238	5995	11437	25431	0
74	1	10390300	1822,23	33,88	0	0	0	0	0	0	31748	2433	619	1306	5917	11674	25498	0
75	1	10406300	1762,86	30,66	0	0	0	0	0	0	31841	2390	591	1302	5932	11529	25187	0
76	1	10420000	1829,63	55,22	0	0	0	0	0	0	32057	2470	573	1225	6149	11619	25347	0
77	1	10433200	1809,92	50,52	0	0	0	0	0	0	31957	2418	606	1193	5904	11613	25123	0
78	1	10445100	1823,46	11,06	0	0	0	0	0	0	31861	2330	593	1297	5942	12004	25147	0
79	1	10467600	1785,66	20,41	0	0	0	0	0	0	31992	2357	607	1185	6014	11728	25376	0
80	1	10486100	1832,62	67,79	0	0	0	0	0	0	32392	2445	596	1267	5929	11733	25409	0
81	1	10503200	1817,99	27,26	0	0	0	0	0	0	32312	2381	612	1254	5828	11761	25445	0
82	1	10521100	1801,03	10,17	0	0	0	0	0	0	32833	2386	564	1264	5829	11825	25446	0
83	1	10537100	1855,96	74,9	0	0	0	0	0	0	32703	2444	577	1233	5953	12078	25274	0
84	1	10550900	1849,27	25,93	1	3,93	0	0	0	0	32699	2366	609	1261	6087	12112	25569	0
85	1	10563500	1882,99	29,42	0	0	0	0	0	0	32564	2365	582	1269	5883	12167	25355	0
86	1	10583600	1824,72	7,983	0	0	0	0	0	0	32744	2409	625	1205	5927	12050	25317	0
87	1	10595700	1889,72	28,78	0	0	0	0	0	0	32971	2482	569	1252	5942	12266	25556	0
88	1	10613300	1863,57	73,93	0	0	0	0	0	0	32970	2410	599	1249	5682	12151	25636	0
89	1	10635100	1900,15	54,08	0	0	0	0	0	0	33028	2416	611	1291	5961	12249	25444	0
90	1	10647900	1877,5	26,77	0	0	0	0	0	0	33400	2346	575	1272	5797	12079	25374	0
91	1	10668100	1857,09	41,86	0	0	0	0	0	0	33314	2407	607	1279	6060	12311	25479	0
92	1	10682200	1927,46	42,62	0	0	0	0	0	0	32907	2398	622	1262	5895	12517	25561	0
93	1	10701600	1892,69	30,34	0	0	0	0	0	0	33855	2432	610	1154	6188	12498	25762	0
94	1	10713700	1898,93	19,1	0	0	0	0	0	0	33561	2371	578	1174	5944	12354	25147	0
95	1	10732700	1907,3	23,27	0	0	0	0	0	0	33820	2433	578	1232	5968	12426	25487	0
96	1	10748100	1874,93	25,48	0	0	0	0	0	0	33663	2364	629	1223	6106	12554	25493	0
97	1	10758400	1885,68	22,69	0	0	0	0	0	0	33760	2319	582	1225	5846	12577	25332	0
98	1	10769100	1913,21	23,94	0	0	0	0	0	0	33740	2383	584	1209	5746	12672	25311	0
99	1	10790900	1954,86	55,86	0	0	0	0	0	0	33778	2391	586	1290	5887	12980	25652	0
100	1	10804700	1940,12	69,25	0	0	0	0	0	0	33999	2433	616	1213	5876	12737	25579	0
101	1	10820700	1903,56	65,55	0	0	0	0	0	0	34079	2371	580	1234	6008	12788	25509	0
102	1	10835800	1970,44	36,38	0	0	0	0	0	0	33903	2350	553	1218	6086	12874	25618	0
103	1	10855200	1979,93	66,32	0	0	0	0	0	0	34324	2375	582	1173	6003	12723	25664	0
104	1	10868500	1945,19	33,35	0	0	0	0	0	0	34416	2394	593	1143	6054	13076	25530	0
105	1	10880800	1984,43	102,9	0	0	0	0	0	0	34049	2328	571	1191	6154	13159	25289	0
106	1	10894600	1919,74	33,13	0	0	0	0	0	0	34014	2350	574	1234	5963	12811	25343	0
107	1	10911200	2010,02	54,79	0	0	0	0	0	0	34107	2380	553	1239	5763	13338	25125	0
108	1	10925700	2008,52	16,38	0	0	0	0	0	0	34494	2309	592	1249	5845	13434	25547	0
109	1	10947100	2050,86	99,06	0	0	0	0	0	0	34445	2459	615	1270	6143	13519	25782	0
110	1	10960600	2014,59	36,6	0	0	0	0	0	0	34862	2449	562	1227	5749	13496	25486	0
111	1	10971800	2000,08	57,38	0	0	0	0	0	0	34547	2489	590	1219	5860	13467	25274	0
112	1	10985700	2036,71	40,35	0	0	0	0	0	0	35136	2332	562	1276	6085	13544	25705	0
113	1	10997600	2019,55	54,25	0	0	0	0	0	0	34620	2285	554	1211	5880	13565	25351	0
114	1	11013000	2041,55	59,2	0	0	0	0	0	0	34589	2339	577	1220	5953	13753	25528	0
115	1	11029800	2083,19	49,19	0	0	0	0	0	0	34627	2419	551	1235	5842	13862	25445	0
116	1	11046700	2072,39	24,84	0	0	0	0	0	0	35054	2385	540	1187	5955	13971	25451	0
117	1	11060500	2056,92	47,25	0	0	0	0	0	0	35044	2408	597	1181	5929	13908	25422	0
118	1	11070100	2054,2	20,56	0	0	0	0	0	0	34990	2425	539	1206	5847	13969	25414	0
119	1	11089300	2058,81	28,01	0	0	0	0	0	0	35454	2374	611	1239	5894	13973	25501	0
120	1	11099000	2074,93	35,17	0	0	0	0	0	0	35227	2286	584	1179	5913	14117	25489	0
121	1	11113600	2146,37	58,86	0	0	0	0	0	0	35336	2276	585	1131	5844	14635	25383	0
122	1	11130800	2099,97	63,86	0	0	0	0	0	0	35451	2423	600	1277	5918	14116	25579	0
123	1	11144200	2138,03	53,31	0	0	0	0	0	0	35013	2437	608	1204	5756	14497	25387	0
124	1	11160200	2144,27	18,06	0	0	0	0	0	0	35511	2369	564	1191	5693	14829	25449	0
125	1	11177000	2162,65	30,94	0	0	0	0	0	0	35223	2347	591	1193	6022	14730	25545	0
126	1	11194100	2171,55	54,46	0	0	0	0	0	0	35341	2387	597	1265	5833	14887	25533	0
127	1	11215500	2143,05	34,91	0	0	0	0	0	0	35504	2333	589	1243	6120	14689	25471	0
128	1	11226500	2156,22	35,4	0	0	0	0	0	0	35788	2317	512	1179	5842	14862	25236	0
129	1	11243400	2148,67	38,83	0	0	0	0	0	0	35929	2334	560	1222	5896	14824	25575	0
130	1	11260400	2194,99	35,65	0	0	0	0	0	0	35717	2376	607	1145	5948	15099	25654	0
131	1	11273400	2177,25	63,56	0	0	0	0	0	0	35842	2325	595	1176	5689	15110	25461	0
132	1	11292100	2175,56	27,98	0	0	0	0	0	0	35548	2340	568	1199	5911	15060	25548	0
133	1	11313800	2204,13	63,08	0	0	0	0	0	0	36052	2310	581	1185	5942	15189	25660	0
134	1	11326600	2212,99	34,89	0	0	0	0	0	0	35975	2322	584	1157	5866	15187	25533	0
135	1	11342000	2220,64	41	0	0	0	0	0	0	35848	2383	596	1182	6011	15165	25427	0
136	1	11361400	2252,99	32,21	0	0	0	0	0	0	36219	2340	568	1161	5847	15359	25623	0
137	1	11376500	2227,82	35,34	0	0	0	0	0	0	36432	2278	557	1198	6015	15375	25764	0
138	1	11392200	2216,86	55,48	0	0	0	0	0	0	36135	2334	529	1156	5992	15195	25358	0
139	1	11405000	2217,36	52,39	0	0	0	0	0	0	36751	2392	539	1212	5851	15335	25498	0
140	1	11415800	2310,19	32,91	0	0	0	0	0	0	36059	2387	539	1200	5964	15760	25680	0
141	1	11427200	2288,27	48,58	0	0	0	0	0	0	36168	2341	547	1141	5782	15658	25521	0
142	1	11447000	2261,93	41,39	0	0	0	0	0	0	36472	2318	524	1165	5852	15700	25746	0
143	1	11466900	2270,21	78,15	0	0	0	0	0	0	36578	2305	606	1240	5945	15827	25829	0
144	1	11480700	2320,84	32,45	0	0	0	0	0	0	36802	2313	585	1261	5901	16027	25768	0
145	1	11489900	2306,18	47,74	0	0	0	0	0	0	37155	2378	548	1118	5994	16098	25669	0
146	1	11506700	2379,92	47,32	0	0	0	0	0	0	36903	2302	594	1245	5945	16541	25769	0
147	1	11518600	2342,59	15,4	0	0	0	0	0	0	37135	2322	564	1173	5870	16369	25704	0
148	1	11533100	2317,99	19,63	0	0	0	0	0	0	36837	2287	605	1213	6106	16443	25762	0
149	1	11550200	2337,01	8,505	0	0	0	0	0	0	37253	2388	531	1242	5940	16398	25728	0
150	1	11562000	2312,75	65,54	0	0	0	0	0	0	37527	2305	540	1085	5865	16337	25996	0
151	1	11587500	2322,11	30,06	0	0	0	0	0	0	37475	2363	570	1172	5998	16424	26003	0
152	1	11611400	2393,58	64,93	0	0	0	0	0	0	37612	2335	544	1198	5981	16566	25950	0
153	1	11651200	2408,58	61,04	0	0	0	0	0	0	37608	2359	573	1254	6230	16704	26201	0
154	1	11684500	2369,24	20,92	0	0	0	0	0	0	37540	2289	525	1199	5898	16786	25813	0
155	1	11730500	2403,98	45,83	0	0	0	0	0	0	37261	2181	529	1243	6053	16925	25887	0
156	1	11772800	2450,98	15,67	0	0	0	0	0	0	37941	2328	556	1180	5843	17239	25819	0
157	1	11811900	2454,97	40,36	0	0	0	0	0	0	37593	2209	543	1153	6067	17168	25836	0
158	1	11844400	2453,08	12,24	0	0	0	0	0	0	38099	2135	550	1146	5866	17425	25807	0
159	1	11869600	2439,29	51,66	0	0	0	0	0	0	37832	2342	576	1131	5923	17275	25687	0
160	1	11894000	2446,3	36,09	0	0	0	0	0	0	37599	2240	527	1234	5755	17552	25596	0
161	1	11921900	2506,78	31,71	0	0	0	0	0	0	37740	2250	537	1171	5986	17976	25626	0
162	1	11946500	2456,18	52,47	0	0	0	0	0	0	38003	2303	552	1158	5821	17612	25706	0
163	1	11965700	2508,44	31,1	0	0	0	0	0	0	38383	2297	568	1173	5732	17972	25649	0
164	1	11984100	2540,63	46,3	0	0	0	0	0	0	37791	2156	556	1109	5955	18056	25595	0
165	1	12008000	2562,57	17,84	0	0	0	0	0	0	38051	2199	520	1091	5865	18375	25614	0
166	1	12037800	2593,5	62,72	0	0	0	0	0	0	38014	2293	582	1156	5873	18462	25937	0
167	1	12060700	2547,72	31,22	0	0	0	0	0	0	38015	2253	519	1183	5905	18489	25507	0
168	1	12088300	2595,59	78,02	0	0	0	0	0	0	38577	2240	547	1170	5897	18420	25767	0
169	1	12112900	2640,63	46,84	0	0	0	0	0	0	38782	2228	541	1125	5932	18902	25705	0
170	1	12129900	2640,11	40,42	0	0	0	0	0	0	38397	2205	518	1151	5826	18962	25781	0
171	1	12156100	2659,55	70,15	0	0	0	0	0	0	38023	2198	511	1181	5957	19172	25563	0
172	1	12181200	2649,62	53,77	0	0	0	0	0	0	38372	2258	558	1177	5789	19103	25545	0
173	1	12208500	2684,03	36,06	0	0	0	0	0	0	38625	2285	573	1135	5840	19354	25729	0
174	1	12235900	2675,22	55,44	0	0	0	0	0	0	38804	2234	512	1085	5942	19477	25554	0
175	1	12260800	2698	42,69	0	0	0	0	0	0	38736	2155	544	1213	5975	19497	25600	0
176	1	12283900	2738,78	47	0	0	0	0	0	0	38870	2327	537	1146	5847	19765	25686	0
177	1	12306600	2725,66	29,12	0	0	0	0	0	0	38622	2115	518	1122	5791	19792	25635	0
178	1	12333500	2764,38	47,78	0	0	0	0	0	0	38615	2232	502	1065	5732	20076	25651	0
179	1	12364000	2748,06	44,96	0	0	0	0	0	0	38581	2172	521	1096	5869	20020	25743	0
180	1	12395700	2794,08	45,22	0	0	0	0	0	0	38938	2206	486	1149	5833	20444	25731	0
181	1	12427800	2805,22	72,29	0	0	0	0	0	0	39245	2240	520	1138	5848	20421	25759	0
182	1	12459000	2864,08	12,67	0	0	0	0	0	0	39616	2265	497	1072	6029	20673	25826	0
183	1	12485000	2864,28	49,17	0	0	0	0	0	0	39460	2146	488	1142	5847	20944	25521	0
184	1	12508200	2889,76	35,99	0	0	0	0	0	0	39045	2240	530	1165	5882	21065	25708	0
185	1	12537700	2854,26	49,05	0	0	0	0	0	0	39663	2200	513	1140	5689	20952	25617	0
186	1	12565500	2896,68	45,21	0	0	0	0	0	0	39242	2217	528	1116	5933	21168	25387	0
187	1	12596200	2926,44	90,95	0	0	0	0	0	0	39032	2203	506	1156	5860	21275	25576	0
188	1	12630600	2956,64	31,31	0	0	0	0	0	0	39480	2209	499	1097	5762	21560	25544	0
189	1	12664200	3004,88	48,15	0	0	0	0	0	0	39845	2107	507	1051	5825	21988	25883	0
190	1	12695600	2967,17	62,45	0	0	0	0	0	0	39802	2137	500	1128	6034	21996	25649	0
191	1	12728200	2962,39	32,64	0	0	0	0	0	0	39982	2239	496	1076	5973	21979	25797	0
192	1	12764800	3007,69	40,56	0	0	0	0	0	0	40506	2086	519	1116	5918	22147	25962	0
193	1	12787700	2991,95	48,56	0	0	0	0	0	0	39592	2116	507	1105	5759	22341	25375	0
194	1	12821700	3036,47	51,56	0	0	0	0	0	0	40117	2112	453	1083	5609	22536	25537	0
195	1	12849600	3058,88	54,69	0	0	0	0	0	0	39881	2103	492	1104	5672	22539	25288	0
196	1	12886700	3139,18	51,15	0	0	0	0	0	0	40298	2134	434	1089	5796	22733	25709	0
197	1	12916900	3114,39	94,36	0	0	0	0	0	0	40073	2063	483	1146	5823	23099	25709	0
198	1	12953700	3112,83	17,99	0	0	0	0	0	0	40381	2082	480	1078	5873	23201	25778	0
199	1	12983500	3148,18	44,43	0	0	0	0	0	0	40395	2166	464	1086	5868	23539	25697	0
200	1	13015400	3166,21	65,22	0	0	0	0	0	0	40005	2183	472	1055	5886	23644	25493	0
201	1	13049000	3150,97	34,66	0	0	0	0	0	0	40493	2071	522	1128	5951	23563	25569	0
202	1	13079100	3197,98	54,42	0	0	0	0	0	0	40443	2029	480	1039	5606	23936	25524	0
203	1	13121200	3225,73	64,95	0	0	0	0	0	0	41022	2144	473	1064	5733	24081	25713	0
204	1	13160100	3225,72	25,88	0	0	0	0	0	0	40519	2098	477	1141	5930	24113	25751	0
205	1	13204100	3231,54	57,71	0	0	0	0	0	0	41018	2136	517	1019	5795	24198	25703	0
206	1	13246000	3293,01	35,06	0	0	0	0	0	0	40841	2089	454	1092	5790	24541	25599	0
207	1	13296300	3278,5	78,72	0	0	0	0	0	0	41321	2094	461	1147	5940	24733	25796	0
208	1	13348400	3322,86	66,59	0	0	0	0	0	0	41123	2050	486	1093	5779	25073	25782	0
209	1	13409900	3417,37	76,38	0	0	0	0	0	0	41528	2163	470	1123	6002	25415	26207	0
210	1	13466600	3388,93	31,11	0	0	0	0	0	0	41360	2095	469	1088	5911	25508	25913	0
211	1	13531700	3433,22	33,41	0	0	0	0	0	0	41617	2183	442	1073	6095	26028	26230	0
212	1	13587400	3439,77	59,67	0	0	0	0	0	0	41916	2160	443	1099	5804	25964	26051	0
213	1	13639500	3453,17	72,22	0	0	0	0	0	0	42182	2072	434	1081	5995	26241	25759	0
214	1	13692300	3516,6	107,1	0	0	0	0	0	0	42214	2035	457	1028	5926	26575	26199	0
215	1	13744300	3550,51	72,17	0	0	0	0	0	0	42183	2074	473	1086	6001	26820	25922	0
216	1	13801300	3534,84	46,24	0	0	0	0	0	0	42403	2039	446	1033	6096	26949	26200	0
217	1	13854600	3600,89	83,56	0	0	0	0	0	0	42447	2085	450	1120	5941	27445	26194	0
218	1	13916100	3602,45	54,2	0	0	0	0	0	0	42244	2103	465	1066	5936	27338	26223	0
219	1	13980900	3695,79	30,3	0	0	0	0	0	0	42446	2107	413	1049	5859	28022	26134	0
220	1	14047900	3689,05	23,62	0	0	0	0	0	0	42468	2071	436	1054	5850	27859	26225	0
221	1	14106400	3696,2	61,06	0	0	0	0	0	0	42477	2052	474	957	5844	28297	25939	0
222	1	14178600	3826,41	79,57	0	0	0	0	0	0	42757	2063	458	1055	5987	28759	26254	0
223	1	14241300	3749,92	31,22	0	0	0	0	0	0	42404	2075	444	1066	5905	28889	26062	0
224	1	14302100	3824,14	95,34	0	0	0	0	0	0	43030	1978	436	1056	5792	29180	26342	0
225	1	14358900	3855,22	52,45	0	0	0	0	0	0	43113	2106	458	962	5870	29617	25984	0
226	1	14420000	3951,5	59,88	0	0	0	0	0	0	42949	2073	413	1005	5909	30354	26236	0
227	1	14490400	3940,68	65,17	0	0	0	0	0	0	43096	2095	418	1060	5969	30200	26286	0
228	1	14558100	3948,1	53,41	0	0	0	0	0	0	43214	2020	405	1097	5787	30819	26079	0
229	1	14640400	4112,38	22,97	0	0	0	0	0	0	43680	2004	418	982	5956	31227	26462	0
230	1	14723900	4108,62	88,43	0	0	0	0	0	0	43742	2017	449	999	5851	31383	26160	0
231	1	14815000	4069,89	39,25	0	0	0	0	0	0	43772	2026	413	1026	5975	31768	26436	0
232	1	14908000	4145,85	20	0	0	0	0	0	0	43600	2013	405	1017	6006	32085	26420	0
233	1	15005900	4213,2	20,75	0	0	0	0	0	0	44097	2037	428	948	6033	32753	26277	0
234	1	15106500	4367,52	49,01	0	0	0	0	0	0	43985	2048	391	960	5877	33611	26127	0
235	1	15208400	4279,79	58,55	0	0	0	0	0	0	43743	1979	383	960	5711	33220	26330	0
236	1	15320200	4331,73	81,81	0	0	0	0	0	0	44341	2025	399	952	5828	33741	26490	0
237	1	15432100	4428,44	51,59	0	0	0	0	0	0	44299	1955	420	957	5845	34495	26478	0
238	1	15550100	4425,46	44,48	0	0	0	0	0	0	44475	1989	432	944	5880	34289	26752	0
239	1	15677700	4490,01	58,36	0	0	0	0	0	0	44582	1954	399	978	5859	34904	26781	0
240	1	15805300	4537,61	41,62	0	0	0	0	0	0	44496	2029	412	893	5973	35375	26809	0
241	1	15940700	4566,54	58,39	0	0	0	0	0	0	44831	1965	381	958	5841	35529	26988	0
242	1	16085300	4549,55	75,62	0	0	0	0	0	0	45259	2007	375	1000	5984	35936	27194	0
243	1	16233000	4643,29	50,69	0	0	0	0	0	0	45227	2067	345	952	6098	36043	27532	0
244	1	16388400	4695,24	136,1	0	0	0	0	0	0	45461	2000	391	954	5951	36581	27286	0
245	1	16555800	4731,43	78,74	0	0	0	0	0	0	45612	2061	394	917	5988	36795	27604	0
246	1	16725700	4783,41	19,83	0	0	0	0	0	0	45933	2110	394	925	5994	37467	27590	0
247	1	16910400	4822,3	44,94	0	0	0	0	0	0	46130	2129	414	880	6320	37928	28307	0
248	1	17100600	4872,56	44,7	0	0	0	0	0	0	46502	2105	416	923	6051	38018	28308	0
249	1	17303400	4932,91	31,65	0	0	0	0	0	0	47100	2188	385	875	6134	38694	28884	0
250	1	17513400	5015,64	63,22	0	0	0	0	0	0	47076	2147	349	942	6146	38725	28745	0
251	1	17737300	5134,41	61,41	0	0	0	0	0	0	47175	2132	403	898	6177	39678	28802	0
252	1	17980800	5122,11	49,22	0	0	0	0	0	0	48016	2210	367	955	6316	40136	29233	0
253	1	18229800	5249,76	46,15	0	0	0	0	0	0	48228	2135	379	860	6193	40773	29521	0
254	1	18496400	5273,66	39,4	0	0	0	0	0	0	48639	2103	393	876	6229	41296	29570	0
255	1	18786900	5390,65	91,89	0	0	0	0	0	0	49116	2240	390	903	6323	42149	30114	0
256	1	19096100	5528,67	75,47	0	0	0	0	0	0	49787	2133	358	897	6372	43220	30554	0
257	1	19414700	5540,12	58,71	0	0	0	0	0	0	50382	2180	398	878	6350	43381	30402	0
258	1	19767800	5672,4	77,1	0	0	0	0	0	0	51002	2152	367	908	6478	44454	31060	0
259	1	20149900	5774,39	38,64	0	0	0	0	0	0	51712	2298	393	864	6631	45330	31396	0
260	1	20555500	5794,05	65,56	0	0	0	0	0	0	52851	2191	370	857	6356	45933	31726	0
261	1	21005800	5940,88	52,11	0	0	0	0	0	0	53849	2284	391	857	6608	46816	32191	0
262	1	21498800	6046,56	68,07	0	0	0	0	0	0	55458	2213	392	839	6857	47564	32761	0
263	1	22042300	6064,93	57,85	0	0	0	0	0	0	57543	2281	396	863	6949	48030	33316	0
264	1	22640700	6252,56	119,4	0	0	0	0	0	0	59945	2257	413	785	6978	49112	34086	0
265	1	23320300	6353,98	72,47	0	0	0	0	0	0	63806	2275	408	820	7168	49789	35163	0
266	1	24084700	6415,52	120,3	0	0	0	0	0	0	68114	2372	432	782	7613	50258	35927	0
267	1	24951300	6492,64	103,7	0	0	0	0	0	0	74967	2321	400	754	7700	50568	36898	0
268	1	25950700	6536,81	121,1	0	0	0	0	0	0	84139	2305	406	765	7706	51064	38238	0
269	1	27116500	6599,82	106,8	0	0	0	0	0	0	98245	2367	398	762	7890	51849	39471	0
270	1	28488600	6596,6	106,4	0	0	0	0	0	0	122226	2376	381	705	7930	51816	41363	0
271	1	30114100	6687,75	126,8	0	0	0	0	0	0	162662	2438	347	640	7901	52010	44156	0
272	1	32037400	6497,44	230,6	0	0	0	0	0	0	232783	2441	318	578	7765	51119	48081	0
273	1	34222000	6411,54	371,9	0	0	0	0	0	0	349625	2382	281	496	7396	50262	53650	0
274	1	36537100	6177,81	321,2	0	0	0	0	0	0	531073	2140	225	351	6819	48013	61377	0
275	1	38644300	5736,03	291,3	0	0	0	0	0	0	794395	1931	195	317	6009	44803	71572	0
276	1	39976400	5237,91	429,6	0	0	0	0	0	0	1120372	1630	151	223	5141	40970	81689	0
277	1	39836700	4544,87	350,6	0	0	0	0	0	0	1463930	1360	141	173	4049	35189	91054	0
278	1	37652000	3653,99	502,1	0	0	0	0	0	0	1747365	999	104	108	3214	28864	95768	0
279	1	33247000	2860,06	298,6	0	0	0	0	0	0	1881334	725	78	86	2399	22243	93706	0
280	1	27060900	2052,5	356,1	0	0	0	0	0	0	1813369	561	51	58	1666	16036	84209	0
281	1	20071700	1443,96	117,2	0	0	0	0	0	0	1553372	370	80	45	1200	11325	67985	0
282	1	13457200	985,119	123,7	0	0	0	0	0	0	1179962	270	54	37	863	7750	49595	0
283	1	8085410	693,531	61,63	0	0	0	0	0	0	790195	199	39	30	634	5343	32718	0
284	1	4325850	529,22	62,28	0	0	0	0	0	0	463246	189	42	34	602	3970	19875	0
285	1	2072190	441,905	14,21	0	0	0	0	0	0	239262	214	47	26	558	3311	11753	0
286	1	894538	387,082	37,77	0	0	0	0	0	0	108210	204	59	39	549	2911	7109	0
287	1	365467	376,339	6,376	0	0	0	0	0	0	43316	182	51	35	523	2792	4914	0
288	1	161643	387,928	0	0	0	0	0	0	0	15916	196	54	39	515	2879	4028	0
289	1	96362,4	380,056	7,059	0	0	0	0	0	0	6524	188	55	33	538	2809	3729	0
290	1	76776,3	358,778	21,5	0	0	0	0	0	0	3625	179	52	23	560	2750	3646	0
291	1	71976,2	347,105	16,7	0	0	0	0	0	0	2883	143	49	39	545	2706	3537	0
292	1	70909,4	357,799	8,843	0	0	0	0	0	0	2798	163	51	39	498	2684	3593	0
293	1	69666,8	351,129	0	0	0	0	0	0	0	2755	179	53	24	509	2641	3502	0
294	1	69413,2	357,113	0	0	0	0	0	0	0	2662	169	53	28	525	2715	3473	0
295	1	68895,9	347,81	5,293	0	0	0	0	0	0	2586	160	49	38	497	2625	3562	0
296	1	68490,2	333,111	7,083	0	0	0	0	0	0	2700	153	55	31	514	2603	3445	0
297	1	68164,9	349,51	0	0	0	0	0	0	0	2657	162	58	31	506	2591	3490	0
298	1	67801,2	346,621	13,29	0	0	0	0	0	0	2626	152	42	32	504	2574	3473	0
299	1	67231,1	352,342	15,22	0	0	0	0	0	0	2554	167	38	33	505	2598	3419	0
300	1	67492,3	345,568	18,16	0	0	0	0	0	0	2633	184	70	23	491	2531	3479	0
301	1	66166,3	339,697	6,647	0	0	0	0	0	0	2462	151	44	26	485	2482	3328	0
302	1	65716,6	323,674	0	0	0	0	0	0	0	2497	138	41	29	474	2486	3206	0
303	1	64849,3	327,009	23,41	0	0	0	0	0	0	2435	164	52	17	451	2486	3221	0
304	1	65870,8	324,895	0	0	0	0	0	0	0	2463	184	56	24	486	2427	3257	0
305	1	64092,8	318,759	17,05	0	0	0	0	0	0	2429	149	47	30	464	2337	3108	0
306	1	63955,7	315,062	19,93	0	0	0	0	0	0	2357	154	55	25	457	2376	3209	0
307	1	64359,6	313,299	17,19	0	0	0	0	0	0	2394	162	57	24	466	2349	3227	0
308	1	63694,7	317,157	6,979	0	0	0	0	0	0	2523	131	63	25	431	2364	3225	0
309	1	63064,3	306,3	0	0	0	0	0	0	0	2385	164	38	27	462	2354	3104	0
310	1	62915,4	309,694	4,048	0	0	0	0	0	0	2288	141	29	36	473	2325	3207	0
311	1	63367,2	303,368	0,641	0	0	0	0	0	0	2345	157	60	29	477	2291	3065	0
312	1	63073,7	305,431	16,1	0	0	0	0	0	0	2368	167	44	26	443	2279	3146	0
313	1	63122,6	313,032	6,828	0	0	0	0	0	0	2416	150	44	33	475	2316	3127	0
314	1	61122	313,99	0	0	0	0	0	0	0	2329	138	46	23	430	2251	2919	0
315	1	60325,5	285,171	10,21	0	0	0	0	0	0	2201	155	42	22	429	2293	2983	0
316	1	60369,1	319,744	13,98	0	0	0	0	0	0	2223	146	50	25	434	2321	2931	0
317	1	60942,6	300,18	7,678	0	0	0	0	0	0	2339	141	44	21	424	2273	2944	0
318	1	59431,9	285,469	7,463	0	0	0	0	0	0	2227	154	47	35	387	2133	2897	0
319	1	59565,3	290,935	6,846	0	0	0	0	0	0	2227	159	42	20	454	2158	2918	0
320	1	59051	288,037	9,99	0	0	0	0	0	0	2150	149	37	28	408	2160	2889	0
321	1	59485,9	275,144	6,93	0	0	0	0	0	0	2175	125	46	28	411	2134	2879	0
322	1	59741	275,313	12,89	0	0	0	0	0	0	2199	153	62	23	437	2136	2849	0
323	1	58515,7	291,491	18,78	0	0	0	0	0	0	2270	151	45	31	381	2219	2803	0
324	1	57424,6	282,457	0	0	0	0	0	0	0	2099	147	37	24	395	2160	2724	0
325	1	56846,6	271,016	7,841	0	0	0	0	0	0	2163	135	31	24	379	1986	2764	0
326	1	56489,9	270,958	0	0	0	0	0	0	0	2025	161	51	28	426	2066	2687	0
327	1	55690,6	278,174	7,7	0	0	0	0	0	0	2037	135	46	22	388	2072	2648	0
328	1	55829,3	266,914	0	0	0	0	0	0	0	2045	126	42	37	399	1961	2708	0
329	1	55221,3	277,026	6,969	0	0	0	0	0	0	2065	122	46	22	377	2074	2627	0
330	1	54993,4	268,633	15,2	0	0	0	0	0	0	2018	138	52	22	412	1972	2638	0
331	1	54603,8	266,686	0	0	0	0	0	0	0	1952	143	44	19	404	1968	2620	0
332	1	53659,8	278,132	17,07	0	0	0	0	0	0	1974	136	45	24	377	2001	2592	0
333	1	53797	263,208	29,09	0	0	0	0	0	0	2035	126	34	26	424	1981	2562	0
334	1	53186,1	252,547	9,037	0	0	0	0	0	0	1980	147	49	32	389	1936	2603	0
335	1	54140,7	264,452	6,452	0	0	0	0	0	0	1947	136	39	15	402	1953	2641	0
336	1	53950,2	262,15	8,684	0	0	0	0	0	0	1910	120	36	39	388	1966	2580	0
337	1	52746,1	256,527	7,082	0	0	0	0	0	0	1895	127	36	22	374	1892	2476	0
338	1	53014,2	246,404	6,382	0	0	0	0	0	0	1897	134	40	24	358	1916	2445	0
339	1	52525,6	251,543	0	0	0	0	0	0	0	1961	138	38	22	344	1848	2450	0
340	1	52172	243,927	7,066	0	0	0	0	0	0	1857	127	46	22	346	1854	2329	0
341	1	51129,7	253,181	20,45	0	0	0	0	0	0	1892	114	35	19	339	1895	2381	0
342	1	51184,6	233,189	0	0	0	0	0	0	0	1879	134	42	21	371	1884	2411	0
343	1	50345,9	228,869	4,448	0	0	0	0	0	0	1760	136	40	23	344	1692	2317	0
344	1	51117,7	243,13	24,16	0	0	0	0	0	0	1831	114	47	29	357	1788	2418	0
345	1	50294,8	237,124	4,116	0	0	0	0	0	0	1871	130	41	22	371	1746	2374	0
346	1	50077,9	234,558	22,46	0	0	0	0	0	0	1843	110	52	19	359	1774	2359	0
347	1	48649,9	236,979	0	0	0	0	0	0	0	1731	113	38	22	338	1769	2232	0
348	1	49167,9	220,936	6,058	0	0	0	0	0	0	1680	133	37	24	357	1665	2261	0
349	1	48450	228,897	7,439	0	0	0	0	0	0	1759	113	34	17	319	1821	2221	0
350	1	48155,2	221,308	15,63	0	0	0	0	0	0	1783	115	37	25	306	1697	2235	0
351	1	47409,5	228,319	6,369	0	0	0	0	0	0	1784	126	35	22	321	1703	2236	0
352	1	46513,3	219,919	0	0	0	0	0	0	0	1699	117	36	20	296	1658	2220	0
353	1	46059	219,876	5,858	0	0	0	0	0	0	1646	115	41	21	313	1629	2155	0
354	1	46870,1	216,287	14,6	0	0	0	0	0	0	1635	103	37	15	341	1682	2237	0
355	1	46648,6	225,542	16,19	0	0	0	0	0	0	1593	117	34	18	340	1687	2148	0
356	1	45629,8	214,812	9,586	0	0	0	0	0	0	1706	99	28	23	327	1692	2045	0
357	1	45498,5	211,546	9,915	0	0	0	0	0	0	1617	98	41	20	327	1671	2161	0
358	1	45809,8	220,289	0	0	0	0	0	0	0	1604	108	36	24	332	1625	2199	0
359	1	45450,2	216,339	6,113	0	0	0	0	0	0	1601	102	33	28	297	1574	2096	0
360	1	44565,3	214,827	2,027	0	0	0	0	0	0	1613	99	29	17	350	1640	2120	0
361	1	45044,1	201,292	0	0	0	0	0	0	0	1560	111	37	22	323	1553	2050	0
362	1	45046,2	220,167	0,1371	0	0	0	0	0	0	1575	108	36	26	290	1609	2037	0
363	1	44512	212,4	12,73	0	0	0	0	0	0	1557	122	36	21	283	1585	2044	0
364	1	43779,4	206,634	0	0	0	0	0	0	0	1606	87	25	25	271	1557	2012	0
365	1	44091,2	211,652	0	0	0	0	0	0	0	1504	102	30	32	325	1590	2053	0
366	1	43621,6	191,017	11,39	0	0	0	0	0	0	1485	91	38	23	310	1505	1939	0
367	1	43132,5	192,146	5,659	0	0	0	0	0	0	1586	85	39	24	273	1492	1946	0
368	1	43929,1	199,823	0	0	0	0	0	0	0	1560	128	34	17	288	1527	1968	0
369	1	42359,9	197,729	6,685	0	0	0	0	0	0	1447	113	33	20	272	1447	1875	0
370	1	42363,1	196,829	1,665	0	0	0	0	0	0	1518	84	26	23	293	1470	1924	0
371	1	41795,4	192,475	6,779	0	0	0	0	0	0	1478	112	30	18	275	1398	1821	0
372	1	41396,2	185,529	3,006	0	0	0	0	0	0	1402	93	30	21	319	1496	1871	0
373	1	41028,6	184,704	0	0	0	0	0	0	0	1399	99	32	14	248	1426	1867	0
374	1	40635,8	191,514	7,811	0	0	0	0	0	0	1451	95	29	12	297	1426	1890	0
375	1	40506,7	182,439	0	0	0	0	0	0	0	1377	87	30	21	272	1359	1840	0
376	1	39789	190,261	0	0	0	0	0	0	0	1467	89	29	14	246	1409	1831	0
377	1	39839	186,245	0	0	0	0	0	0	0	1392	84	29	22	282	1380	1779	0
378	1	39833,1	174,585	0	0	0	0	0	0	0	1387	115	33	14	240	1372	1793	0
379	1	39795,5	173,22	18,16	0	0	0	0	0	0	1391	84	33	28	286	1375	1740	0
380	1	39674	182,934	0	0	0	0	0	0	0	1385	80	33	25	279	1367	1736	0
381	1	39366,3	188,233	5,267	0	0	0	0	0	0	1346	90	21	20	280	1362	1794	0
382	1	39249,4	171,123	19,08	0	0	0	0	0	0	1311	98	32	20	285	1312	1734	0
383	1	38401,8	180,646	6,406	0	0	0	0	0	0	1315	91	33	16	248	1374	1797	0
384	1	38233,9	185,478	5,227	0	0	0	0	0	0	1262	92	35	18	251	1350	1634	0
385	1	38094,1	177,265	4,681	0	0	0	0	0	0	1279	111	31	20	227	1300	1607	0
386	1	37866,3	162,536	0	0	0	0	0	0	0	1332	87	32	16	250	1242	1692	0
387	1	37594	175,751	9,604	0	0	0	0	0	0	1272	83	30	26	260	1339	1736	0
388	1	37088,3	179,472	0	0	0	0	0	0	0	1271	76	30	11	244	1299	1598	0
389	1	37379,8	175,403	21,69	0	0	0	0	0	0	1298	83	21	24	268	1284	1731	0
390	1	37029,7	162,317	0	0	0	0	0	0	0	1295	91	40	16	272	1234	1676	0
391	1	37530	163,703	7,915	0	0	0	0	0	0	1277	98	39	15	247	1216	1694	0
392	1	36865,1	182,478	0	0	0	0	0	0	0	1227	88	39	16	274	1275	1609	0
393	1	36805	162,828	0	0	0	0	0	0	0	1252	87	35	15	244	1186	1633	0
394	1	35685,5	162,741	10,47	0	0	0	0	0	0	1188	82	29	17	198	1242	1542	0
395	1	36762,5	163,616	4,002	0	0	0	0	0	0	1291	81	31	17	277	1237	1648	0
396	1	35241,4	159,722	0	0	0	0	0	0	0	1194	82	24	16	204	1222	1490	0
397	1	35824,3	160,369	7,641	0	0	0	0	0	0	1273	77	32	19	230	1190	1625	0
398	1	34745,1	154,358	7,458	0	0	0	0	0	0	1180	73	31	12	240	1155	1539	0
399	1	34651,3	158,261	0	0	0	0	0	0	0	1155	85	30	17	222	1170	1555	0
400	1	35007,8	157,175	14,85	0	0	0	0	0	0	1155	73	30	18	257	1157	1576	0
401	0	0	0	0	0	0	0	0	0	0	0	0	0	0	0	0	0	0
SUMM:	3733700000	804177	16900	102	1111	0	0	0	0	24549826	647080	150824	315086	1698711	5816814	8165537	0	
ZONE	MED	C10	C11	N12	N13	O13	O14	O15	F17	F18								
1	1	600	1447	1	655	11	195	3526	0	1								
2	1	635	1490	0	644	9	200	3422	0	0								
3	1	622	1485	0	632	10	187	3536	1	0								
4	1	585	1560	0	636	4	174	3607	0	0								
5	1	623	1526	0	625	7	187	3521	1	0								
6	1	658	1513	1	718	5	199	3549	1	0								
7	1	571	1486	0	691	8	183	3436	0	0								
8	1	647	1593	0	677	5	181	3513	0	0								
9	1	618	1534	1	684	4	215	3530	0	0								
10	1	646	1509	0	694	3	172	3602	1	0								
11	1	610	1547	0	679	8	194	3420	1	0								
12	1	595	1534	0	656	4	189	3589	1	0								
13	1	623	1574	0	653	4	164	3567	3	0								
14	1	677	1486	2	686	6	167	3515	1	0								
15	1	625	1526	0	689	1	176	3620	0	1								
16	1	645	1529	0	680	5	185	3492	0	1								
17	1	667	1547	0	637	6	170	3581	2	0								
18	1	600	1508	0	652	9	195	3574	0	0								
19	1	634	1539	0	627	3	171	3556	1	2								
20	1	614	1576	0	680	7	190	3637	0	0								
21	1	657	1582	1	665	9	180	3673	3	0								
22	1	594	1554	1	676	4	185	3599	1	2								
23	1	670	1573	0	665	5	188	3640	3	1								
24	1	594	1557	0	650	8	203	3677	0	0								
25	1	601	1567	0	632	4	185	3778	1	0								
26	1	651	1653	0	649	8	169	3632	3	1								
27	1	619	1511	2	668	10	214	3547	1	0								
28	1	599	1583	0	671	5	201	3560	0	0								
29	1	595	1570	0	703	3	208	3633	1	1								
30	1	621	1549	0	681	4	199	3711	0	0								
31	1	623	1531	0	669	2	161	3649	0	1								
32	1	635	1623	0	660	8	184	3695	1	0								
33	1	643	1541	0	688	4	189	3676	1	1								
34	1	657	1570	0	666	5	193	3676	0	2								
35	1	606	1610	0	698	6	194	3742	2	0								
36	1	651	1574	0	657	7	172	3714	0	0								
37	1	674	1521	0	649	11	178	3796	1	0								
38	1	637	1583	0	654	7	210	3608	0	1								
39	1	612	1585	0	690	8	204	3702	0	0								
40	1	653	1505	2	690	9	170	3622	3	0								
41	1	638	1609	0	676	2	208	3705	0	1								
42	1	610	1536	0	666	8	210	3732	0	0								
43	1	619	1565	0	631	5	205	3744	0	2								
44	1	607	1565	0	687	6	191	3878	2	0								
45	1	625	1601	0	675	8	181	3770	0	0								
46	1	643	1588	0	649	2	181	3689	2	1								
47	1	629	1585	0	642	9	198	3752	0	1								
48	1	638	1578	0	641	13	177	3655	0	0								
49	1	585	1579	1	705	8	190	3687	1	2								
50	1	656	1613	0	711	5	181	3656	1	0								
51	1	623	1633	0	675	4	202	3684	0	0								
52	1	653	1627	0	650	10	201	3892	1	0								
53	1	658	1594	0	676	3	189	3749	4	0								
54	1	654	1527	0	647	6	214	3841	1	1								
55	1	610	1585	0	700	4	200	3796	0	0								
56	1	631	1645	0	700	5	211	3770	1	0								
57	1	617	1569	0	685	10	181	3770	2	1								
58	1	646	1592	1	712	7	177	3719	0	0								
59	1	624	1612	0	693	5	153	3813	0	0								
60	1	647	1597	0	696	8	207	3973	2	0								
61	1	620	1485	0	676	12	185	3846	0	0								
62	1	622	1631	0	682	7	225	3776	0	0								
63	1	635	1566	0	681	9	192	3710	4	0								
64	1	666	1567	0	714	5	179	3766	1	2								
65	1	616	1609	0	644	5	176	3693	0	0								
66	1	619	1558	0	690	5	184	3795	2	0								
67	1	605	1537	0	647	7	185	3885	0	1								
68	1	579	1584	1	714	6	185	3840	0	0								
69	1	602	1501	0	729	8	179	3863	3	0								
70	1	670	1594	0	677	2	189	3837	0	1								
71	1	578	1580	0	658	8	193	3653	1	0								
72	1	633	1601	1	658	6	198	3852	1	0								
73	1	633	1613	0	639	11	186	3827	0	1								
74	1	715	1588	0	709	8	194	3822	0	0								
75	1	627	1590	0	682	3	200	3722	1	1								
76	1	599	1592	0	679	7	204	3841	1	2								
77	1	616	1582	0	607	4	188	3716	1	1								
78	1	635	1562	1	679	8	160	3780	1	0								
79	1	618	1554	0	710	4	195	3756	0	0								
80	1	656	1555	0	702	6	185	3837	0	0								
81	1	615	1551	0	691	3	205	3889	3	0								
82	1	612	1581	0	682	7	200	3927	0	1								
83	1	630	1631	0	672	8	191	3828	3	1								
84	1	621	1607	0	626	6	187	3898	2	1								
85	1	607	1592	1	720	8	202	3832	0	0								
86	1	635	1499	0	690	9	197	3810	0	0								
87	1	596	1564	0	692	9	208	3950	0	1								
88	1	615	1644	0	677	7	197	3838	0	2								
89	1	683	1554	0	666	4	186	3770	0	0								
90	1	585	1561	0	702	6	181	3918	0	0								
91	1	598	1626	0	663	8	181	3826	1	0								
92	1	568	1577	1	732	9	206	3840	1	2								
93	1	579	1621	0	720	5	224	3866	0	0								
94	1	628	1480	0	691	6	209	3865	0	0								
95	1	630	1587	0	709	8	166	3839	3	0								
96	1	628	1568	0	727	3	178	3784	2	0								
97	1	621	1570	1	674	8	229	3784	0	0								
98	1	590	1566	0	647	3	192	3841	0	0								
99	1	613	1546	0	681	10	180	3910	0	1								
100	1	621	1589	0	670	8	194	3746	3	0								
101	1	619	1549	0	679	11	168	3829	0	1								
102	1	607	1520	0	701	9	200	3831	0	0								
103	1	617	1579	0	695	7	206	3864	1	0								
104	1	615	1523	0	668	5	199	3807	0	0								
105	1	580	1573	0	643	6	202	3865	1	0								
106	1	586	1545	0	729	5	175	3849	0	0								
107	1	644	1562	0	702	5	199	3840	0	1								
108	1	617	1525	0	665	6	196	3892	1	0								
109	1	650	1588	0	656	7	189	3846	0	1								
110	1	634	1613	0	669	7	227	3803	0	0								
111	1	636	1548	0	681	7	198	3808	0	0								
112	1	571	1575	0	700	4	210	3855	2	0								
113	1	624	1532	0	703	8	175	3858	2	2								
114	1	604	1587	0	658	8	200	3822	0	0								
115	1	624	1583	0	691	10	236	3906	1	1								
116	1	620	1553	0	645	11	206	3897	0	2								
117	1	611	1519	0	657	6	207	3846	0	0								
118	1	637	1606	0	649	5	188	3796	0	0								
119	1	602	1406	0	659	7	185	3874	0	1								
120	1	568	1526	0	630	6	179	3871	0	0								
121	1	614	1577	0	700	6	215	3907	2	1								
122	1	593	1533	1	707	13	206	3854	0	1								
123	1	625	1508	0	643	10	208	3829	0	1								
124	1	636	1564	0	693	6	199	3811	1	0								
125	1	627	1531	1	699	5	181	3998	1	0								
126	1	622	1607	0	652	7	192	3799	1	0								
127	1	623	1567	2	691	2	193	3809	0	0								
128	1	628	1518	0	657	5	176	3861	1	0								
129	1	573	1569	0	675	5	166	3911	0	0								
130	1	616	1571	0	660	4	214	3854	0	0								
131	1	591	1554	0	671	6	175	3838	0	1								
132	1	576	1504	0	706	6	187	3854	1	1								
133	1	619	1561	0	673	6	192	3863	2	0								
134	1	606	1593	1	684	5	190	3816	1	0								
135	1	579	1523	0	673	6	188	3818	1	1								
136	1	626	1503	0	705	11	179	3957	0	0								
137	1	584	1635	0	700	0	197	3833	1	0								
138	1	608	1623	0	665	4	197	3780	0	1								
139	1	618	1533	0	666	10	187	3856	1	0								
140	1	575	1567	0	722	9	194	3821	2	0								
141	1	561	1569	0	732	6	201	3836	0	1								
142	1	620	1491	0	665	4	218	3875	1	0								
143	1	554	1541	1	728	9	192	3942	0	3								
144	1	609	1528	0	659	8	197	3857	2	0								
145	1	559	1512	0	644	9	196	3842	0	0								
146	1	626	1477	0	707	6	189	3923	0	1								
147	1	608	1547	0	694	10	209	3840	2	1								
148	1	646	1597	0	698	14	180	3934	1	0								
149	1	579	1575	0	668	10	196	3868	0	1								
150	1	594	1568	0	719	4	216	3919	2	0								
151	1	574	1603	0	669	6	196	3926	1	1								
152	1	558	1506	0	668	6	199	3901	1	1								
153	1	628	1604	0	689	6	226	3881	2	0								
154	1	548	1567	0	664	11	168	3899	2	2								
155	1	582	1600	0	657	8	204	3936	1	1								
156	1	592	1501	0	709	4	188	3923	1	0								
157	1	597	1600	0	658	3	181	3931	0	2								
158	1	581	1521	0	680	8	190	3821	1	0								
159	1	593	1541	0	672	7	197	3867	2	1								
160	1	551	1475	0	699	3	204	3863	0	0								
161	1	597	1555	0	710	5	213	3830	0	1								
162	1	607	1507	0	656	7	199	3885	1	0								
163	1	567	1549	0	674	11	199	3827	2	0								
164	1	609	1496	0	705	9	194	3903	1	0								
165	1	582	1490	0	690	3	200	3902	0	0								
166	1	601	1603	0	737	8	221	3903	2	2								
167	1	607	1508	0	728	2	169	3777	2	0								
168	1	569	1585	0	673	7	199	3897	2	0								
169	1	628	1471	0	668	9	198	3917	0	1								
170	1	591	1513	0	732	4	185	3966	1	0								
171	1	573	1548	0	685	3	203	3907	2	0								
172	1	550	1505	0	702	7	204	3923	0	2								
173	1	593	1568	0	710	4	188	3976	0	1								
174	1	606	1455	1	680	8	203	3931	2	1								
175	1	571	1491	0	682	4	174	3916	1	0								
176	1	564	1571	0	647	2	204	3832	2	0								
177	1	566	1526	1	660	3	171	3946	2	1								
178	1	558	1499	0	695	3	216	3892	1	1								
179	1	565	1523	0	736	10	200	3968	0	0								
180	1	533	1485	1	683	4	193	4059	0	0								
181	1	580	1539	0	706	11	189	3889	0	3								
182	1	574	1541	0	683	6	194	3976	2	1								
183	1	584	1635	0	693	5	169	3842	0	1								
184	1	577	1525	0	702	9	197	3878	1	0								
185	1	593	1500	2	651	4	180	3948	0	0								
186	1	562	1475	0	669	12	194	3861	1	2								
187	1	584	1479	0	679	6	166	3867	2	1								
188	1	556	1478	0	677	6	201	3856	0	1								
189	1	549	1497	0	693	5	200	3993	2	0								
190	1	547	1468	0	686	6	202	3848	0	0								
191	1	603	1529	0	690	3	203	3845	0	0								
192	1	576	1559	0	713	7	203	4031	1	0								
193	1	550	1464	0	708	6	187	3792	0	0								
194	1	550	1470	0	692	6	179	3979	1	1								
195	1	527	1505	1	699	8	191	3819	1	1								
196	1	541	1455	1	704	4	203	4150	3	0								
197	1	560	1521	0	697	7	185	3848	1	2								
198	1	516	1494	0	740	2	180	3862	0	0								
199	1	535	1512	0	708	11	199	3899	0	1								
200	1	530	1475	0	704	8	209	3899	1	1								
201	1	526	1417	2	693	5	203	3870	1	0								
202	1	533	1448	0	709	5	184	3940	1	0								
203	1	560	1435	0	726	6	186	3980	1	1								
204	1	553	1445	0	671	5	215	3896	1	0								
205	1	572	1481	0	649	10	179	3987	1	2								
206	1	525	1467	0	689	4	204	3891	1	0								
207	1	572	1449	0	660	6	212	3988	1	2								
208	1	547	1467	0	695	6	190	3935	2	1								
209	1	509	1415	0	689	11	209	4106	0	1								
210	1	588	1470	0	749	5	199	4031	1	1								
211	1	537	1494	0	721	5	199	3993	0	0								
212	1	545	1478	0	678	5	215	4040	0	1								
213	1	503	1499	0	698	9	186	3909	1	0								
214	1	548	1451	0	691	8	205	4026	1	0								
215	1	537	1438	0	679	7	195	4056	0	0								
216	1	544	1459	0	732	4	198	4153	0	3								
217	1	509	1440	0	692	11	173	4007	1	0								
218	1	538	1496	0	711	5	195	4009	2	1								
219	1	509	1442	1	706	9	202	4105	0	2								
220	1	516	1456	0	729	9	197	3977	1	2								
221	1	526	1488	0	696	8	197	4019	0	1								
222	1	494	1499	0	674	4	201	4043	0	0								
223	1	486	1443	0	763	5	198	4034	0	2								
224	1	506	1425	1	787	7	225	4097	0	2								
225	1	463	1402	1	699	5	213	4017	0	1								
226	1	527	1481	0	681	2	213	4021	2	2								
227	1	522	1389	0	727	7	224	4108	0	0								
228	1	500	1404	0	690	2	195	3940	0	2								
229	1	469	1408	0	682	1	205	4092	0	2								
230	1	473	1376	0	708	5	212	4138	1	1								
231	1	471	1389	0	685	11	201	4035	1	1								
232	1	514	1454	0	754	7	243	3995	2	0								
233	1	466	1422	0	735	6	183	4083	0	1								
234	1	485	1377	0	712	6	196	4036	1	1								
235	1	455	1343	0	671	6	209	4053	0	1								
236	1	469	1345	0	717	6	211	4201	0	1								
237	1	472	1347	1	705	7	185	4195	0	0								
238	1	484	1309	0	689	6	203	4323	1	0								
239	1	436	1353	1	717	9	191	4220	2	0								
240	1	432	1370	0	730	5	194	4225	2	1								
241	1	493	1333	0	690	3	215	4434	3	2								
242	1	478	1331	0	750	4	218	4356	1	1								
243	1	491	1348	1	702	9	213	4415	2	1								
244	1	437	1360	0	756	7	202	4455	1	1								
245	1	472	1257	0	776	2	246	4407	1	3								
246	1	444	1305	0	728	8	210	4451	1	0								
247	1	464	1309	0	774	8	235	4665	0	0								
248	1	431	1228	0	817	7	227	4632	0	2								
249	1	428	1264	0	798	7	232	4942	0	2								
250	1	518	1212	0	772	5	215	4792	0	0								
251	1	419	1215	0	737	5	221	4893	1	2								
252	1	433	1215	0	792	6	279	4905	1	1								
253	1	430	1192	0	756	7	238	5050	1	1								
254	1	419	1136	0	783	7	256	4974	3	0								
255	1	424	1135	0	806	7	237	5285	0	0								
256	1	428	1056	0	843	9	255	5214	0	5								
257	1	379	1049	0	840	3	270	5322	2	1								
258	1	372	1053	1	844	2	262	5559	1	2								
259	1	354	908	0	833	5	265	5485	2	1								
260	1	328	909	0	828	3	284	5747	2	1								
261	1	310	937	0	821	3	290	5869	1	0								
262	1	284	868	0	774	3	327	6030	2	1								
263	1	249	866	0	792	1	323	6036	1	4								
264	1	241	809	1	750	2	322	6341	2	2								
265	1	174	742	0	771	1	299	6608	2	1								
266	1	159	639	0	709	0	337	6640	7	1								
267	1	98	612	0	690	1	295	6839	0	2								
268	1	102	561	0	639	1	318	6980	2	2								
269	1	78	430	0	563	0	307	7150	5	1								
270	1	27	380	0	521	0	270	7167	3	3								
271	1	21	317	0	432	0	284	6987	2	8								
272	1	21	225	0	403	0	244	7106	1	7								
273	1	13	156	0	389	0	181	6719	0	6								
274	1	11	134	0	298	0	120	6101	4	2								
275	1	8	92	0	299	0	115	5300	3	5								
276	1	8	65	0	272	0	85	4426	4	8								
277	1	5	51	0	251	0	66	3417	3	8								
278	1	5	39	0	192	0	36	2368	9	5								
279	1	3	38	0	174	0	21	1705	4	5								
280	1	4	42	0	137	0	8	1052	7	9								
281	1	3	33	0	91	0	6	629	3	1								
282	1	2	43	0	50	0	6	373	5	3								
283	1	3	20	0	31	0	6	241	5	2								
284	1	2	30	0	29	0	3	169	1	2								
285	1	2	35	0	21	0	2	155	0	0								
286	1	4	31	0	13	0	1	129	1	0								
287	1	3	33	0	16	0	1	125	0	0								
288	1	2	39	0	12	0	1	152	0	0								
289	1	5	32	0	15	0	6	130	0	0								
290	1	4	43	0	9	0	2	150	0	0								
291	1	2	26	0	16	0	1	128	0	0								
292	1	7	29	0	14	0	1	154	0	0								
293	1	3	27	0	12	0	2	145	0	0								
294	1	3	20	0	13	0	3	153	0	0								
295	1	5	32	0	14	0	3	142	0	0								
296	1	3	27	0	16	0	4	135	0	0								
297	1	6	35	0	11	0	2	130	0	0								
298	1	2	35	0	14	0	2	127	0	0								
299	1	3	28	0	11	0	3	135	0	0								
300	1	6	36	0	11	0	2	122	0	0								
301	1	8	32	0	12	0	5	132	0	0								
302	1	4	29	0	14	0	2	109	0	0								
303	1	2	25	0	16	0	2	104	0	0								
304	1	4	30	0	19	0	3	140	0	0								
305	1	3	29	0	13	0	1	103	0	1								
306	1	0	39	0	11	0	0	136	0	0								
307	1	4	30	0	16	0	2	115	0	0								
308	1	3	25	0	21	0	2	136	0	0								
309	1	3	36	0	7	0	5	120	0	0								
310	1	1	35	0	18	0	1	132	0	0								
311	1	2	31	0	8	0	3	119	0	0								
312	1	5	28	0	8	0	1	109	0	0								
313	1	8	31	0	13	0	0	112	0	0								
314	1	2	27	0	9	0	2	110	0	0								
315	1	3	31	0	14	1	1	109	0	0								
316	1	4	33	0	13	0	1	110	0	0								
317	1	5	28	0	8	0	4	100	0	0								
318	1	1	20	0	14	0	2	120	0	0								
319	1	1	30	0	16	0	3	111	0	0								
320	1	6	31	0	7	0	2	115	0	0								
321	1	5	33	0	11	0	0	116	0	0								
322	1	7	25	0	8	0	5	126	0	0								
323	1	3	17	0	10	0	3	120	0	0								
324	1	4	35	0	11	0	1	109	0	0								
325	1	3	24	0	13	0	4	127	0	0								
326	1	5	28	0	9	0	1	110	0	0								
327	1	0	22	0	16	0	2	91	0	0								
328	1	2	24	0	10	0	1	129	0	0								
329	1	3	23	0	9	0	3	110	0	0								
330	1	5	28	0	7	0	4	117	0	0								
331	1	2	27	0	6	0	2	118	0	0								
332	1	3	25	0	10	0	4	103	0	0								
333	1	4	27	0	12	0	2	95	0	0								
334	1	4	24	0	12	0	3	107	0	0								
335	1	4	30	0	7	0	1	108	0	0								
336	1	3	28	0	9	0	1	113	0	0								
337	1	1	25	0	9	0	1	99	0	0								
338	1	5	27	0	12	0	2	92	0	0								
339	1	3	20	0	8	0	2	101	0	0								
340	1	1	21	0	10	0	2	97	0	0								
341	1	1	18	0	12	0	3	104	0	0								
342	1	1	29	0	12	0	1	99	0	0								
343	1	5	24	0	12	0	1	95	0	0								
344	1	4	24	0	9	0	6	107	0	0								
345	1	1	29	0	11	0	3	101	0	0								
346	1	5	24	0	7	0	6	98	0	0								
347	1	5	25	0	7	0	1	81	0	0								
348	1	2	27	0	8	0	1	80	0	0								
349	1	1	32	0	6	0	3	100	0	0								
350	1	3	23	0	10	0	4	110	0	0								
351	1	2	24	0	9	0	2	86	0	0								
352	1	1	26	0	10	0	2	86	0	0								
353	1	2	23	0	8	0	0	111	0	0								
354	1	4	20	0	13	0	0	86	0	0								
355	1	3	17	0	9	0	1	112	0	0								
356	1	2	19	0	9	0	3	87	0	0								
357	1	1	19	0	4	0	0	79	0	0								
358	1	4	31	0	8	0	0	102	0	0								
359	1	6	28	0	8	0	3	85	0	0								
360	1	6	18	0	9	0	0	90	0	0								
361	1	1	18	0	9	0	3	102	0	0								
362	1	3	21	0	7	0	2	76	0	0								
363	1	3	18	0	7	0	3	82	0	0								
364	1	4	19	0	7	0	2	78	0	0								
365	1	2	21	0	3	0	2	87	0	0								
366	1	2	17	0	8	0	3	73	0	0								
367	1	3	22	0	3	0	4	81	0	0								
368	1	4	11	0	9	0	0	81	0	0								
369	1	2	26	0	6	0	0	84	0	0								
370	1	4	18	0	8	0	2	86	0	0								
371	1	2	20	0	3	0	2	83	0	0								
372	1	3	24	0	8	0	2	89	0	0								
373	1	2	17	0	6	0	3	91	0	0								
374	1	1	14	0	11	0	2	76	0	0								
375	1	0	16	0	8	0	1	85	0	0								
376	1	4	15	0	4	0	2	93	0	0								
377	1	3	15	0	6	0	2	82	0	0								
378	1	1	13	0	8	0	0	78	0	0								
379	1	3	21	0	6	0	5	82	0	0								
380	1	4	13	0	7	0	1	69	0	0								
381	1	2	14	0	4	0	2	80	0	0								
382	1	8	26	0	3	0	2	60	0	0								
383	1	3	20	0	8	0	0	69	0	0								
384	1	2	29	0	7	0	1	66	0	0								
385	1	2	19	0	10	0	2	67	0	0								
386	1	3	20	0	7	0	4	59	0	0								
387	1	4	21	0	9	0	1	74	0	0								
388	1	2	11	0	8	0	0	79	0	0								
389	1	3	13	0	9	0	1	77	0	0								
390	1	3	17	0	8	0	2	73	0	0								
391	1	5	19	0	5	0	4	78	0	0								
392	1	2	21	0	7	0	2	65	0	0								
393	1	5	23	0	7	0	1	67	0	0								
394	1	3	12	0	8	0	3	70	0	0								
395	1	1	23	0	6	0	3	76	0	0								
396	1	5	7	0	12	0	0	53	0	0								
397	1	2	23	0	6	0	0	73	0	0								
398	1	2	25	0	6	0	1	67	0	0								
399	1	4	13	0	6	0	0	74	0	0								
400	1	2	18	0	8	0	0	68	0	0								
401	0	0	0	0	0	0	0	0	0	0								
SUM	==>	152778	402208	42	191075	1670	55851	1143931	291	249								
