10000000
300
ZONE	MED	LOSS(MEV)	(MEV)	EXCITATION	PI0	(MEV)	PI+	K+	MU-	MU+	PROT	DEUT	TRIT	HE3	ALPH	ELSC	INEL	FISS
1	1	4502260	635,744	23,67	1	9,81	0	0	0	0	4741	971	245	597	2906	3542	11239	0
2	1	4549280	625,827	8,675	0	0	0	0	0	0	6377	1155	275	646	2703	3563	10945	0
3	1	4581150	624,008	39,61	0	0	0	0	0	0	7057	1168	289	610	2882	3599	11187	0
4	1	4612210	654,528	22,99	1	17,52	0	0	0	0	7923	1176	286	672	2772	3738	11350	0
5	1	4638640	663,579	21,39	3	22,12	0	0	0	0	8207	1215	302	655	2876	3704	11499	0
6	1	4659880	647,65	11,28	3	43,23	0	0	0	0	8738	1200	297	643	2749	3785	11500	0
7	1	4683470	691,083	12,65	1	22,8	0	0	0	0	9287	1324	332	646	2830	3963	11712	0
8	1	4703530	693,226	5,703	4	52,49	0	0	0	0	9331	1217	313	630	2997	3976	11776	0
9	1	4725080	679,363	23,81	1	11,29	0	0	0	0	9729	1264	323	696	2833	4043	11608	0
10	1	4739040	694,887	9,091	0	0	0	0	0	0	9948	1199	323	570	2810	4054	11636	0
11	1	4756730	711,741	4,574	0	0	0	0	0	0	10151	1207	335	649	2741	4074	11708	0
12	1	4774920	712,937	8,811	3	40,69	0	0	0	0	10387	1309	339	638	2859	4149	11800	0
13	1	4791460	668,88	0	1	13,24	0	0	0	0	10643	1229	319	701	2982	4090	11835	0
14	1	4805430	707,118	16,06	1	26,49	0	0	0	0	10917	1200	294	610	2838	4208	11857	0
15	1	4823550	707,619	5,196	4	46,74	0	0	0	0	11240	1240	288	689	2895	4217	11967	0
16	1	4837010	747,523	18,09	2	11,05	0	0	0	0	11212	1244	328	639	2936	4325	12056	0
17	1	4847200	721,876	12,37	0	0	0	0	0	0	11184	1256	314	657	2822	4326	11926	0
18	1	4867810	729,554	25,05	2	16,47	0	0	0	0	11512	1272	302	691	2912	4345	12215	0
19	1	4879570	746,809	35,91	0	0	0	0	0	0	11684	1252	344	653	2892	4478	12172	0
20	1	4892910	744,604	12,19	0	0	0	0	0	0	11914	1321	327	709	2910	4586	12187	0
21	1	4910400	734,936	14,85	0	0	0	0	0	0	12044	1298	329	689	3026	4594	12233	0
22	1	4921900	761,39	31,28	0	0	0	0	0	0	12229	1279	318	680	3122	4580	12373	0
23	1	4932490	750,152	29,24	0	0	0	0	0	0	12430	1255	340	672	2960	4470	12381	0
24	1	4946580	747,114	17,01	0	0	0	0	0	0	12393	1249	339	755	2895	4499	12277	0
25	1	4959020	767,218	23,28	2	31,44	0	0	0	0	12624	1233	304	666	3082	4682	12458	0
26	1	4971760	785,613	14,01	0	0	0	0	0	0	12742	1290	299	628	2869	4692	12305	0
27	1	4985180	793,104	15,06	0	0	0	0	0	0	12768	1350	284	678	2985	4753	12307	0
28	1	4997800	768,652	17,78	3	34,13	0	0	0	0	12989	1289	297	676	2915	4609	12413	0
29	1	5008840	800,686	28,7	2	5,834	0	0	0	0	13178	1228	315	646	3001	4714	12317	0
30	1	5019500	785,629	13,77	0	0	0	0	0	0	13137	1285	294	605	2982	4769	12447	0
31	1	5034830	770,392	67,04	0	0	0	0	0	0	13497	1301	296	653	3057	4779	12605	0
32	1	5045760	811,395	26,73	2	21,25	0	0	0	0	13451	1199	310	678	3032	4967	12335	0
33	1	5057340	812,794	25,81	0	0	0	0	0	0	13535	1326	342	643	2952	4921	12450	0
34	1	5068710	804,06	17,12	0	0	0	0	0	0	13629	1308	327	695	3099	5012	12642	0
35	1	5080910	822,74	46,8	0	0	0	0	0	0	13843	1244	334	636	3023	4899	12711	0
36	1	5089300	821,855	42,11	0	0	0	0	0	0	13671	1212	329	640	2926	5032	12475	0
37	1	5102720	799,342	42,26	0	0	0	0	0	0	13867	1262	331	671	3074	5058	12585	0
38	1	5112180	825,913	26,33	1	19,02	0	0	0	0	13946	1243	300	661	3021	5111	12716	0
39	1	5124950	830,026	29,91	0	0	0	0	0	0	14088	1290	306	642	3091	5193	12576	0
40	1	5138550	827,983	9,485	0	0	0	0	0	0	14297	1310	337	656	3147	5156	12744	0
41	1	5145200	821,646	35,07	0	0	0	0	0	0	14371	1276	282	663	2920	5124	12754	0
42	1	5158860	843,873	38,15	0	0	0	0	0	0	14431	1280	313	659	3043	5205	12887	0
43	1	5166840	830,693	35,89	0	0	0	0	0	0	14697	1279	319	657	3063	5193	12613	0
44	1	5179070	828,735	20,57	0	0	0	0	0	0	14447	1319	324	708	3086	5252	12925	0
45	1	5188650	855,328	54,65	0	0	0	0	0	0	14818	1207	295	622	3083	5279	12769	0
46	1	5198700	851,748	14,04	0	0	0	0	0	0	14739	1298	344	654	3099	5295	12856	0
47	1	5212040	858,447	10,51	0	0	0	0	0	0	15049	1290	317	664	3296	5376	12941	0
48	1	5219360	859,809	20,25	0	0	0	0	0	0	14882	1251	297	672	2945	5465	12728	0
49	1	5227910	863,555	20,54	0	0	0	0	0	0	15091	1251	309	655	3019	5393	12874	0
50	1	5236250	860,193	34,62	0	0	0	0	0	0	14882	1267	335	684	2977	5421	12826	0
51	1	5249070	876,432	5,797	0	0	0	0	0	0	15166	1259	334	668	3088	5420	12926	0
52	1	5257210	880,125	0	0	0	0	0	0	0	15054	1266	334	651	3043	5500	12843	0
53	1	5267340	884,244	18,02	1	2,155	0	0	0	0	15150	1262	319	662	3039	5560	12852	0
54	1	5273810	902,04	59,15	0	0	0	0	0	0	15289	1239	317	598	3045	5653	12810	0
55	1	5285030	885,358	11,61	0	0	0	0	0	0	15469	1257	326	696	3009	5534	12910	0
56	1	5297600	877,953	8,093	0	0	0	0	0	0	15484	1273	351	664	3111	5562	13057	0
57	1	5308790	893,323	4,475	0	0	0	0	0	0	15652	1331	301	631	3145	5519	13098	0
58	1	5316790	895,372	26,78	0	0	0	0	0	0	15505	1269	303	684	3091	5617	13074	0
59	1	5329540	868,064	17,39	0	0	0	0	0	0	15649	1312	301	672	3248	5534	13142	0
60	1	5334910	902,952	40,05	0	0	0	0	0	0	15661	1241	336	704	3058	5665	12862	0
61	1	5342070	891,028	16,65	0	0	0	0	0	0	15794	1309	327	652	3141	5764	12969	0
62	1	5352780	914,524	10,89	0	0	0	0	0	0	15874	1243	321	669	3104	5799	13172	0
63	1	5359300	888,918	13,08	1	5,008	0	0	0	0	15959	1279	298	642	2936	5632	12987	0
64	1	5366110	867,901	22,93	0	0	0	0	0	0	15761	1243	292	617	3175	5717	12972	0
65	1	5378980	913,298	6,157	0	0	0	0	0	0	15897	1286	318	621	3138	5831	13179	0
66	1	5390350	915,966	22,61	0	0	0	0	0	0	16025	1219	325	697	3140	5894	13247	0
67	1	5398530	925,712	17,58	0	0	0	0	0	0	16140	1353	326	619	3095	5882	13072	0
68	1	5409270	878,152	4,824	0	0	0	0	0	0	16351	1327	333	656	3096	5777	13124	0
69	1	5422350	934,939	36,67	0	0	0	0	0	0	16411	1334	319	672	3159	5887	13356	0
70	1	5429720	933,199	11,55	0	0	0	0	0	0	16513	1309	325	651	3151	5953	13385	0
71	1	5439700	928,611	18,3	0	0	0	0	0	0	16595	1341	312	662	3164	6014	13485	0
72	1	5446230	899,631	15,23	0	0	0	0	0	0	16362	1260	334	690	3165	5975	13105	0
73	1	5454890	930,439	31,3	0	0	0	0	0	0	16477	1292	288	686	3143	5985	13211	0
74	1	5463900	968,001	41,45	0	0	0	0	0	0	16650	1232	327	633	2938	6218	13268	0
75	1	5474280	943,024	20,09	0	0	0	0	0	0	16735	1281	317	644	3079	6097	13285	0
76	1	5481960	961,03	15,94	0	0	0	0	0	0	16752	1253	319	638	3160	6203	13310	0
77	1	5490440	947,738	22,8	0	0	0	0	0	0	16893	1289	314	654	3131	6089	13172	0
78	1	5497960	938,036	19,52	0	0	0	0	0	0	16702	1184	307	657	3200	6155	13330	0
79	1	5512900	959,31	25,06	0	0	0	0	0	0	17093	1307	347	692	3256	6188	13329	0
80	1	5518340	943,806	11,43	0	0	0	0	0	0	16947	1283	298	679	3109	6153	13356	0
81	1	5525270	965,18	12,41	0	0	0	0	0	0	16758	1209	320	677	3170	6183	13460	0
82	1	5540400	975	12	0	0	0	0	0	0	17186	1291	318	639	3213	6326	13478	0
83	1	5548350	967,906	21,72	0	0	0	0	0	0	17339	1280	296	660	3150	6216	13423	0
84	1	5553950	996,349	27,01	0	0	0	0	0	0	17400	1385	312	672	3071	6371	13458	0
85	1	5559500	971,305	29,3	0	0	0	0	0	0	17206	1237	323	661	3003	6309	13223	0
86	1	5570840	1004	16,32	0	0	0	0	0	0	17372	1212	295	633	3238	6397	13454	0
87	1	5578160	963,664	30,24	0	0	0	0	0	0	17259	1262	305	586	3169	6364	13230	0
88	1	5589580	955,721	42,61	0	0	0	0	0	0	17531	1288	313	689	3110	6319	13381	0
89	1	5593690	960,757	46,76	0	0	0	0	0	0	17357	1235	336	650	3166	6385	13324	0
90	1	5599010	983,685	14,11	0	0	0	0	0	0	17436	1202	286	644	3047	6435	13127	0
91	1	5611400	987,743	28,01	0	0	0	0	0	0	17483	1258	340	631	3148	6504	13626	0
92	1	5621020	998,021	33,18	0	0	0	0	0	0	17394	1301	281	646	3137	6532	13619	0
93	1	5632000	1005,11	34,3	0	0	0	0	0	0	17873	1239	347	624	3177	6534	13470	0
94	1	5636760	1005,31	31,85	0	0	0	0	0	0	17637	1274	328	609	3194	6492	13334	0
95	1	5644990	1043,94	47,74	0	0	0	0	0	0	17470	1249	283	664	3061	6720	13373	0
96	1	5657160	1005,88	40,36	0	0	0	0	0	0	17685	1342	286	644	3203	6544	13537	0
97	1	5665700	989,805	22,86	0	0	0	0	0	0	17969	1266	299	670	3194	6610	13498	0
98	1	5671850	1009,22	8,052	0	0	0	0	0	0	17808	1239	318	649	3156	6650	13593	0
99	1	5682500	1025,66	37,13	0	0	0	0	0	0	17971	1292	303	655	3135	6756	13517	0
100	1	5690670	1048,77	38,24	0	0	0	0	0	0	18018	1259	318	601	3174	6839	13514	0
101	1	5696510	1020,91	52,78	0	0	0	0	0	0	18094	1188	301	602	3037	6817	13314	0
102	1	5702920	1046,2	11,04	0	0	0	0	0	0	17894	1250	338	651	3205	6701	13573	0
103	1	5712330	1010,44	24,09	0	0	0	0	0	0	17977	1235	301	636	3049	6678	13509	0
104	1	5721620	1033,88	26,43	0	0	0	0	0	0	18104	1215	280	652	3110	6950	13434	0
105	1	5722840	1029,13	35,37	0	0	0	0	0	0	17816	1196	267	661	2987	6904	13197	0
106	1	5736100	1038,72	3,471	0	0	0	0	0	0	17998	1296	308	667	3114	6949	13523	0
107	1	5747770	1046,85	21,98	0	0	0	0	0	0	18251	1319	319	645	3150	7043	13400	0
108	1	5753410	1075,8	23,7	0	0	0	0	0	0	18258	1265	314	651	3135	6996	13550	0
109	1	5760110	1067,52	13,04	0	0	0	0	0	0	18284	1240	329	628	3153	7175	13428	0
110	1	5771280	1058,32	26,55	0	0	0	0	0	0	18174	1287	313	644	3227	6974	13465	0
111	1	5778210	1037,19	14,53	0	0	0	0	0	0	18179	1258	329	647	3150	6980	13633	0
112	1	5786550	1036,49	52,97	0	0	0	0	0	0	18379	1298	271	642	3220	7058	13599	0
113	1	5788450	1065,42	18,63	0	0	0	0	0	0	18285	1249	293	598	3051	7134	13281	0
114	1	5799290	1086,28	64,39	0	0	0	0	0	0	18352	1185	297	661	3245	7243	13428	0
115	1	5805180	1060,97	34,53	0	0	0	0	0	0	18436	1157	319	658	3186	7284	13368	0
116	1	5809970	1054,76	23,07	0	0	0	0	0	0	18219	1194	278	584	3120	7226	13318	0
117	1	5822220	1101,49	41,89	0	0	0	0	0	0	18476	1196	305	641	3330	7410	13544	0
118	1	5826590	1095,46	20,9	0	0	0	0	0	0	18705	1192	299	603	3006	7356	13430	0
119	1	5835180	1119,86	36,67	0	0	0	0	0	0	18545	1226	309	621	3118	7430	13442	0
120	1	5843950	1114,32	38,19	0	0	0	0	0	0	18548	1278	289	661	3181	7579	13386	0
121	1	5850890	1136,42	0	0	0	0	0	0	0	18552	1257	328	604	3111	7680	13541	0
122	1	5858360	1104,88	20,74	0	0	0	0	0	0	18491	1215	323	616	3072	7506	13246	0
123	1	5865070	1126,48	8,807	0	0	0	0	0	0	18617	1251	306	612	2994	7697	13269	0
124	1	5877800	1166,85	6,616	0	0	0	0	0	0	18784	1179	313	651	3095	7821	13378	0
125	1	5882650	1121,36	15,45	0	0	0	0	0	0	18724	1284	302	622	2975	7646	13400	0
126	1	5892540	1127,18	2,797	0	0	0	0	0	0	18528	1253	295	627	3181	7745	13529	0
127	1	5900480	1118,98	18,87	0	0	0	0	0	0	18807	1176	295	642	3089	7740	13293	0
128	1	5907700	1170,77	40,89	0	0	0	0	0	0	18607	1233	265	603	3119	7884	13246	0
129	1	5918770	1165,59	60,8	0	0	0	0	0	0	18694	1295	299	630	3138	7930	13387	0
130	1	5928550	1146,17	16,01	0	0	0	0	0	0	19035	1233	289	619	3120	7853	13522	0
131	1	5939220	1188,62	3,083	0	0	0	0	0	0	19015	1326	300	647	3276	7988	13604	0
132	1	5947430	1175,43	9,208	0	0	0	0	0	0	18970	1289	269	629	3223	7911	13629	0
133	1	5960230	1155,64	52,7	0	0	0	0	0	0	19156	1247	299	659	3108	7977	13788	0
134	1	5968050	1134,19	8,913	0	0	0	0	0	0	19033	1273	327	601	3166	7776	13578	0
135	1	5978210	1174,55	1,322	0	0	0	0	0	0	19253	1246	306	610	3086	8111	13745	0
136	1	5985710	1165,63	33,57	0	0	0	0	0	0	19343	1204	316	621	3204	8040	13631	0
137	1	5992310	1195,33	27,27	0	0	0	0	0	0	19233	1216	293	595	3218	8131	13488	0
138	1	5997360	1194,54	22,67	0	0	0	0	0	0	19243	1198	287	564	3269	8137	13560	0
139	1	6008050	1165,46	2,904	0	0	0	0	0	0	19361	1194	293	657	3113	8160	13565	0
140	1	6014760	1209,95	45,94	0	0	0	0	0	0	19192	1178	276	620	3207	8382	13473	0
141	1	6022230	1200,43	44,66	0	0	0	0	0	0	19381	1262	305	650	3286	8269	13701	0
142	1	6027460	1191,22	13,4	0	0	0	0	0	0	19288	1222	317	631	3113	8288	13407	0
143	1	6036280	1169,41	13,65	0	0	0	0	0	0	19139	1185	301	615	3201	8402	13628	0
144	1	6041320	1219	8,912	0	0	0	0	0	0	19405	1199	316	661	2980	8523	13303	0
145	1	6051220	1252,4	26,74	0	0	0	0	0	0	19570	1247	320	647	3176	8662	13668	0
146	1	6057380	1220,27	26,66	0	0	0	0	0	0	19394	1234	322	659	3187	8536	13594	0
147	1	6063680	1198,33	10,34	0	0	0	0	0	0	19490	1213	292	606	3186	8343	13612	0
148	1	6070160	1237,72	34,73	0	0	0	0	0	0	19693	1200	304	606	3184	8708	13499	0
149	1	6075320	1225,98	61,74	0	0	0	0	0	0	19603	1196	286	619	3072	8554	13355	0
150	1	6086590	1224,77	11,21	0	0	0	0	0	0	19687	1239	264	658	3227	8562	13684	0
151	1	6093240	1264,64	24,13	0	0	0	0	0	0	19414	1189	272	654	3023	8901	13557	0
152	1	6111510	1249,9	15,07	0	0	0	0	0	0	19952	1220	319	649	3149	8757	13726	0
153	1	6128150	1240,55	7,411	0	0	0	0	0	0	19763	1228	314	627	3155	8868	13607	0
154	1	6148950	1258,31	35,63	0	0	0	0	0	0	19721	1204	292	605	3068	8923	13453	0
155	1	6173750	1275,21	32,62	0	0	0	0	0	0	19881	1249	298	624	3133	8957	13615	0
156	1	6196610	1280,05	16,86	0	0	0	0	0	0	19717	1208	275	626	3254	9073	13550	0
157	1	6214930	1281,87	31,03	0	0	0	0	0	0	20095	1187	311	607	3102	8978	13565	0
158	1	6229590	1305,31	15,38	0	0	0	0	0	0	19645	1163	278	593	2984	9248	13404	0
159	1	6247410	1274,46	5,587	0	0	0	0	0	0	19752	1175	299	646	3167	8959	13594	0
160	1	6260350	1323,37	25,79	0	0	0	0	0	0	19953	1173	286	591	3106	9318	13392	0
161	1	6272360	1321,05	7,586	0	0	0	0	0	0	19989	1154	317	595	3025	9252	13289	0
162	1	6286290	1314,61	40,01	0	0	0	0	0	0	19888	1188	311	612	3105	9275	13525	0
163	1	6299380	1288,55	37,07	0	0	0	0	0	0	19959	1175	284	619	3089	9332	13556	0
164	1	6317050	1332,72	45,27	0	0	0	0	0	0	20246	1255	291	610	3394	9550	13772	0
165	1	6321530	1337,49	45,64	0	0	0	0	0	0	19899	1201	310	606	3107	9635	13490	0
166	1	6334010	1391,91	50,48	0	0	0	0	0	0	20155	1227	269	575	3174	9821	13596	0
167	1	6343980	1326,16	52,28	0	0	0	0	0	0	19961	1107	278	603	3010	9618	13444	0
168	1	6356960	1373,7	17,47	0	0	0	0	0	0	19796	1163	297	615	3103	9805	13441	0
169	1	6371940	1371,79	28,48	0	0	0	0	0	0	20249	1117	295	597	3030	9980	13644	0
170	1	6386020	1375,76	31,84	0	0	0	0	0	0	20105	1208	302	605	3117	9737	13435	0
171	1	6401920	1357,1	24,14	0	0	0	0	0	0	20187	1230	301	627	3223	9922	13596	0
172	1	6414250	1422,83	9,197	0	0	0	0	0	0	20210	1239	256	595	3097	10130	13333	0
173	1	6426440	1403,42	36,74	0	0	0	0	0	0	20454	1204	290	559	3082	10190	13471	0
174	1	6442130	1418,76	27,03	0	0	0	0	0	0	20214	1139	267	613	3216	10265	13710	0
175	1	6455650	1446,08	20,26	0	0	0	0	0	0	20661	1165	266	609	3007	10458	13612	0
176	1	6468940	1449,98	5,591	0	0	0	0	0	0	20205	1175	280	622	3268	10389	13573	0
177	1	6483710	1457,56	25,87	0	0	0	0	0	0	20959	1171	265	582	3131	10450	13441	0
178	1	6494470	1459,35	14,55	0	0	0	0	0	0	20270	1205	293	584	3034	10607	13336	0
179	1	6510490	1449,68	37,88	0	0	0	0	0	0	20488	1170	277	639	3062	10669	13553	0
180	1	6520350	1482,34	18,82	0	0	0	0	0	0	20570	1120	249	570	3015	10651	13394	0
181	1	6536580	1478	32,27	0	0	0	0	0	0	20579	1163	254	574	3176	10791	13384	0
182	1	6554410	1490,04	13,7	0	0	0	0	0	0	20675	1181	256	571	3058	10893	13484	0
183	1	6567600	1493,38	21,1	0	0	0	0	0	0	20774	1127	253	573	3018	10828	13434	0
184	1	6585060	1489,02	33,55	0	0	0	0	0	0	20930	1216	278	612	3013	10933	13515	0
185	1	6598050	1475,29	6,984	0	0	0	0	0	0	20605	1199	243	595	3059	10937	13468	0
186	1	6616070	1512,04	9,681	0	0	0	0	0	0	20741	1192	270	619	3049	11155	13487	0
187	1	6631920	1524,26	34,2	0	0	0	0	0	0	21104	1132	280	626	3139	11016	13477	0
188	1	6644050	1560,3	0	0	0	0	0	0	0	20794	1221	261	596	3032	11578	13468	0
189	1	6660490	1579,17	38,96	0	0	0	0	0	0	20639	1172	236	559	3075	11583	13510	0
190	1	6678260	1532,73	31,21	0	0	0	0	0	0	20905	1113	287	621	3056	11391	13521	0
191	1	6693510	1593,45	24,41	0	0	0	0	0	0	21032	1172	275	573	2977	11683	13386	0
192	1	6709760	1540,62	27,14	0	0	0	0	0	0	20755	1131	271	597	3092	11515	13445	0
193	1	6727560	1609,77	12,46	0	0	0	0	0	0	20778	1126	251	615	2972	11867	13352	0
194	1	6744330	1612,64	14,51	0	0	0	0	0	0	21020	1071	269	546	3097	11758	13423	0
195	1	6762020	1618,04	14,52	0	0	0	0	0	0	21184	1096	270	578	3015	11848	13590	0
196	1	6779300	1582,01	29,65	0	0	0	0	0	0	21213	1082	241	547	3083	11797	13442	0
197	1	6796610	1617,29	20,31	0	0	0	0	0	0	20924	1138	262	589	3124	12079	13610	0
198	1	6815650	1597,97	20,01	0	0	0	0	0	0	21213	1111	255	579	3053	12013	13613	0
199	1	6833920	1665,09	23,46	0	0	0	0	0	0	21321	1078	235	584	3095	12314	13437	0
200	1	6848950	1667,9	7,254	0	0	0	0	0	0	21070	1174	280	558	3064	12354	13696	0
201	1	6868140	1657,59	27,81	0	0	0	0	0	0	21274	1177	269	629	2990	12243	13455	0
202	1	6886970	1710,47	46,4	0	0	0	0	0	0	21600	1074	234	617	3060	12674	13740	0
203	1	6905530	1748,7	23,46	0	0	0	0	0	0	21603	1106	225	579	3118	12918	13532	0
204	1	6922380	1724,34	41,78	0	0	0	0	0	0	20962	1120	226	593	3106	12881	13400	0
205	1	6948560	1698,52	28,18	0	0	0	0	0	0	21679	1127	256	584	3056	12795	13781	0
206	1	6970930	1749,38	25,3	0	0	0	0	0	0	21585	1124	229	584	3051	13071	13594	0
207	1	6997770	1740,94	52,85	0	0	0	0	0	0	21624	1062	237	540	3132	13021	13594	0
208	1	7025070	1765,12	22,25	0	0	0	0	0	0	21685	1117	256	504	3050	13309	13452	0
209	1	7056590	1799,7	25,11	0	0	0	0	0	0	21591	1130	238	597	3096	13548	13712	0
210	1	7091120	1797,4	13,56	0	0	0	0	0	0	21749	1102	225	637	3225	13516	13663	0
211	1	7122080	1828,52	19,76	0	0	0	0	0	0	21913	1109	261	591	3163	13769	13685	0
212	1	7151310	1786,85	6,654	0	0	0	0	0	0	21931	1105	283	585	3129	13543	13461	0
213	1	7178810	1842,25	34,65	0	0	0	0	0	0	22156	1092	221	561	3147	13811	13763	0
214	1	7201270	1833,81	35,82	0	0	0	0	0	0	21956	1033	236	555	2998	13791	13634	0
215	1	7231560	1827,33	38,94	0	0	0	0	0	0	21988	1100	232	538	2972	13949	13636	0
216	1	7260780	1855,3	35,47	0	0	0	0	0	0	22087	1091	239	535	3103	14254	13537	0
217	1	7294080	1885,11	33,69	0	0	0	0	0	0	22295	1081	254	550	3072	14331	13796	0
218	1	7326460	1903,4	14,81	0	0	0	0	0	0	22314	1099	242	558	3104	14362	13690	0
219	1	7361220	1909,25	34,08	0	0	0	0	0	0	22478	1103	224	560	3219	14558	13911	0
220	1	7393540	2013,44	12,58	0	0	0	0	0	0	22422	1109	230	515	3169	15100	13861	0
221	1	7427860	1996,16	35,05	0	0	0	0	0	0	22503	1052	254	550	3051	14959	13734	0
222	1	7461470	2000,48	26,73	0	0	0	0	0	0	22394	1088	241	551	3062	15208	13575	0
223	1	7499810	2021,15	36,04	0	0	0	0	0	0	22474	1124	244	559	3177	15412	13873	0
224	1	7528930	2017,74	30,37	0	0	0	0	0	0	22629	1106	247	558	3118	15338	13796	0
225	1	7556050	2049,09	42,62	0	0	0	0	0	0	22763	1034	214	541	3184	15637	13612	0
226	1	7589280	2071,71	24,94	0	0	0	0	0	0	22541	1041	248	538	3195	15820	13787	0
227	1	7626440	2114,6	17,32	0	0	0	0	0	0	22959	1127	224	551	3114	16270	14093	0
228	1	7664280	2090,49	12,07	0	0	0	0	0	0	22915	1016	215	541	3142	16271	13880	0
229	1	7704350	2109,59	24,47	0	0	0	0	0	0	22898	1100	236	507	3163	16477	13927	0
230	1	7750050	2144,15	26,48	0	0	0	0	0	0	22911	1097	209	541	3075	16689	13855	0
231	1	7800240	2203,11	25,1	0	0	0	0	0	0	23020	1054	234	511	3190	16927	14064	0
232	1	7849480	2209,33	36,91	0	0	0	0	0	0	23073	1032	184	533	3270	17122	14211	0
233	1	7901700	2196,87	33,16	0	0	0	0	0	0	23181	1102	214	522	3151	17156	14108	0
234	1	7955520	2270,82	39,5	0	0	0	0	0	0	23244	1097	210	543	3187	17579	13956	0
235	1	8009290	2284,97	27,41	0	0	0	0	0	0	23263	1078	191	505	3149	17517	14047	0
236	1	8069930	2281,57	31,48	0	0	0	0	0	0	23745	1102	227	531	3170	17923	14090	0
237	1	8123450	2305,77	40,08	0	0	0	0	0	0	23362	1029	200	499	3090	17900	14078	0
238	1	8186830	2380,79	3,826	0	0	0	0	0	0	23349	1092	244	532	3140	18331	14045	0
239	1	8249450	2367,87	42,94	0	0	0	0	0	0	23326	1039	220	495	3024	18301	13999	0
240	1	8323180	2389,31	21,65	0	0	0	0	0	0	23638	1023	211	523	3177	18550	14164	0
241	1	8392540	2462,97	34,78	0	0	0	0	0	0	23875	1044	212	484	2985	19033	14262	0
242	1	8467540	2441,23	11,42	0	0	0	0	0	0	23745	1078	192	506	3196	18924	14369	0
243	1	8547910	2454,86	31,76	0	0	0	0	0	0	23859	1083	210	553	3139	19169	14553	0
244	1	8627160	2517,89	15,61	0	0	0	0	0	0	23866	1051	216	509	3232	19514	14322	0
245	1	8712970	2552,82	30,24	0	0	0	0	0	0	24103	1114	182	476	3120	19716	14452	0
246	1	8805830	2531,91	67,32	0	0	0	0	0	0	23990	1119	197	487	3255	19655	14728	0
247	1	8900450	2533,09	24,33	0	0	0	0	0	0	24291	1082	188	508	3213	19678	14662	0
248	1	8998990	2508,12	49,82	0	0	0	0	0	0	24299	1092	205	476	3273	19831	14724	0
249	1	9105670	2674,4	68,33	0	0	0	0	0	0	24741	1080	167	473	3163	20808	14851	0
250	1	9215030	2599,9	48,7	0	0	0	0	0	0	24797	1062	171	456	3226	20429	14926	0
251	1	9336210	2688,99	14,49	0	0	0	0	0	0	24901	1072	215	526	3253	21039	15191	0
252	1	9459740	2695,08	18,96	0	0	0	0	0	0	24940	1094	186	474	3327	21170	15129	0
253	1	9594760	2749,58	23,06	0	0	0	0	0	0	25323	1132	211	493	3269	21505	15596	0
254	1	9737490	2825,14	37,29	0	0	0	0	0	0	25831	1162	216	435	3425	22032	15678	0
255	1	9886980	2866,48	21,31	0	0	0	0	0	0	25761	1160	198	470	3269	22365	15781	0
256	1	10048800	2840,4	27,78	0	0	0	0	0	0	26075	1172	215	456	3335	22329	16057	0
257	1	10219600	2948,16	62,18	0	0	0	0	0	0	26318	1155	194	446	3369	22969	16081	0
258	1	10408800	2982,42	49,18	0	0	0	0	0	0	27221	1197	234	452	3437	23335	16468	0
259	1	10605400	3008,25	46,03	0	0	0	0	0	0	27135	1169	193	460	3590	23584	16463	0
260	1	10821300	3067,45	79,46	0	0	0	0	0	0	27827	1193	193	464	3507	24239	16845	0
261	1	11055700	3080,52	27,55	0	0	0	0	0	0	28318	1184	210	475	3552	24342	17082	0
262	1	11314100	3207,07	44,93	0	0	0	0	0	0	29242	1149	179	438	3514	25311	17130	0
263	1	11600700	3244,22	59,05	0	0	0	0	0	0	30151	1203	223	407	3662	25616	17582	0
264	1	11918400	3307,96	32,34	0	0	0	0	0	0	31951	1124	238	407	3620	25741	17795	0
265	1	12273700	3327,93	33,94	0	0	0	0	0	0	33355	1162	195	418	3833	26304	18331	0
266	1	12678200	3395,97	50,77	0	0	0	0	0	0	36065	1182	210	424	4000	26572	19028	0
267	1	13135200	3409,8	45,57	0	0	0	0	0	0	39642	1270	216	430	3983	26773	19530	0
268	1	13657900	3447,54	38,14	0	0	0	0	0	0	44226	1233	185	357	4142	26931	20008	0
269	1	14273400	3456,73	35,39	0	0	0	0	0	0	51824	1192	228	429	4227	27236	20717	0
270	1	14994700	3487,51	37,8	0	0	0	0	0	0	64366	1212	204	386	4300	27362	22101	0
271	1	15852200	3486,27	115	0	0	0	0	0	0	85522	1238	173	359	4227	27252	23275	0
272	1	16862700	3453,27	101,7	0	0	0	0	0	0	123032	1229	180	285	4105	27006	25286	0
273	1	18014700	3425,53	165,6	0	0	0	0	0	0	183823	1204	133	271	3821	26665	28429	0
274	1	19233900	3201,36	199,8	0	0	0	0	0	0	281066	1189	117	200	3485	25196	32345	0
275	1	20333800	3018,77	169,8	0	0	0	0	0	0	417588	1001	87	157	3157	23629	37377	0
276	1	21035200	2763,87	123,5	0	0	0	0	0	0	589208	922	89	114	2725	21572	43410	0
277	1	20962100	2367,02	276,1	0	0	0	0	0	0	770065	674	55	70	2172	18708	47862	0
278	1	19821200	1923,89	187,4	0	0	0	0	0	0	920367	536	36	69	1695	14924	50843	0
279	1	17499400	1485,34	245,9	0	0	0	0	0	0	991251	398	52	36	1204	11606	49613	0
280	1	14237600	1095,57	163,5	0	0	0	0	0	0	953614	276	47	20	873	8478	44332	0
281	1	10564400	763,451	99,12	0	0	0	0	0	0	817331	193	26	17	621	5900	35688	0
282	1	7082510	516,871	22	0	0	0	0	0	0	621133	148	33	29	467	4043	26172	0
283	1	4253690	376,869	35,45	0	0	0	0	0	0	415931	122	28	20	384	2825	16994	0
284	1	2274550	269,13	25,42	0	0	0	0	0	0	244167	89	27	15	332	2068	10601	0
285	1	1083690	225,454	10,94	0	0	0	0	0	0	125166	88	23	17	289	1743	6049	0
286	1	469671	214,839	6,396	0	0	0	0	0	0	56520	83	29	16	265	1630	3734	0
287	1	194917	201,901	18,23	0	0	0	0	0	0	23045	96	37	11	288	1534	2593	0
288	1	86200,2	196,633	13,18	0	0	0	0	0	0	8516	92	35	16	321	1482	2215	0
289	1	50602,3	204,269	0	0	0	0	0	0	0	3518	115	32	22	283	1520	1919	0
290	1	40162	185,514	11	0	0	0	0	0	0	1892	101	37	15	281	1443	1891	0
291	1	37539	190,094	14,76	0	0	0	0	0	0	1499	100	28	11	278	1398	1884	0
292	1	36598,2	191,27	12,08	0	0	0	0	0	0	1462	90	25	16	277	1412	1924	0
293	1	36479,2	187,125	6,397	0	0	0	0	0	0	1386	83	27	20	271	1354	1881	0
294	1	36190,5	196,88	5,946	0	0	0	0	0	0	1362	99	26	11	263	1439	1843	0
295	1	35730,1	175,995	0	0	0	0	0	0	0	1296	99	25	16	235	1391	1718	0
296	1	36514	182,244	15,66	0	0	0	0	0	0	1434	84	20	18	270	1351	1833	0
297	1	35817,3	183,828	3,646	0	0	0	0	0	0	1384	91	35	14	227	1381	1773	0
298	1	35517,8	186,746	22,67	0	0	0	0	0	0	1406	82	28	15	243	1436	1749	0
299	1	35129,6	176,618	7,509	0	0	0	0	0	0	1379	82	24	8	267	1298	1771	0
300	1	33686,1	181,603	0	0	0	0	0	0	0	1329	65	22	10	212	1328	1792	0
301	0	0	0	0	0	0	0	0	0	0	0	0	0	0	0	0	0	0
SUMM:	1962540000	411698	9123	39	452,8	0	0	0	0	12830795	334798	77256	164795	878778	2972776	4178815	0	
ZONE	MED		C10	C11	N12	N13	O13	O14	O15	F17	F18							
1	1		347	829	0	350	1	97	1863	0	0							
2	1		314	784	0	323	2	93	1788	0	0							
3	1		313	798	0	366	1	98	1863	0	0							
4	1		327	811	0	332	2	96	1860	1	2							
5	1		350	781	0	343	0	97	1880	0	0							
6	1		334	831	0	356	6	102	1819	0	0							
7	1		334	779	0	334	2	90	1958	0	0							
8	1		316	858	0	338	4	91	1912	1	0							
9	1		342	797	0	375	2	120	1812	1	0							
10	1		339	772	0	351	2	91	1907	1	0							
11	1		318	816	0	333	6	111	1890	0	1							
12	1		360	752	0	327	7	86	1862	0	0							
13	1		320	795	0	337	3	108	1874	1	0							
14	1		315	757	1	365	9	102	1964	0	0							
15	1		307	818	0	363	4	92	1906	0	0							
16	1		376	814	0	348	5	100	1954	0	0							
17	1		308	806	0	308	4	89	1937	1	0							
18	1		341	804	0	348	4	99	1817	0	0							
19	1		329	789	0	341	4	101	1863	0	0							
20	1		311	870	0	320	11	103	1951	0	0							
21	1		344	804	0	374	1	106	1902	1	0							
22	1		340	832	0	348	8	106	1897	1	1							
23	1		324	874	0	342	8	103	1918	0	0							
24	1		319	853	0	350	7	122	1915	0	0							
25	1		313	774	0	321	3	106	2016	0	2							
26	1		330	825	0	366	1	103	1908	1	0							
27	1		318	831	0	332	2	105	1880	0	0							
28	1		360	820	0	320	3	112	1840	0	0							
29	1		326	815	0	332	3	110	1877	0	0							
30	1		328	846	0	350	2	109	1898	0	0							
31	1		360	831	0	371	2	91	1914	2	1							
32	1		336	787	1	368	4	101	1902	1	0							
33	1		357	798	0	376	3	98	1969	1	0							
34	1		359	857	0	330	1	92	1940	1	2							
35	1		350	855	0	361	5	103	1961	0	0							
36	1		305	843	0	320	1	99	1929	1	0							
37	1		316	808	0	341	5	123	1968	0	2							
38	1		323	817	0	336	2	103	1931	0	0							
39	1		314	801	0	346	6	98	1902	1	0							
40	1		350	826	0	361	2	118	1933	0	0							
41	1		312	804	0	377	6	78	1955	1	0							
42	1		331	830	0	385	1	94	1995	0	0							
43	1		359	835	1	377	2	95	1851	0	0							
44	1		312	829	0	386	2	99	1894	0	0							
45	1		354	817	0	358	2	120	1968	0	0							
46	1		340	801	0	376	2	116	2024	0	1							
47	1		305	845	0	355	3	88	1946	1	0							
48	1		334	833	0	378	4	96	1917	0	0							
49	1		315	803	1	364	0	109	1980	1	0							
50	1		319	871	0	361	1	108	1953	0	0							
51	1		333	835	0	343	2	102	1986	0	0							
52	1		332	815	0	381	5	85	1998	1	0							
53	1		320	857	0	338	9	92	1966	0	0							
54	1		323	807	0	322	4	105	1979	1	0							
55	1		367	773	0	340	2	110	2026	0	0							
56	1		300	836	0	406	4	81	1974	0	0							
57	1		356	874	0	338	1	92	2068	0	0							
58	1		339	875	1	380	3	108	1988	1	0							
59	1		363	887	0	353	4	106	1969	0	0							
60	1		331	829	1	381	4	90	2005	1	1							
61	1		336	855	0	361	11	80	1972	0	0							
62	1		324	832	0	323	3	112	2004	0	0							
63	1		309	836	0	357	3	94	1999	0	0							
64	1		340	806	0	350	2	102	1987	0	0							
65	1		335	784	1	384	6	104	2000	0	0							
66	1		375	857	0	355	4	103	2006	0	0							
67	1		309	804	0	332	4	122	1970	0	0							
68	1		318	776	0	369	7	87	1970	1	1							
69	1		338	810	0	375	4	123	1971	2	0							
70	1		346	821	0	374	5	90	2054	0	0							
71	1		325	838	0	371	0	102	2011	2	1							
72	1		323	868	0	365	3	95	1933	0	1							
73	1		312	800	1	355	5	107	2005	0	1							
74	1		278	812	1	361	1	111	2073	0	1							
75	1		357	868	0	373	1	113	2046	1	0							
76	1		339	907	0	346	3	118	1936	0	0							
77	1		342	844	0	375	4	104	1986	0	1							
78	1		316	781	0	373	7	93	1987	1	1							
79	1		349	848	0	365	1	88	2002	0	0							
80	1		371	826	0	383	6	114	1985	1	0							
81	1		322	891	0	380	4	114	2003	0	0							
82	1		346	844	0	362	3	119	2029	0	1							
83	1		346	817	0	339	1	100	2003	0	0							
84	1		327	809	0	332	3	121	1962	1	0							
85	1		338	772	0	343	4	99	1992	0	0							
86	1		360	826	0	355	4	105	2001	0	0							
87	1		349	815	0	342	3	112	1976	0	1							
88	1		337	857	0	355	5	104	2021	0	0							
89	1		335	842	0	396	1	93	2038	0	0							
90	1		320	818	1	367	2	87	1950	0	0							
91	1		317	892	0	375	3	94	1989	0	0							
92	1		319	845	0	353	8	114	2009	0	0							
93	1		340	850	0	384	3	95	2028	0	2							
94	1		345	869	0	337	1	87	1955	1	0							
95	1		312	866	0	364	1	102	1967	0	0							
96	1		311	828	0	364	1	101	2028	1	1							
97	1		330	850	0	353	2	92	1979	0	1							
98	1		335	872	0	362	3	99	2076	0	0							
99	1		347	812	0	355	1	107	2023	0	0							
100	1		330	815	0	369	6	93	2090	0	0							
101	1		332	838	0	378	6	113	1934	1	0							
102	1		350	828	0	385	7	94	2106	0	1							
103	1		303	861	0	332	4	106	1996	0	0							
104	1		315	794	0	337	3	99	2049	0	1							
105	1		309	794	0	350	3	111	2081	1	1							
106	1		330	874	0	361	5	107	2058	0	0							
107	1		312	842	0	353	7	95	2079	0	1							
108	1		298	773	0	376	0	105	2083	1	0							
109	1		277	872	0	354	4	73	1977	0	0							
110	1		322	830	0	350	3	95	1934	0	0							
111	1		344	825	0	334	5	103	2078	0	0							
112	1		337	851	0	373	1	97	2066	0	0							
113	1		313	794	0	345	2	108	2035	0	0							
114	1		302	821	0	375	5	98	2005	0	0							
115	1		304	859	0	343	4	118	2050	1	0							
116	1		316	810	0	336	7	96	2033	1	1							
117	1		325	808	0	390	2	102	2020	0	0							
118	1		311	797	0	369	4	95	2077	0	0							
119	1		286	846	0	360	2	82	1989	1	0							
120	1		316	802	0	379	4	116	1980	0	0							
121	1		320	835	0	356	2	120	1979	1	0							
122	1		336	837	0	358	4	103	1973	0	1							
123	1		301	855	0	344	4	110	1963	0	0							
124	1		328	816	0	377	4	99	1973	0	0							
125	1		329	792	0	372	3	111	1993	0	0							
126	1		328	800	0	368	2	100	2032	0	0							
127	1		340	789	0	366	3	79	2052	2	2							
128	1		323	785	0	344	3	102	1970	0	0							
129	1		324	822	0	366	2	103	2065	1	1							
130	1		320	801	0	344	3	104	2030	0	0							
131	1		301	808	0	374	1	108	2029	1	0							
132	1		352	814	0	346	2	98	2095	0	0							
133	1		331	885	0	357	3	101	2078	2	1							
134	1		311	842	0	368	5	94	1994	0	0							
135	1		274	841	0	377	3	105	2093	0	0							
136	1		314	824	0	382	1	103	2042	0	0							
137	1		326	796	0	365	0	91	2071	0	0							
138	1		294	850	0	328	3	83	2014	0	0							
139	1		329	877	0	361	0	111	2034	0	1							
140	1		304	833	0	352	1	100	2006	1	0							
141	1		335	827	0	369	6	113	2047	0	0							
142	1		323	820	0	337	8	108	1984	0	0							
143	1		313	834	0	357	0	101	2086	0	0							
144	1		322	788	0	382	3	82	1965	0	0							
145	1		344	817	0	400	3	109	2073	0	1							
146	1		308	840	0	390	3	108	2060	0	0							
147	1		328	850	0	344	3	100	1990	0	1							
148	1		323	801	0	336	2	116	2038	0	1							
149	1		289	845	0	342	1	107	2040	1	0							
150	1		341	825	0	351	5	109	2037	0	1							
151	1		314	805	1	352	4	110	2073	0	2							
152	1		303	802	0	338	4	110	2092	0	0							
153	1		325	827	0	316	2	112	2062	0	0							
154	1		312	780	0	360	4	103	2107	1	0							
155	1		318	801	0	324	3	120	2006	0	0							
156	1		314	825	0	324	4	111	2072	0	0							
157	1		314	846	0	382	4	105	2040	0	2							
158	1		295	786	0	340	1	87	2044	0	0							
159	1		295	799	0	374	0	102	2055	1	1							
160	1		296	780	0	377	4	116	1997	0	1							
161	1		309	788	0	384	2	89	1995	0	1							
162	1		300	849	0	335	1	111	2049	1	0							
163	1		317	780	0	370	5	100	2003	0	0							
164	1		318	787	1	370	5	110	1959	1	0							
165	1		305	749	0	358	3	115	2039	1	0							
166	1		338	762	0	383	3	104	2032	0	0							
167	1		272	866	0	315	2	128	2049	0	0							
168	1		301	747	0	330	3	85	2059	0	0							
169	1		306	792	0	367	4	99	2033	0	0							
170	1		308	796	0	347	3	100	2065	0	0							
171	1		308	759	0	350	1	89	2030	0	0							
172	1		303	785	0	335	5	91	2088	0	0							
173	1		272	822	0	363	2	96	2085	0	0							
174	1		310	811	0	359	5	109	2076	0	1							
175	1		284	783	0	331	3	111	2054	0	0							
176	1		296	811	0	388	4	78	1987	0	0							
177	1		291	762	0	368	3	93	1985	0	1							
178	1		314	798	0	365	4	101	2016	0	0							
179	1		317	860	0	372	3	103	2012	0	0							
180	1		269	724	0	352	3	93	2037	0	0							
181	1		303	828	0	359	5	100	1983	1	1							
182	1		313	803	0	376	3	106	2001	1	0							
183	1		257	811	0	401	4	93	2087	1	0							
184	1		287	754	0	353	2	86	2053	1	1							
185	1		280	827	0	335	3	100	2100	0	0							
186	1		325	776	0	401	3	86	2028	0	0							
187	1		296	795	0	315	3	124	2069	0	1							
188	1		301	803	1	354	6	95	2029	0	0							
189	1		291	785	0	345	5	99	1989	1	0							
190	1		250	795	1	349	3	99	2090	0	2							
191	1		280	755	0	344	2	105	2046	0	0							
192	1		297	763	0	330	0	116	2074	0	0							
193	1		289	754	0	356	1	105	2068	0	1							
194	1		271	781	0	362	3	82	2050	1	0							
195	1		292	808	0	310	1	96	2093	0	0							
196	1		291	743	0	359	4	103	2104	0	0							
197	1		283	795	0	375	3	101	1991	0	1							
198	1		330	789	0	355	3	105	2053	1	2							
199	1		292	794	0	345	3	98	2085	2	0							
200	1		293	808	0	346	3	111	2024	1	0							
201	1		300	775	0	366	4	104	2037	0	0							
202	1		306	789	0	359	4	94	2067	0	0							
203	1		272	805	0	363	4	119	2125	0	0							
204	1		302	741	0	346	5	84	1954	0	0							
205	1		255	765	0	371	3	105	2101	1	2							
206	1		290	778	1	347	2	91	2102	0	0							
207	1		291	720	0	367	0	90	2100	0	2							
208	1		294	744	1	358	5	117	2059	0	0							
209	1		257	794	0	376	4	111	2171	0	0							
210	1		276	755	0	367	4	119	2047	2	2							
211	1		285	808	0	388	3	100	2095	0	0							
212	1		301	724	0	359	2	101	2057	0	1							
213	1		261	795	0	388	5	95	2084	0	0							
214	1		266	759	0	351	1	113	2126	2	2							
215	1		305	785	0	372	4	101	2132	0	0							
216	1		278	736	0	374	1	116	2068	0	2							
217	1		262	743	0	363	6	101	2090	1	0							
218	1		292	715	0	356	7	92	2141	2	0							
219	1		306	784	0	381	5	101	2097	0	1							
220	1		288	773	0	362	4	108	2113	0	0							
221	1		265	716	0	387	5	84	2049	0	4							
222	1		261	742	0	377	4	125	2037	2	1							
223	1		251	780	1	410	4	123	2218	0	1							
224	1		268	739	0	346	4	114	2139	0	0							
225	1		234	734	0	386	3	94	2122	1	4							
226	1		253	786	0	375	6	86	2137	1	1							
227	1		267	755	0	411	3	120	2187	0	1							
228	1		246	737	0	389	2	91	2193	0	0							
229	1		244	759	0	360	0	103	2188	0	0							
230	1		225	749	0	384	6	104	2162	0	2							
231	1		251	751	0	366	4	104	2167	1	0							
232	1		281	730	0	362	7	111	2119	0	0							
233	1		239	710	0	345	1	106	2215	1	3							
234	1		223	777	0	336	0	109	2193	1	1							
235	1		223	725	0	376	5	100	2173	1	0							
236	1		253	732	0	387	3	120	2209	0	0							
237	1		258	724	0	391	1	107	2207	2	0							
238	1		248	728	0	392	3	115	2227	1	0							
239	1		215	734	1	336	4	101	2210	0	0							
240	1		223	712	0	373	4	119	2168	0	0							
241	1		256	670	0	412	4	104	2249	1	1							
242	1		232	720	0	380	6	116	2355	2	0							
243	1		253	735	0	424	1	127	2252	1	0							
244	1		250	696	0	409	3	115	2260	0	0							
245	1		263	681	0	376	2	130	2280	1	0							
246	1		247	679	0	415	4	119	2427	2	0							
247	1		221	669	0	394	1	119	2423	0	0							
248	1		258	732	0	380	3	102	2413	0	0							
249	1		236	652	0	426	5	104	2481	0	1							
250	1		222	665	0	392	3	126	2556	1	2							
251	1		206	621	0	419	4	116	2608	0	2							
252	1		219	622	0	401	8	117	2557	0	3							
253	1		228	611	0	447	2	156	2590	0	1							
254	1		219	634	0	423	5	139	2632	0	0							
255	1		220	592	0	437	2	133	2774	0	1							
256	1		202	561	0	472	4	142	2756	0	0							
257	1		192	597	0	435	1	142	2817	1	3							
258	1		200	567	0	453	3	152	2915	0	0							
259	1		197	538	0	446	1	125	2954	0	1							
260	1		156	498	0	479	1	146	3038	0	4							
261	1		165	495	0	450	1	133	3082	1	0							
262	1		126	429	0	419	1	149	3176	1	2							
263	1		130	429	0	423	0	163	3137	1	2							
264	1		114	377	0	399	0	175	3291	1	2							
265	1		96	377	0	371	0	152	3520	1	1							
266	1		78	334	0	373	0	165	3594	0	0							
267	1		64	309	0	381	0	156	3613	2	1							
268	1		39	297	0	312	0	152	3631	3	1							
269	1		37	250	0	298	0	155	3654	2	0							
270	1		24	183	0	290	1	148	3795	3	0							
271	1		6	159	0	248	0	141	3791	1	3							
272	1		11	136	0	198	0	113	3701	5	3							
273	1		10	82	0	178	1	90	3568	0	3							
274	1		3	61	0	174	0	71	3176	4	1							
275	1		2	47	0	157	0	54	2807	3	1							
276	1		5	38	0	135	0	39	2389	0	8							
277	1		3	19	0	123	0	25	1762	4	4							
278	1		4	22	0	110	0	15	1295	5	4							
279	1		2	23	0	85	0	10	860	2	3							
280	1		3	23	0	59	0	6	606	3	3							
281	1		9	18	0	54	0	5	329	3	4							
282	1		4	21	0	29	0	5	233	2	0							
283	1		10	16	0	18	0	1	141	0	0							
284	1		4	22	0	9	0	2	88	0	0							
285	1		5	22	0	10	0	0	76	0	0							
286	1		4	13	0	12	0	2	80	0	0							
287	1		1	11	0	5	0	1	74	0	0							
288	1		1	15	0	4	0	0	76	0	0							
289	1		3	25	0	8	0	1	78	0	0							
290	1		3	20	0	5	0	0	75	0	0							
291	1		2	14	0	7	0	1	84	0	0							
292	1		1	13	0	5	0	1	83	0	0							
293	1		2	15	0	6	0	0	72	0	0							
294	1		2	16	0	6	0	0	65	0	0							
295	1		2	14	0	8	0	0	49	0	0							
296	1		2	17	0	6	0	1	81	0	0							
297	1		6	11	0	9	0	2	78	0	0							
298	1		2	16	0	13	0	1	72	0	0							
299	1		5	17	0	7	0	0	76	0	0							
300	1		3	10	0	3	0	3	70	0	0							
301	0		0	0	0	0	0	0	0	0	0							
SUM	==>		80169	210758	18	99858	872	29196	596043	139	154							
