10000000
300
 ZONE MED   LOSS(MEV)      (MEV)    EXCITATION    PI0   (MEV)        PI+     K+    MU-    MU+     PROT    DEUT    TRIT     HE3    ALPH     ELSC    INEL    FISS
   1   1  0.449846E+07 0.638473E+03 0.1325E+02      1 0.7908E+01       0      0      0      0     4782     948     251     644    2718     3525   11079       0
   2   1  0.455503E+07 0.626042E+03 0.1207E+02      1 0.3558E+02       0      0      0      0     6464    1199     304     686    2920     3579   11469       0
   3   1  0.458640E+07 0.663706E+03 0.4804E+01      4 0.2485E+02       0      0      0      0     7187    1247     321     628    2867     3730   11279       0
   4   1  0.461386E+07 0.631937E+03 0.2722E+02      0 0.0000E+00       0      0      0      0     7786    1255     325     639    2811     3739   11435       0
   5   1  0.464008E+07 0.642479E+03 0.9885E+01      3 0.7279E+02       0      0      0      0     8360    1169     313     611    2803     3800   11377       0
   6   1  0.466175E+07 0.662503E+03 0.1427E+02      4 0.5898E+02       0      0      0      0     8865    1257     302     637    2784     3846   11344       0
   7   1  0.468258E+07 0.677346E+03 0.2183E+02      1 0.1276E+02       0      0      0      0     9091    1213     290     674    2880     3923   11499       0
   8   1  0.470232E+07 0.654371E+03 0.2489E+02      2 0.3760E+02       0      0      0      0     9182    1276     317     605    2764     3878   11650       0
   9   1  0.472672E+07 0.686707E+03 0.1185E+02      3 0.3475E+02       0      0      0      0     9864    1243     325     633    3002     4019   11796       0
  10   1  0.474326E+07 0.699483E+03 0.6706E+01      1 0.1616E+02       0      0      0      0    10056    1170     342     636    2986     4221   11769       0
  11   1  0.475780E+07 0.696260E+03 0.1342E+02      2 0.2214E+01       0      0      0      0    10190    1219     350     675    2905     4128   11663       0
  12   1  0.477838E+07 0.692995E+03 0.1185E+02      2 0.1193E+02       0      0      0      0    10450    1200     325     652    2921     4047   11910       0
  13   1  0.479473E+07 0.711447E+03 0.1862E+02      0 0.0000E+00       0      0      0      0    10744    1275     293     656    2905     4133   12124       0
  14   1  0.481135E+07 0.719362E+03 0.1885E+02      2 0.3435E+02       0      0      0      0    11001    1261     282     662    2987     4210   12223       0
  15   1  0.482075E+07 0.710067E+03 0.1093E+02      1 0.1163E+02       0      0      0      0    11046    1201     305     699    2911     4277   11783       0
  16   1  0.483248E+07 0.730192E+03 0.1411E+02      1 0.5304E+01       0      0      0      0    10926    1237     307     628    2850     4335   12013       0
  17   1  0.484865E+07 0.734414E+03 0.7013E+01      1 0.1168E+02       0      0      0      0    11265    1197     285     618    2908     4463   11864       0
  18   1  0.486270E+07 0.731926E+03 0.2575E+02      3 0.3731E+02       0      0      0      0    11593    1162     300     639    2823     4355   12024       0
  19   1  0.488226E+07 0.757358E+03 0.1795E+02      3 0.2172E+02       0      0      0      0    11888    1238     296     670    2979     4446   12387       0
  20   1  0.489372E+07 0.761164E+03 0.6656E+00      1 0.5856E+01       0      0      0      0    11881    1173     299     691    2892     4571   12136       0
  21   1  0.490758E+07 0.745062E+03 0.3954E+02      3 0.2783E+02       0      0      0      0    12121    1275     341     669    2956     4478   12143       0
  22   1  0.492515E+07 0.746176E+03 0.8536E+01      0 0.0000E+00       0      0      0      0    12194    1233     307     702    3091     4461   12251       0
  23   1  0.493690E+07 0.755452E+03 0.1236E+02      2 0.2333E+02       0      0      0      0    12383    1346     300     622    2990     4646   12161       0
  24   1  0.494746E+07 0.742538E+03 0.3604E+02      0 0.0000E+00       0      0      0      0    12637    1259     330     674    2948     4577   12358       0
  25   1  0.495804E+07 0.768452E+03 0.3231E+01      1 0.7008E+01       0      0      0      0    12641    1220     306     691    3023     4607   12419       0
  26   1  0.496861E+07 0.755381E+03 0.2463E+02      1 0.1797E+02       0      0      0      0    12613    1202     273     622    2952     4671   12163       0
  27   1  0.498415E+07 0.766681E+03 0.2723E+02      0 0.0000E+00       0      0      0      0    12611    1257     286     657    3008     4688   12399       0
  28   1  0.499876E+07 0.787672E+03 0.4433E+02      1 0.1524E+02       0      0      0      0    13036    1269     327     663    3108     4758   12440       0
  29   1  0.500988E+07 0.793624E+03 0.1024E+02      0 0.0000E+00       0      0      0      0    13323    1257     299     602    3019     4769   12479       0
  30   1  0.502548E+07 0.777132E+03 0.3895E+01      2 0.2096E+02       0      0      0      0    13258    1284     296     680    2948     4824   12574       0
  31   1  0.503263E+07 0.781263E+03 0.1477E+02      0 0.0000E+00       0      0      0      0    13286    1289     339     638    2984     4793   12436       0
  32   1  0.504733E+07 0.783965E+03 0.2397E+02      2 0.2917E+02       0      0      0      0    13590    1198     319     657    3018     4931   12505       0
  33   1  0.505685E+07 0.817653E+03 0.1384E+02      1 0.1483E+02       0      0      0      0    13369    1323     341     669    2972     4914   12834       0
  34   1  0.506721E+07 0.806264E+03 0.0000E+00      0 0.0000E+00       0      0      0      0    13489    1240     344     664    2999     4807   12446       0
  35   1  0.507973E+07 0.805956E+03 0.6748E+01      1 0.1972E+01       0      0      0      0    13832    1230     312     580    2953     5024   12556       0
  36   1  0.509184E+07 0.826583E+03 0.3582E+02      1 0.5687E+01       0      0      0      0    13875    1262     307     632    2927     5096   12501       0
  37   1  0.510087E+07 0.810741E+03 0.5740E+02      1 0.1706E+01       0      0      0      0    14027    1234     276     732    2905     5023   12379       0
  38   1  0.511294E+07 0.812554E+03 0.4809E+02      0 0.0000E+00       0      0      0      0    13847    1248     306     660    2865     5041   12665       0
  39   1  0.512311E+07 0.797038E+03 0.3320E+02      0 0.0000E+00       0      0      0      0    14088    1310     321     640    2921     5029   12482       0
  40   1  0.513434E+07 0.829692E+03 0.1462E+02      4 0.4360E+02       0      0      0      0    14319    1223     319     618    3057     5186   12842       0
  41   1  0.514492E+07 0.821314E+03 0.4373E+02      2 0.4030E+02       0      0      0      0    14100    1267     303     666    2970     5133   12555       0
  42   1  0.515757E+07 0.804854E+03 0.0000E+00      1 0.3883E+01       0      0      0      0    14332    1290     276     718    3032     5125   12894       0
  43   1  0.516562E+07 0.859115E+03 0.8654E+01      0 0.0000E+00       0      0      0      0    14434    1328     296     658    3011     5291   12834       0
  44   1  0.517989E+07 0.824562E+03 0.3127E+02      0 0.0000E+00       0      0      0      0    14710    1251     327     684    3188     5206   12882       0
  45   1  0.518521E+07 0.842617E+03 0.0000E+00      1 0.1442E+02       0      0      0      0    14642    1267     293     618    3143     5285   12665       0
  46   1  0.519398E+07 0.825570E+03 0.1555E+02      1 0.2943E+01       0      0      0      0    14524    1196     308     617    2981     5309   12638       0
  47   1  0.520378E+07 0.842605E+03 0.1350E+02      1 0.1461E+02       0      0      0      0    14667    1197     302     649    3102     5390   12806       0
  48   1  0.521806E+07 0.847518E+03 0.2158E+02      0 0.0000E+00       0      0      0      0    15003    1246     316     683    3096     5342   12938       0
  49   1  0.523200E+07 0.860126E+03 0.1544E+02      0 0.0000E+00       0      0      0      0    14990    1258     311     688    3144     5295   13029       0
  50   1  0.524052E+07 0.876621E+03 0.3531E+02      0 0.0000E+00       0      0      0      0    14984    1288     359     642    3083     5399   13000       0
  51   1  0.525140E+07 0.883498E+03 0.4879E+01      0 0.0000E+00       0      0      0      0    15332    1301     326     713    3046     5610   13004       0
  52   1  0.526008E+07 0.871851E+03 0.6713E+02      1 0.3574E+01       0      0      0      0    15292    1313     313     701    3171     5414   12946       0
  53   1  0.526733E+07 0.880227E+03 0.1602E+02      0 0.0000E+00       0      0      0      0    15092    1235     325     658    2995     5475   12811       0
  54   1  0.527859E+07 0.885737E+03 0.1668E+02      0 0.0000E+00       0      0      0      0    15493    1320     334     622    3179     5571   13160       0
  55   1  0.528765E+07 0.895422E+03 0.1679E+02      0 0.0000E+00       0      0      0      0    15400    1202     323     645    2980     5732   13106       0
  56   1  0.529600E+07 0.879351E+03 0.1088E+02      0 0.0000E+00       0      0      0      0    15300    1281     318     712    3087     5490   13029       0
  57   1  0.530849E+07 0.893951E+03 0.1654E+02      0 0.0000E+00       0      0      0      0    15467    1253     331     701    3102     5586   13262       0
  58   1  0.532162E+07 0.904315E+03 0.1864E+02      0 0.0000E+00       0      0      0      0    15752    1272     320     669    3260     5736   13201       0
  59   1  0.532588E+07 0.904828E+03 0.1916E+01      0 0.0000E+00       0      0      0      0    15618    1265     288     640    3069     5716   12983       0
  60   1  0.533880E+07 0.889754E+03 0.5376E+01      1 0.1969E+01       0      0      0      0    15960    1225     325     675    3033     5597   13169       0
  61   1  0.534657E+07 0.900283E+03 0.2221E+02      0 0.0000E+00       0      0      0      0    15689    1308     357     638    3149     5786   13157       0
  62   1  0.535355E+07 0.898855E+03 0.4028E+02      0 0.0000E+00       0      0      0      0    15726    1356     331     681    3036     5807   12918       0
  63   1  0.536776E+07 0.889015E+03 0.3098E+02      0 0.0000E+00       0      0      0      0    16215    1227     309     687    3104     5820   13153       0
  64   1  0.537575E+07 0.882458E+03 0.1801E+02      1 0.3060E+01       0      0      0      0    16097    1265     333     670    3068     5755   13130       0
  65   1  0.538635E+07 0.919297E+03 0.4398E+02      0 0.0000E+00       0      0      0      0    16398    1282     318     656    3122     5832   13202       0
  66   1  0.539250E+07 0.906316E+03 0.3569E+02      1 0.8239E+01       0      0      0      0    16230    1273     351     683    3101     5850   13196       0
  67   1  0.539944E+07 0.903713E+03 0.3838E+02      1 0.2214E+01       0      0      0      0    16181    1328     349     667    3170     5819   13085       0
  68   1  0.540970E+07 0.950371E+03 0.1015E+02      0 0.0000E+00       0      0      0      0    16317    1261     343     684    3022     5977   13299       0
  69   1  0.542197E+07 0.928173E+03 0.4131E+02      0 0.0000E+00       0      0      0      0    16462    1321     322     676    3109     5838   13246       0
  70   1  0.543356E+07 0.947609E+03 0.4297E+02      0 0.0000E+00       0      0      0      0    16714    1269     324     693    3246     5982   13491       0
  71   1  0.544009E+07 0.913004E+03 0.3848E+02      0 0.0000E+00       0      0      0      0    16382    1233     325     622    3175     5837   13385       0
  72   1  0.544625E+07 0.938375E+03 0.1410E+02      1 0.1713E+01       0      0      0      0    16653    1231     296     623    3107     6049   13290       0
  73   1  0.545751E+07 0.941465E+03 0.2062E+02      0 0.0000E+00       0      0      0      0    16519    1298     324     620    3151     6016   13377       0
  74   1  0.546792E+07 0.916076E+03 0.1667E+02      0 0.0000E+00       0      0      0      0    16687    1271     339     702    3157     6026   13274       0
  75   1  0.547505E+07 0.929404E+03 0.8774E+01      0 0.0000E+00       0      0      0      0    16598    1262     291     651    3127     5992   13369       0
  76   1  0.548479E+07 0.965674E+03 0.3713E+02      0 0.0000E+00       0      0      0      0    17085    1251     316     677    3198     6138   13330       0
  77   1  0.549288E+07 0.917293E+03 0.2383E+02      0 0.0000E+00       0      0      0      0    16818    1330     371     702    3175     5962   13321       0
  78   1  0.550263E+07 0.935444E+03 0.2147E+02      0 0.0000E+00       0      0      0      0    16938    1327     325     699    3071     6082   13349       0
  79   1  0.550887E+07 0.933956E+03 0.4828E-01      0 0.0000E+00       0      0      0      0    16915    1266     320     677    3205     6076   13215       0
  80   1  0.551423E+07 0.975048E+03 0.2746E+01      0 0.0000E+00       0      0      0      0    16869    1324     284     653    3014     6247   13170       0
  81   1  0.552449E+07 0.968544E+03 0.4943E+01      0 0.0000E+00       0      0      0      0    16823    1304     321     592    3158     6351   13442       0
  82   1  0.553320E+07 0.968310E+03 0.1804E+02      0 0.0000E+00       0      0      0      0    17165    1245     326     641    3182     6290   13275       0
  83   1  0.554352E+07 0.966480E+03 0.3297E+02      0 0.0000E+00       0      0      0      0    17232    1260     312     664    3165     6255   13343       0
  84   1  0.554813E+07 0.960650E+03 0.2117E+02      0 0.0000E+00       0      0      0      0    17132    1253     334     664    3101     6205   13301       0
  85   1  0.555826E+07 0.100546E+04 0.2418E+02      0 0.0000E+00       0      0      0      0    17175    1220     319     672    3149     6461   13299       0
  86   1  0.556550E+07 0.974737E+03 0.4152E+02      0 0.0000E+00       0      0      0      0    17016    1272     290     646    3034     6399   13362       0
  87   1  0.557779E+07 0.983135E+03 0.1415E+02      0 0.0000E+00       0      0      0      0    17354    1251     303     658    2998     6566   13252       0
  88   1  0.558482E+07 0.946209E+03 0.1369E+02      0 0.0000E+00       0      0      0      0    17266    1247     312     654    3116     6300   13270       0
  89   1  0.559240E+07 0.977233E+03 0.3419E+02      0 0.0000E+00       0      0      0      0    17472    1249     294     644    3015     6368   13200       0
  90   1  0.559779E+07 0.990833E+03 0.7444E+01      0 0.0000E+00       0      0      0      0    17300    1279     305     624    3051     6360   13376       0
  91   1  0.561359E+07 0.984098E+03 0.9813E+01      0 0.0000E+00       0      0      0      0    17680    1263     337     647    3091     6399   13646       0
  92   1  0.562266E+07 0.100022E+04 0.3269E+02      0 0.0000E+00       0      0      0      0    17693    1324     317     646    3153     6526   13713       0
  93   1  0.562899E+07 0.101397E+04 0.3377E+02      0 0.0000E+00       0      0      0      0    17584    1226     334     659    3122     6579   13474       0
  94   1  0.563625E+07 0.100328E+04 0.2742E+02      0 0.0000E+00       0      0      0      0    17457    1250     346     613    3075     6488   13263       0
  95   1  0.564449E+07 0.990803E+03 0.6024E+02      0 0.0000E+00       0      0      0      0    17616    1317     326     609    3052     6528   13365       0
  96   1  0.565533E+07 0.989662E+03 0.1501E+02      0 0.0000E+00       0      0      0      0    17470    1325     311     657    3174     6558   13447       0
  97   1  0.566823E+07 0.102750E+04 0.5760E+02      0 0.0000E+00       0      0      0      0    17915    1299     325     701    3256     6686   13663       0
  98   1  0.567699E+07 0.100308E+04 0.1065E+02      0 0.0000E+00       0      0      0      0    18203    1218     316     634    3094     6710   13446       0
  99   1  0.567942E+07 0.101758E+04 0.2858E+02      0 0.0000E+00       0      0      0      0    17661    1246     289     634    3095     6712   13379       0
 100   1  0.568794E+07 0.104006E+04 0.1704E+02      0 0.0000E+00       0      0      0      0    18027    1267     332     628    3098     6753   13536       0
 101   1  0.569742E+07 0.999951E+03 0.1927E+02      0 0.0000E+00       0      0      0      0    17876    1254     317     700    3108     6760   13268       0
 102   1  0.570229E+07 0.976784E+03 0.2214E+02      0 0.0000E+00       0      0      0      0    17961    1251     298     651    3047     6700   13327       0
 103   1  0.570717E+07 0.103654E+04 0.6633E+01      0 0.0000E+00       0      0      0      0    17702    1268     307     609    2968     6803   13228       0
 104   1  0.571638E+07 0.103416E+04 0.1124E+02      0 0.0000E+00       0      0      0      0    18135    1177     320     644    3039     6962   13222       0
 105   1  0.572501E+07 0.103631E+04 0.3906E+02      0 0.0000E+00       0      0      0      0    18063    1241     330     586    3122     6828   13463       0
 106   1  0.573544E+07 0.102647E+04 0.1906E+02      0 0.0000E+00       0      0      0      0    18092    1251     319     611    3100     6794   13492       0
 107   1  0.574230E+07 0.104449E+04 0.2371E+01      0 0.0000E+00       0      0      0      0    18099    1196     349     657    3029     6946   13410       0
 108   1  0.575194E+07 0.106818E+04 0.1256E+02      0 0.0000E+00       0      0      0      0    18039    1303     299     649    3271     7109   13593       0
 109   1  0.575856E+07 0.104798E+04 0.4230E+02      0 0.0000E+00       0      0      0      0    17974    1223     290     674    3172     7070   13438       0
 110   1  0.577107E+07 0.110894E+04 0.3329E+02      0 0.0000E+00       0      0      0      0    18474    1286     302     649    3127     7287   13400       0
 111   1  0.577758E+07 0.107409E+04 0.6763E+01      0 0.0000E+00       0      0      0      0    18649    1274     315     657    3180     7179   13510       0
 112   1  0.578295E+07 0.107197E+04 0.3480E+02      0 0.0000E+00       0      0      0      0    18321    1304     309     642    3206     7207   13570       0
 113   1  0.579169E+07 0.107273E+04 0.2371E+02      0 0.0000E+00       0      0      0      0    18122    1304     309     632    3358     7241   13633       0
 114   1  0.579983E+07 0.108786E+04 0.2844E+02      0 0.0000E+00       0      0      0      0    18470    1231     309     683    3226     7159   13502       0
 115   1  0.580761E+07 0.108225E+04 0.5404E+02      0 0.0000E+00       0      0      0      0    18472    1264     317     608    3062     7213   13613       0
 116   1  0.581352E+07 0.107397E+04 0.2666E+02      0 0.0000E+00       0      0      0      0    18476    1227     290     643    3046     7315   13271       0
 117   1  0.582320E+07 0.110980E+04 0.6529E+01      0 0.0000E+00       0      0      0      0    18459    1267     295     622    3051     7483   13523       0
 118   1  0.582859E+07 0.107469E+04 0.3223E+02      0 0.0000E+00       0      0      0      0    18424    1168     311     614    3133     7336   13417       0
 119   1  0.583587E+07 0.111152E+04 0.4039E+02      0 0.0000E+00       0      0      0      0    18557    1226     318     634    3084     7577   13272       0
 120   1  0.584356E+07 0.113308E+04 0.1212E+02      0 0.0000E+00       0      0      0      0    18537    1228     319     699    3012     7595   13349       0
 121   1  0.585371E+07 0.112661E+04 0.1544E+02      0 0.0000E+00       0      0      0      0    18554    1252     306     673    3120     7604   13399       0
 122   1  0.586058E+07 0.110635E+04 0.1508E+02      0 0.0000E+00       0      0      0      0    18709    1206     344     603    3143     7672   13396       0
 123   1  0.586475E+07 0.113573E+04 0.1282E+02      0 0.0000E+00       0      0      0      0    18609    1157     288     597    3086     7719   13206       0
 124   1  0.587331E+07 0.113004E+04 0.2712E+02      0 0.0000E+00       0      0      0      0    18663    1243     315     608    2981     7641   13217       0
 125   1  0.587980E+07 0.110940E+04 0.2551E+02      0 0.0000E+00       0      0      0      0    18661    1265     289     602    3153     7670   13410       0
 126   1  0.588996E+07 0.113766E+04 0.6905E+01      0 0.0000E+00       0      0      0      0    18443    1221     286     575    3208     7746   13540       0
 127   1  0.590289E+07 0.112904E+04 0.1050E+02      0 0.0000E+00       0      0      0      0    18955    1250     291     624    3239     7763   13455       0
 128   1  0.591097E+07 0.116636E+04 0.1203E+02      0 0.0000E+00       0      0      0      0    18772    1244     284     643    3172     7889   13540       0
 129   1  0.591862E+07 0.114349E+04 0.4325E+02      0 0.0000E+00       0      0      0      0    18714    1240     272     569    3088     7874   13532       0
 130   1  0.593000E+07 0.114239E+04 0.3059E+02      0 0.0000E+00       0      0      0      0    18747    1232     289     609    3150     7786   13344       0
 131   1  0.593953E+07 0.118108E+04 0.2475E+02      0 0.0000E+00       0      0      0      0    18978    1237     315     642    3124     7997   13654       0
 132   1  0.594953E+07 0.115878E+04 0.4685E+02      0 0.0000E+00       0      0      0      0    18834    1204     312     602    3154     7839   13432       0
 133   1  0.595834E+07 0.114772E+04 0.1456E+02      0 0.0000E+00       0      0      0      0    19020    1268     290     622    3159     7981   13422       0
 134   1  0.596872E+07 0.115426E+04 0.4207E+02      0 0.0000E+00       0      0      0      0    19250    1275     328     624    3186     7874   13612       0
 135   1  0.597237E+07 0.116861E+04 0.3477E+02      0 0.0000E+00       0      0      0      0    19129    1213     273     633    3140     7989   13489       0
 136   1  0.597987E+07 0.117363E+04 0.2338E+02      0 0.0000E+00       0      0      0      0    18968    1175     347     620    3128     8189   13411       0
 137   1  0.599047E+07 0.117653E+04 0.1080E+02      0 0.0000E+00       0      0      0      0    19297    1260     288     626    3182     8134   13593       0
 138   1  0.599849E+07 0.117792E+04 0.2679E+02      0 0.0000E+00       0      0      0      0    19100    1212     274     665    3073     8044   13397       0
 139   1  0.600637E+07 0.118483E+04 0.6549E+02      0 0.0000E+00       0      0      0      0    19017    1283     296     620    3069     8242   13341       0
 140   1  0.601368E+07 0.120799E+04 0.5487E+02      0 0.0000E+00       0      0      0      0    19467    1233     315     631    3072     8282   13476       0
 141   1  0.602269E+07 0.120173E+04 0.2398E+02      0 0.0000E+00       0      0      0      0    19207    1253     285     641    3162     8343   13675       0
 142   1  0.602903E+07 0.119225E+04 0.2444E+02      0 0.0000E+00       0      0      0      0    19272    1183     295     603    3181     8283   13431       0
 143   1  0.603721E+07 0.121963E+04 0.6518E+01      0 0.0000E+00       0      0      0      0    19417    1172     296     630    3210     8362   13626       0
 144   1  0.604478E+07 0.125038E+04 0.1275E+02      0 0.0000E+00       0      0      0      0    19631    1225     293     611    3147     8437   13612       0
 145   1  0.604892E+07 0.120512E+04 0.1373E+02      0 0.0000E+00       0      0      0      0    19257    1222     322     646    3089     8328   13410       0
 146   1  0.605872E+07 0.124233E+04 0.8304E+01      0 0.0000E+00       0      0      0      0    19544    1283     318     627    3186     8648   13617       0
 147   1  0.606364E+07 0.122384E+04 0.3019E+02      0 0.0000E+00       0      0      0      0    19399    1202     290     618    3236     8373   13636       0
 148   1  0.607153E+07 0.124725E+04 0.1038E+02      0 0.0000E+00       0      0      0      0    19551    1278     283     592    3254     8749   13682       0
 149   1  0.607821E+07 0.128503E+04 0.5830E+02      0 0.0000E+00       0      0      0      0    19490    1188     295     652    3167     8753   13674       0
 150   1  0.609106E+07 0.121688E+04 0.4826E+02      0 0.0000E+00       0      0      0      0    19763    1225     302     673    3127     8444   13676       0
 151   1  0.609811E+07 0.123798E+04 0.4477E+02      0 0.0000E+00       0      0      0      0    19541    1264     277     610    3187     8653   13463       0
 152   1  0.611603E+07 0.126594E+04 0.3572E+02      0 0.0000E+00       0      0      0      0    19926    1278     303     626    3244     8807   13549       0
 153   1  0.612760E+07 0.124232E+04 0.2052E+02      0 0.0000E+00       0      0      0      0    19847    1123     279     594    3143     8732   13495       0
 154   1  0.614716E+07 0.129658E+04 0.3881E+02      0 0.0000E+00       0      0      0      0    19863    1196     315     591    3064     9008   13342       0
 155   1  0.617378E+07 0.127045E+04 0.1202E+01      0 0.0000E+00       0      0      0      0    19791    1190     285     652    3044     8949   13675       0
 156   1  0.619675E+07 0.128741E+04 0.3304E+02      0 0.0000E+00       0      0      0      0    19812    1254     280     629    3228     8979   13638       0
 157   1  0.621393E+07 0.128999E+04 0.7587E+01      0 0.0000E+00       0      0      0      0    19919    1172     286     615    3114     9200   13481       0
 158   1  0.623535E+07 0.131951E+04 0.2356E+02      0 0.0000E+00       0      0      0      0    19939    1247     285     638    3175     9204   13773       0
 159   1  0.624781E+07 0.131567E+04 0.2438E+02      0 0.0000E+00       0      0      0      0    19830    1167     259     638    2973     9271   13550       0
 160   1  0.626189E+07 0.127192E+04 0.2161E+02      0 0.0000E+00       0      0      0      0    19694    1213     293     611    3240     9060   13356       0
 161   1  0.627562E+07 0.135639E+04 0.2994E+02      0 0.0000E+00       0      0      0      0    20098    1170     294     611    2981     9632   13574       0
 162   1  0.628894E+07 0.129420E+04 0.2172E+02      0 0.0000E+00       0      0      0      0    20312    1283     300     649    3175     9270   13557       0
 163   1  0.630016E+07 0.132854E+04 0.0000E+00      0 0.0000E+00       0      0      0      0    20071    1201     301     637    3131     9417   13603       0
 164   1  0.631079E+07 0.131285E+04 0.1539E+02      0 0.0000E+00       0      0      0      0    20161    1143     297     618    2982     9474   13471       0
 165   1  0.632461E+07 0.130874E+04 0.2712E+02      0 0.0000E+00       0      0      0      0    19917    1234     316     650    3211     9511   13728       0
 166   1  0.633581E+07 0.137436E+04 0.2471E+02      0 0.0000E+00       0      0      0      0    20189    1228     319     595    3118     9694   13576       0
 167   1  0.634697E+07 0.136869E+04 0.2126E+02      0 0.0000E+00       0      0      0      0    20330    1223     282     615    3062     9779   13636       0
 168   1  0.635735E+07 0.138684E+04 0.1473E+02      0 0.0000E+00       0      0      0      0    19989    1227     291     625    3060     9879   13420       0
 169   1  0.637093E+07 0.140098E+04 0.1257E+02      0 0.0000E+00       0      0      0      0    20359    1181     295     578    3099     9917   13672       0
 170   1  0.638309E+07 0.140423E+04 0.2597E+02      0 0.0000E+00       0      0      0      0    20225    1111     309     639    3065    10056   13464       0
 171   1  0.639827E+07 0.142194E+04 0.3966E+02      0 0.0000E+00       0      0      0      0    20270    1111     299     621    3172    10137   13706       0
 172   1  0.641155E+07 0.141273E+04 0.2086E+02      0 0.0000E+00       0      0      0      0    20104    1127     283     614    3157    10044   13608       0
 173   1  0.643011E+07 0.141316E+04 0.3849E+02      0 0.0000E+00       0      0      0      0    20431    1186     274     682    3122    10159   13638       0
 174   1  0.644110E+07 0.143088E+04 0.1511E+02      0 0.0000E+00       0      0      0      0    20477    1220     280     603    3031    10315   13584       0
 175   1  0.645401E+07 0.143718E+04 0.2836E+02      0 0.0000E+00       0      0      0      0    20512    1160     282     607    3138    10430   13737       0
 176   1  0.646806E+07 0.141328E+04 0.1921E+02      0 0.0000E+00       0      0      0      0    20403    1158     284     614    3195    10316   13584       0
 177   1  0.647960E+07 0.145418E+04 0.3866E+02      0 0.0000E+00       0      0      0      0    20516    1127     278     586    3041    10405   13548       0
 178   1  0.649455E+07 0.146083E+04 0.1873E+02      0 0.0000E+00       0      0      0      0    20593    1226     284     554    3036    10666   13449       0
 179   1  0.650916E+07 0.145957E+04 0.1311E+02      0 0.0000E+00       0      0      0      0    20519    1141     311     582    3110    10611   13692       0
 180   1  0.652420E+07 0.144283E+04 0.1786E+02      0 0.0000E+00       0      0      0      0    20541    1120     293     604    3085    10671   13579       0
 181   1  0.653659E+07 0.147664E+04 0.2305E+02      0 0.0000E+00       0      0      0      0    20414    1176     254     595    3209    10599   13300       0
 182   1  0.655113E+07 0.147848E+04 0.2410E+02      0 0.0000E+00       0      0      0      0    20437    1169     219     613    3068    10974   13370       0
 183   1  0.656511E+07 0.151843E+04 0.4544E+02      0 0.0000E+00       0      0      0      0    20493    1134     266     604    2977    11035   13354       0
 184   1  0.658257E+07 0.149721E+04 0.1607E+02      0 0.0000E+00       0      0      0      0    20461    1118     277     588    3083    10915   13333       0
 185   1  0.659794E+07 0.146670E+04 0.1488E+02      0 0.0000E+00       0      0      0      0    20673    1140     274     598    3031    10865   13278       0
 186   1  0.661834E+07 0.154150E+04 0.3521E+02      0 0.0000E+00       0      0      0      0    20979    1140     299     582    3050    11050   13787       0
 187   1  0.663169E+07 0.151749E+04 0.2698E+02      0 0.0000E+00       0      0      0      0    20963    1199     266     584    3027    11132   13396       0
 188   1  0.664917E+07 0.150939E+04 0.3867E+02      0 0.0000E+00       0      0      0      0    21076    1196     278     607    3049    11426   13549       0
 189   1  0.666333E+07 0.152397E+04 0.4672E+02      0 0.0000E+00       0      0      0      0    20769    1195     275     622    3118    11263   13731       0
 190   1  0.667968E+07 0.154983E+04 0.5324E+01      0 0.0000E+00       0      0      0      0    20913    1126     299     598    2979    11524   13317       0
 191   1  0.669411E+07 0.155604E+04 0.6781E+01      0 0.0000E+00       0      0      0      0    20882    1135     274     573    2977    11606   13297       0
 192   1  0.671454E+07 0.154076E+04 0.2164E+02      0 0.0000E+00       0      0      0      0    21008    1112     272     598    3136    11490   13482       0
 193   1  0.673422E+07 0.163102E+04 0.2539E+02      0 0.0000E+00       0      0      0      0    20917    1149     266     632    3175    11852   13774       0
 194   1  0.674725E+07 0.157868E+04 0.1650E+02      0 0.0000E+00       0      0      0      0    20816    1117     266     606    3095    11674   13334       0
 195   1  0.676543E+07 0.159428E+04 0.2124E+02      0 0.0000E+00       0      0      0      0    21149    1099     275     624    3042    11945   13434       0
 196   1  0.678227E+07 0.161412E+04 0.3210E+02      0 0.0000E+00       0      0      0      0    21244    1117     264     585    3105    11962   13731       0
 197   1  0.680039E+07 0.162602E+04 0.1037E+02      0 0.0000E+00       0      0      0      0    21335    1087     234     583    3089    12149   13538       0
 198   1  0.681860E+07 0.163466E+04 0.1025E+02      0 0.0000E+00       0      0      0      0    21333    1175     272     581    3159    12088   13431       0
 199   1  0.683286E+07 0.167931E+04 0.4058E+02      0 0.0000E+00       0      0      0      0    21331    1141     272     580    3067    12368   13652       0
 200   1  0.684661E+07 0.164654E+04 0.4117E+02      0 0.0000E+00       0      0      0      0    21158    1058     249     536    2947    12489   13414       0
 201   1  0.686748E+07 0.168167E+04 0.9804E+01      0 0.0000E+00       0      0      0      0    21158    1062     225     572    3192    12499   13512       0
 202   1  0.688558E+07 0.167979E+04 0.1050E+02      0 0.0000E+00       0      0      0      0    21203    1090     261     553    3192    12698   13409       0
 203   1  0.690391E+07 0.174312E+04 0.7334E+00      0 0.0000E+00       0      0      0      0    21325    1106     236     559    2994    12741   13362       0
 204   1  0.692821E+07 0.172906E+04 0.1306E+02      0 0.0000E+00       0      0      0      0    21569    1133     253     588    3132    12750   13675       0
 205   1  0.694952E+07 0.172227E+04 0.1791E+02      0 0.0000E+00       0      0      0      0    21778    1099     275     545    3158    12751   13693       0
 206   1  0.697205E+07 0.176468E+04 0.8245E+01      0 0.0000E+00       0      0      0      0    21556    1117     261     532    3065    13056   13501       0
 207   1  0.699695E+07 0.176642E+04 0.4521E+02      0 0.0000E+00       0      0      0      0    21542    1106     241     613    3177    13158   13634       0
 208   1  0.702683E+07 0.177858E+04 0.6586E+01      0 0.0000E+00       0      0      0      0    21616    1098     260     583    3095    13343   13445       0
 209   1  0.705647E+07 0.173227E+04 0.2071E+02      0 0.0000E+00       0      0      0      0    21500    1111     227     573    3131    13240   13582       0
 210   1  0.708851E+07 0.180087E+04 0.6703E+01      0 0.0000E+00       0      0      0      0    21764    1160     240     542    3137    13473   13812       0
 211   1  0.712196E+07 0.182514E+04 0.3153E+02      0 0.0000E+00       0      0      0      0    21883    1076     256     546    3003    13636   13645       0
 212   1  0.715001E+07 0.177537E+04 0.1398E+02      0 0.0000E+00       0      0      0      0    22150    1170     266     554    3006    13483   13612       0
 213   1  0.717877E+07 0.181807E+04 0.1856E+02      0 0.0000E+00       0      0      0      0    22123    1036     244     566    3144    13769   13629       0
 214   1  0.720692E+07 0.181932E+04 0.1876E+02      0 0.0000E+00       0      0      0      0    22165    1099     229     610    3174    13847   13780       0
 215   1  0.723487E+07 0.184495E+04 0.3685E+02      0 0.0000E+00       0      0      0      0    22258    1105     251     534    3129    13978   13821       0
 216   1  0.726466E+07 0.184326E+04 0.2192E+02      0 0.0000E+00       0      0      0      0    22452    1099     224     536    3090    14090   13713       0
 217   1  0.729317E+07 0.185752E+04 0.3683E+02      0 0.0000E+00       0      0      0      0    22276    1107     210     579    3050    14400   13851       0
 218   1  0.732352E+07 0.187910E+04 0.2167E+02      0 0.0000E+00       0      0      0      0    22303    1094     259     539    3129    14359   13569       0
 219   1  0.735777E+07 0.191776E+04 0.1553E+02      0 0.0000E+00       0      0      0      0    22631    1035     235     527    3077    14609   13793       0
 220   1  0.739414E+07 0.194242E+04 0.3738E+02      0 0.0000E+00       0      0      0      0    22460    1134     216     586    3181    14693   14027       0
 221   1  0.742618E+07 0.193741E+04 0.4651E+02      0 0.0000E+00       0      0      0      0    22259    1081     216     574    3138    14920   13759       0
 222   1  0.746184E+07 0.199924E+04 0.2117E+02      0 0.0000E+00       0      0      0      0    22460    1060     233     537    3210    15223   13998       0
 223   1  0.749337E+07 0.199393E+04 0.5853E+02      0 0.0000E+00       0      0      0      0    22333    1087     232     564    3119    15162   13636       0
 224   1  0.752718E+07 0.200912E+04 0.4340E+02      0 0.0000E+00       0      0      0      0    22598    1067     204     551    3144    15302   13660       0
 225   1  0.755839E+07 0.208090E+04 0.1407E+02      0 0.0000E+00       0      0      0      0    22674    1079     232     510    3222    15783   13890       0
 226   1  0.759262E+07 0.202384E+04 0.1900E+02      0 0.0000E+00       0      0      0      0    22824    1092     244     569    3084    15767   13945       0
 227   1  0.762613E+07 0.208504E+04 0.2784E+02      0 0.0000E+00       0      0      0      0    22946    1050     253     545    3026    16137   13876       0
 228   1  0.766429E+07 0.213972E+04 0.2303E+02      0 0.0000E+00       0      0      0      0    23327    1091     210     495    3154    16450   13884       0
 229   1  0.770324E+07 0.216169E+04 0.4031E+02      0 0.0000E+00       0      0      0      0    22837    1011     220     489    3176    16605   13931       0
 230   1  0.774948E+07 0.216376E+04 0.2781E+02      0 0.0000E+00       0      0      0      0    22741    1105     224     538    3220    16630   14052       0
 231   1  0.779800E+07 0.215951E+04 0.1555E+02      0 0.0000E+00       0      0      0      0    23108    1095     226     493    3193    16870   13878       0
 232   1  0.784622E+07 0.223753E+04 0.1455E+02      0 0.0000E+00       0      0      0      0    23013    1013     213     496    3104    17165   13818       0
 233   1  0.790328E+07 0.223591E+04 0.3338E+02      0 0.0000E+00       0      0      0      0    23355    1099     211     549    3170    17368   14010       0
 234   1  0.795233E+07 0.226591E+04 0.2541E+02      0 0.0000E+00       0      0      0      0    23502    1083     204     539    3031    17435   13958       0
 235   1  0.800663E+07 0.227102E+04 0.1832E+02      0 0.0000E+00       0      0      0      0    23116    1055     214     506    3105    17440   13971       0
 236   1  0.806805E+07 0.227699E+04 0.4062E+02      0 0.0000E+00       0      0      0      0    23459    1084     230     525    3086    17865   13933       0
 237   1  0.812349E+07 0.228963E+04 0.7176E+02      0 0.0000E+00       0      0      0      0    23493    1036     219     494    3085    17712   13878       0
 238   1  0.818308E+07 0.235565E+04 0.2184E+02      0 0.0000E+00       0      0      0      0    23468    1019     210     534    3115    18349   14047       0
 239   1  0.824978E+07 0.235716E+04 0.5264E+02      0 0.0000E+00       0      0      0      0    23430    1063     210     511    3141    18358   14146       0
 240   1  0.831514E+07 0.237502E+04 0.5675E+02      0 0.0000E+00       0      0      0      0    23491    1035     224     483    3013    18474   14109       0
 241   1  0.838684E+07 0.246045E+04 0.2218E+02      0 0.0000E+00       0      0      0      0    23849    1053     207     486    3000    18797   14236       0
 242   1  0.846322E+07 0.242516E+04 0.1828E+02      0 0.0000E+00       0      0      0      0    23581    1040     201     517    3145    18922   14273       0
 243   1  0.854149E+07 0.244620E+04 0.1117E+02      0 0.0000E+00       0      0      0      0    23749    1006     198     485    3143    19204   14261       0
 244   1  0.862390E+07 0.248271E+04 0.4057E+02      0 0.0000E+00       0      0      0      0    23915    1122     230     508    3091    19175   14394       0
 245   1  0.871054E+07 0.247797E+04 0.6189E+02      0 0.0000E+00       0      0      0      0    23996     994     216     493    3136    19348   14500       0
 246   1  0.880103E+07 0.250019E+04 0.2748E+02      0 0.0000E+00       0      0      0      0    24219    1104     215     494    3031    19573   14661       0
 247   1  0.889692E+07 0.255252E+04 0.2960E+02      0 0.0000E+00       0      0      0      0    24297    1077     198     488    3223    19805   14765       0
 248   1  0.899802E+07 0.259399E+04 0.1696E+02      0 0.0000E+00       0      0      0      0    24438    1052     195     494    3093    20194   14870       0
 249   1  0.910719E+07 0.262778E+04 0.1133E+02      0 0.0000E+00       0      0      0      0    24858    1089     200     492    3290    20301   15072       0
 250   1  0.921564E+07 0.265744E+04 0.2909E+02      0 0.0000E+00       0      0      0      0    24950    1104     192     469    3242    20703   15030       0
 251   1  0.933498E+07 0.269085E+04 0.5439E+02      0 0.0000E+00       0      0      0      0    24912    1107     231     504    3142    21196   15201       0
 252   1  0.945967E+07 0.267756E+04 0.2111E+02      0 0.0000E+00       0      0      0      0    25148    1131     207     446    3123    21131   15247       0
 253   1  0.959698E+07 0.280341E+04 0.1136E+02      0 0.0000E+00       0      0      0      0    25652    1186     225     466    3375    21760   15678       0
 254   1  0.973486E+07 0.275443E+04 0.1513E+02      0 0.0000E+00       0      0      0      0    25677    1121     222     422    3275    21830   15744       0
 255   1  0.988628E+07 0.290378E+04 0.7403E+01      0 0.0000E+00       0      0      0      0    25589    1131     212     500    3414    22515   15800       0
 256   1  0.100445E+08 0.289843E+04 0.2127E+02      0 0.0000E+00       0      0      0      0    26132    1174     216     480    3297    22576   15863       0
 257   1  0.102164E+08 0.290820E+04 0.5090E+01      0 0.0000E+00       0      0      0      0    26460    1145     198     476    3322    22869   16070       0
 258   1  0.104027E+08 0.295255E+04 0.6911E+02      0 0.0000E+00       0      0      0      0    26805    1118     216     432    3345    23147   16469       0
 259   1  0.106048E+08 0.301124E+04 0.4079E+02      0 0.0000E+00       0      0      0      0    27324    1175     216     491    3515    23730   16551       0
 260   1  0.108193E+08 0.305249E+04 0.2772E+02      0 0.0000E+00       0      0      0      0    27942    1173     200     454    3426    24097   16784       0
 261   1  0.110534E+08 0.314471E+04 0.1921E+02      0 0.0000E+00       0      0      0      0    28493    1237     216     436    3489    24709   16993       0
 262   1  0.113102E+08 0.315396E+04 0.4056E+02      0 0.0000E+00       0      0      0      0    28963    1146     209     433    3571    24925   17208       0
 263   1  0.116027E+08 0.321560E+04 0.1771E+02      0 0.0000E+00       0      0      0      0    30393    1215     203     426    3668    25294   17725       0
 264   1  0.119134E+08 0.330662E+04 0.4834E+02      0 0.0000E+00       0      0      0      0    31804    1183     199     438    3673    26000   18089       0
 265   1  0.122709E+08 0.334245E+04 0.6612E+02      0 0.0000E+00       0      0      0      0    33200    1162     210     412    3742    26205   18201       0
 266   1  0.126732E+08 0.331372E+04 0.6880E+02      0 0.0000E+00       0      0      0      0    35830    1192     221     436    3875    26524   18757       0
 267   1  0.131339E+08 0.336920E+04 0.4145E+02      0 0.0000E+00       0      0      0      0    39639    1292     236     405    4110    26483   19601       0
 268   1  0.136579E+08 0.345028E+04 0.3613E+02      0 0.0000E+00       0      0      0      0    44067    1226     212     420    4029    27277   20152       0
 269   1  0.142698E+08 0.346116E+04 0.4252E+02      0 0.0000E+00       0      0      0      0    51906    1217     218     375    4253    27141   20871       0
 270   1  0.149940E+08 0.344260E+04 0.1085E+03      0 0.0000E+00       0      0      0      0    64670    1230     205     375    4374    27229   21967       0
 271   1  0.158454E+08 0.348276E+04 0.7879E+02      0 0.0000E+00       0      0      0      0    85294    1289     195     349    4169    27387   23292       0
 272   1  0.168560E+08 0.340739E+04 0.1439E+03      0 0.0000E+00       0      0      0      0   122236    1249     170     332    4033    26561   25347       0
 273   1  0.180120E+08 0.336872E+04 0.2015E+03      0 0.0000E+00       0      0      0      0   183830    1197     147     250    3918    26409   28339       0
 274   1  0.192302E+08 0.326866E+04 0.2093E+03      0 0.0000E+00       0      0      0      0   281336    1128     120     230    3607    25617   32331       0
 275   1  0.203288E+08 0.307153E+04 0.1496E+03      0 0.0000E+00       0      0      0      0   417252    1010      96     169    3078    23762   37025       0
 276   1  0.210249E+08 0.274345E+04 0.2304E+03      0 0.0000E+00       0      0      0      0   588936     888      93     101    2688    21426   43375       0
 277   1  0.209591E+08 0.239403E+04 0.2780E+03      0 0.0000E+00       0      0      0      0   769055     731      53      80    2181    18325   47604       0
 278   1  0.198185E+08 0.191152E+04 0.1633E+03      0 0.0000E+00       0      0      0      0   920967     516      47      52    1682    15015   50585       0
 279   1  0.174878E+08 0.144948E+04 0.2662E+03      0 0.0000E+00       0      0      0      0   989997     401      37      32    1265    11623   49740       0
 280   1  0.142426E+08 0.107296E+04 0.1523E+03      0 0.0000E+00       0      0      0      0   953501     307      43      30     895     8404   44437       0
 281   1  0.105663E+08 0.748824E+03 0.8423E+02      0 0.0000E+00       0      0      0      0   819402     169      36      22     668     6011   35841       0
 282   1  0.707311E+07 0.522592E+03 0.7662E+02      0 0.0000E+00       0      0      0      0   620056     150      25      17     447     4022   25780       0
 283   1  0.424988E+07 0.387313E+03 0.1423E+02      0 0.0000E+00       0      0      0      0   415129     109      28      24     392     2916   17047       0
 284   1  0.227195E+07 0.265808E+03 0.3046E+02      0 0.0000E+00       0      0      0      0   243682      82      31      18     321     2078   10283       0
 285   1  0.108569E+07 0.231931E+03 0.2569E+02      0 0.0000E+00       0      0      0      0   125185      85      30      16     281     1717    6081       0
 286   1  0.467808E+06 0.224599E+03 0.2700E+02      0 0.0000E+00       0      0      0      0    56768     113      23      13     291     1642    3734       0
 287   1  0.191367E+06 0.200700E+03 0.0000E+00      0 0.0000E+00       0      0      0      0    22489      80      33      22     272     1532    2564       0
 288   1  0.858896E+05 0.198688E+03 0.6472E+01      0 0.0000E+00       0      0      0      0     8561      92      24      17     285     1517    1998       0
 289   1  0.502418E+05 0.189943E+03 0.0000E+00      0 0.0000E+00       0      0      0      0     3520     103      31      16     296     1432    2016       0
 290   1  0.391372E+05 0.194617E+03 0.0000E+00      0 0.0000E+00       0      0      0      0     1801      98      31      13     281     1434    1836       0
 291   1  0.383069E+05 0.197460E+03 0.6403E+01      0 0.0000E+00       0      0      0      0     1538     112      33      16     290     1435    2000       0
 292   1  0.371684E+05 0.187850E+03 0.0000E+00      0 0.0000E+00       0      0      0      0     1439      77      23      14     295     1445    1860       0
 293   1  0.367591E+05 0.186685E+03 0.1341E+02      0 0.0000E+00       0      0      0      0     1463      93      30      11     257     1414    1867       0
 294   1  0.366573E+05 0.182611E+03 0.0000E+00      0 0.0000E+00       0      0      0      0     1377      87      25      18     294     1377    1889       0
 295   1  0.363732E+05 0.182587E+03 0.1733E+02      0 0.0000E+00       0      0      0      0     1413      92      21      21     278     1321    1837       0
 296   1  0.354884E+05 0.192444E+03 0.6355E+01      0 0.0000E+00       0      0      0      0     1328      85      27      10     272     1409    1753       0
 297   1  0.353754E+05 0.175569E+03 0.0000E+00      0 0.0000E+00       0      0      0      0     1312      86      27      13     267     1344    1766       0
 298   1  0.358087E+05 0.184770E+03 0.0000E+00      0 0.0000E+00       0      0      0      0     1360      82      28      14     271     1337    1835       0
 299   1  0.349386E+05 0.176428E+03 0.0000E+00      0 0.0000E+00       0      0      0      0     1390      79      26      12     227     1299    1739       0
 300   1  0.342794E+05 0.172970E+03 0.3384E+01      0 0.0000E+00       0      0      0      0     1260      72      19      16     216     1343    1690       0
 301   0  0.000000E+00 0.000000E+00 0.0000E+00      0 0.0000E+00       0      0      0      0        0       0       0       0       0        0       0       0
  SUMM:   0.196245E+10 0.411205E+06 0.8849E+04     68 0.7496E+03       0      0      0      0 12830317  334066   78015  165024  877032  2971308 4179802       0
 ZONE  MED     C10     C11     N12     N13     O13     O14     O15     F17     F18
    1    1     343     810       1     346       2      81    1892       0       0
    2    1     321     848       0     357       2      89    1824       0       0
    3    1     327     822       0     322       5      86    1851       0       0
    4    1     367     812       0     328       5      93    1847       0       1
    5    1     330     794       0     373       2     106    1842       0       0
    6    1     312     779       0     310       4      86    1817       0       0
    7    1     322     804       0     335       2      96    1781       1       1
    8    1     374     809       0     404       6      93    1832       1       0
    9    1     359     854       0     352       5     115    1884       1       0
   10    1     368     781       0     347       5      94    1870       0       0
   11    1     309     840       0     348       0     112    1831       1       1
   12    1     326     777       0     331       3     103    1870       0       0
   13    1     326     859       0     339       2      94    1918       0       0
   14    1     341     847       0     354       7     122    1921       0       0
   15    1     305     838       0     361       1     104    1906       0       0
   16    1     330     813       0     346       5     113    1879       0       0
   17    1     311     810       0     331       0      94    1890       0       0
   18    1     299     789       0     339       0     106    1976       0       0
   19    1     319     826       0     350       2      81    1911       0       0
   20    1     341     822       0     339       6     108    1908       1       0
   21    1     331     800       0     336       3     101    1817       0       0
   22    1     320     808       0     362       5      97    1917       2       0
   23    1     346     891       0     358       2      80    1948       1       0
   24    1     314     857       0     392       2      97    1915       0       1
   25    1     366     810       0     357      13     110    1892       0       0
   26    1     313     814       0     316       2     110    1942       0       1
   27    1     330     813       0     342       4     103    1897       0       0
   28    1     324     847       0     344       3     108    1927       0       0
   29    1     329     802       0     376       7      92    1955       0       0
   30    1     321     844       0     322       7     110    1926       0       0
   31    1     331     799       0     398       0     107    1943       0       0
   32    1     358     840       0     399       4      88    1831       0       0
   33    1     322     853       0     340       3      94    2029       0       0
   34    1     352     833       0     338       5      92    1934       1       0
   35    1     281     832       0     359       1     110    1992       0       0
   36    1     332     765       0     355       4      99    1880       1       1
   37    1     294     826       0     357       3     107    1831       0       0
   38    1     355     844       0     361       3      90    1957       0       0
   39    1     344     840       0     367       5     126    1818       0       1
   40    1     339     789       0     392       4      98    1966       1       0
   41    1     323     870       0     372       6      99    1934       0       0
   42    1     336     818       0     340       3     101    1973       0       0
   43    1     311     805       0     382       4     115    2005       0       0
   44    1     348     834       0     375       4     101    1892       1       1
   45    1     317     829       0     331       2     116    1909       0       0
   46    1     341     818       0     368       1     119    1951       0       0
   47    1     345     841       0     375       2     104    1922       0       0
   48    1     348     849       0     363       5      89    1907       0       1
   49    1     346     872       0     410       3     106    2045       0       0
   50    1     330     824       0     385       4      96    1991       2       0
   51    1     370     806       0     366       5      98    2023       0       0
   52    1     327     882       0     366       2      86    1925       0       1
   53    1     346     811       0     325       3      90    1876       0       0
   54    1     323     843       0     353       2     107    2011       0       0
   55    1     314     832       0     348       4     115    1937       0       0
   56    1     329     895       0     379       4     104    1957       0       0
   57    1     324     813       0     364       6      94    2102       0       0
   58    1     346     835       0     326       2      90    2005       1       1
   59    1     324     780       0     367       3      90    1938       0       0
   60    1     370     856       0     419       4     121    1989       2       0
   61    1     309     832       0     375       3     118    2004       0       0
   62    1     349     854       0     365       5     108    2026       1       0
   63    1     349     827       0     367       2     100    2002       0       0
   64    1     343     822       0     343       4     103    1940       0       0
   65    1     331     880       0     364       5     119    2044       3       0
   66    1     343     851       0     354       1     101    2034       0       1
   67    1     323     846       0     332       4      85    1992       0       0
   68    1     334     833       0     369       4     112    2071       0       0
   69    1     320     839       0     351       7     112    2011       0       0
   70    1     313     878       0     397       4      82    2052       0       1
   71    1     322     811       1     329       2     103    2032       0       0
   72    1     325     772       0     350       4      91    2154       0       0
   73    1     352     853       0     357       7     119    2034       0       0
   74    1     321     848       1     345       5      91    1969       2       0
   75    1     307     803       0     342       4      80    2024       0       0
   76    1     344     811       1     372       2     107    2023       1       0
   77    1     339     868       0     364       2     114    2013       0       0
   78    1     325     856       0     370       1      94    2059       0       0
   79    1     336     866       1     374       0      91    1951       0       0
   80    1     299     780       0     355       2     100    2037       0       0
   81    1     314     851       0     385       3     102    2060       1       0
   82    1     323     786       0     356       2     101    2021       0       0
   83    1     325     832       0     346       2     115    1996       1       1
   84    1     313     784       0     359       4      96    2043       1       0
   85    1     325     798       0     352       4      90    2076       0       0
   86    1     333     808       0     373       2      98    2049       0       0
   87    1     335     815       0     312       1     103    2030       0       0
   88    1     321     844       0     352       1      96    1989       1       0
   89    1     310     778       0     366       3      92    1979       1       0
   90    1     305     861       0     358       3      94    2041       1       0
   91    1     355     833       0     370       4     103    2011       0       0
   92    1     313     838       1     358       8     113    2090       0       0
   93    1     347     833       0     364       2      85    1999       0       0
   94    1     297     789       0     341       2     107    2051       0       0
   95    1     325     788       0     367       6      94    2038       0       1
   96    1     337     873       1     351       3     102    2038       1       0
   97    1     333     848       0     367       5     115    2000       0       1
   98    1     322     822       0     366       3     117    1998       0       0
   99    1     315     774       0     381       4     100    2052       0       0
  100    1     329     848       0     310       3     117    2031       0       0
  101    1     302     858       0     335       2     100    1986       2       0
  102    1     304     843       0     346       1     105    1979       1       1
  103    1     311     820       0     326       2      97    1996       2       0
  104    1     361     824       0     346       2      96    1907       0       1
  105    1     337     808       0     394       3      98    2043       1       0
  106    1     319     843       0     351       6     101    2027       0       1
  107    1     296     795       1     330       5      90    2114       1       0
  108    1     352     841       0     340       4      96    2056       2       0
  109    1     314     836       0     339       6      97    2061       2       0
  110    1     305     826       0     332       4     107    2082       0       1
  111    1     319     823       0     362       4      93    1989       0       1
  112    1     346     794       0     370       3     105    2091       1       0
  113    1     318     858       0     366       3      94    1939       0       2
  114    1     327     843       0     339       2     105    2037       0       0
  115    1     312     834       0     388       4     107    2087       0       0
  116    1     337     791       0     375       0     102    1952       1       1
  117    1     302     836       0     349       2      97    2094       0       0
  118    1     303     844       0     359       3     109    2018       1       0
  119    1     320     830       0     365       6     107    2009       0       0
  120    1     294     771       0     320       5     114    1962       0       0
  121    1     321     857       0     347       1      94    1999       0       0
  122    1     321     773       0     368       5     103    2009       0       0
  123    1     334     824       0     367       2      93    1958       1       0
  124    1     317     774       0     344       6     106    2039       0       0
  125    1     324     793       0     350       2      91    2017       0       0
  126    1     310     829       0     383       3     103    2019       0       0
  127    1     350     812       0     365       6     103    2018       1       0
  128    1     360     858       0     359       3     124    2015       0       2
  129    1     324     806       0     347       6     110    2028       0       1
  130    1     338     848       0     339       4      89    1984       0       0
  131    1     302     839       0     374       1      94    2098       1       1
  132    1     310     813       0     349       1     105    2002       0       1
  133    1     334     821       0     336       1     101    2041       1       1
  134    1     329     864       0     369       3     105    2068       0       1
  135    1     333     784       0     347       5     113    2036       0       0
  136    1     341     803       0     378       4      98    1965       0       0
  137    1     331     866       0     382       3     100    1956       1       0
  138    1     294     779       0     384       1     108    1982       1       1
  139    1     317     830       0     343       2     117    1966       0       0
  140    1     314     796       0     359       2     101    2085       1       0
  141    1     291     870       0     359       5     114    1972       1       0
  142    1     307     808       0     331       2      87    2029       0       2
  143    1     320     764       0     312       4      96    2098       0       0
  144    1     332     817       0     405       5      98    2085       1       0
  145    1     307     826       0     364       4     104    2034       0       0
  146    1     310     845       1     373       5     103    1987       0       0
  147    1     303     782       0     358       5     127    2097       1       0
  148    1     295     805       0     387       2     101    1975       0       0
  149    1     334     810       0     353       4     113    2058       0       0
  150    1     319     877       3     346       4     109    2034       1       0
  151    1     307     834       0     375       4      99    1998       1       1
  152    1     321     819       0     372       4     129    2002       0       2
  153    1     311     787       0     355       6     105    1999       0       0
  154    1     269     816       0     350       4      98    1996       0       0
  155    1     314     855       0     379      10     116    1971       0       1
  156    1     328     788       1     380       2      93    2023       0       1
  157    1     306     783       0     382       2     111    2007       0       1
  158    1     356     841       0     375       1     109    2084       1       0
  159    1     303     791       0     371       1     102    2081       0       0
  160    1     292     806       0     348       2     115    1961       1       1
  161    1     304     816       0     351       6      97    2131       0       1
  162    1     307     794       0     362       3      94    1976       1       0
  163    1     284     826       0     380       5     108    2058       0       0
  164    1     302     774       1     365       1     105    2062       0       0
  165    1     287     849       0     338       5     108    2125       0       0
  166    1     271     837       0     356       4      98    2099       0       2
  167    1     301     859       0     361       5      91    2092       0       0
  168    1     309     762       0     365       5     102    1984       0       0
  169    1     310     804       0     357       5      97    2148       1       0
  170    1     276     840       0     318       1      95    2047       0       0
  171    1     307     798       0     364       3     118    2050       0       1
  172    1     329     769       0     358       3      87    2068       1       0
  173    1     295     772       0     383       0     108    2024       3       0
  174    1     327     793       0     365       5     108    2033       0       0
  175    1     305     820       0     369       5     117    2108       2       0
  176    1     317     823       0     359       7      97    2106       1       0
  177    1     294     831       0     364       3      97    2064       1       0
  178    1     309     763       0     342       0      96    2057       1       0
  179    1     335     816       0     369       2      96    2167       1       0
  180    1     272     786       0     366       1     119    1997       0       0
  181    1     295     788       0     346       5     101    2001       0       1
  182    1     308     814       0     327       7      94    2029       0       0
  183    1     275     748       0     332       4      97    2041       0       1
  184    1     279     820       0     338       2     106    1985       0       0
  185    1     280     764       0     327       3      97    1977       2       0
  186    1     304     789       0     395       3     102    2149       0       0
  187    1     293     741       0     361       2     110    2057       0       0
  188    1     321     852       1     355       4     105    2001       1       3
  189    1     300     799       0     319       2     116    2069       1       0
  190    1     301     761       0     347       5     102    2066       0       0
  191    1     238     780       1     395       3     110    2044       1       0
  192    1     296     774       0     385       1      88    1995       0       1
  193    1     276     831       0     372       0      99    2084       0       2
  194    1     265     807       2     343       4      98    2038       0       0
  195    1     256     801       0     338       3      85    1924       1       0
  196    1     320     799       0     350       4     102    2131       0       0
  197    1     306     795       0     368       1      90    2021       0       1
  198    1     307     801       0     334       3      97    1956       0       0
  199    1     315     790       0     387       5     105    2092       1       1
  200    1     291     814       0     357       1      94    1996       1       1
  201    1     284     792       0     346       4     107    2026       2       0
  202    1     286     779       0     355       3     100    2121       0       0
  203    1     297     709       0     383       3      87    2094       0       0
  204    1     262     837       0     373       4      85    2113       0       0
  205    1     278     783       1     387       4     113    2056       0       1
  206    1     298     790       0     364       5      97    2085       0       0
  207    1     252     782       0     367       4     114    2036       0       1
  208    1     255     806       0     369       6      99    2023       0       0
  209    1     286     785       0     314       2      92    2082       0       0
  210    1     273     798       0     347       3      97    2160       0       0
  211    1     256     787       0     418       0     116    2121       1       0
  212    1     258     772       0     347       4     112    2055       0       1
  213    1     292     806       0     358       3     105    2053       0       0
  214    1     267     760       0     369       4     108    2152       0       0
  215    1     281     786       0     372       3     103    2131       0       1
  216    1     297     770       0     399       6     111    2095       0       0
  217    1     281     819       1     398       4     127    2010       3       0
  218    1     279     727       0     372       2     116    2074       1       0
  219    1     265     800       0     400       4     106    2111       0       1
  220    1     306     768       0     371       5     106    2185       1       1
  221    1     285     747       0     343       5     117    2108       0       1
  222    1     272     763       0     347       2     123    2178       1       1
  223    1     253     739       1     357       2     111    2081       0       0
  224    1     276     743       0     376       2     100    2101       0       1
  225    1     264     730       0     338       6     101    2135       0       0
  226    1     273     765       0     370       8     110    2082       0       0
  227    1     275     727       0     374       1      91    2159       0       1
  228    1     267     750       0     355       8     122    2135       1       0
  229    1     259     748       0     370       3      93    2158       1       0
  230    1     259     732       0     381       1     119    2263       0       0
  231    1     239     737       1     367       6      96    2204       1       0
  232    1     255     722       0     377       5     111    2155       0       0
  233    1     261     720       0     385       5     118    2174       0       0
  234    1     277     740       0     376       3     108    2201       0       1
  235    1     237     768       0     396       6     115    2242       0       0
  236    1     271     690       0     403       6     104    2124       1       0
  237    1     249     700       1     388       6     124    2282       0       0
  238    1     241     762       0     401       1     102    2259       0       0
  239    1     249     694       0     378       1     114    2139       1       0
  240    1     222     679       0     369       4      93    2254       1       0
  241    1     248     678       0     408       2     105    2279       1       0
  242    1     255     711       0     359       4      96    2254       0       1
  243    1     261     670       1     352       0     104    2326       0       0
  244    1     230     685       0     378       0     119    2343       2       0
  245    1     239     711       0     386       5     128    2290       2       0
  246    1     230     676       0     401       7     126    2465       0       2
  247    1     215     695       0     381       5     121    2391       0       0
  248    1     189     697       0     394       2     117    2472       1       0
  249    1     223     675       0     416       2     135    2466       1       0
  250    1     229     606       0     425       5      93    2550       3       0
  251    1     233     653       0     421       2     127    2545       1       0
  252    1     219     646       0     426       2     158    2556       0       0
  253    1     212     621       0     419       2     146    2821       1       0
  254    1     219     620       0     430       3     136    2724       2       0
  255    1     216     622       0     447       0     141    2713       1       0
  256    1     196     520       0     415       1     137    2830       0       0
  257    1     177     582       1     459       1     165    2836       0       2
  258    1     177     537       0     426       2     149    2918       1       1
  259    1     199     524       0     405       2     165    3006       0       6
  260    1     156     513       0     440       5     147    3043       1       2
  261    1     156     473       0     445       1     136    3130       0       0
  262    1     115     431       1     439       0     172    3140       0       1
  263    1     138     422       0     461       0     156    3271       0       0
  264    1     119     399       0     388       0     163    3357       0       1
  265    1      96     390       0     422       0     164    3406       1       1
  266    1      72     334       0     404       0     168    3449       2       0
  267    1      53     311       0     395       0     169    3605       1       0
  268    1      50     278       0     346       0     156    3764       1       2
  269    1      35     231       0     260       0     160    3703       1       0
  270    1      18     184       0     300       0     147    3729       1       1
  271    1      10     194       0     271       1     124    3778       3       4
  272    1      11     134       0     227       0     123    3817       0       3
  273    1      12      91       0     184       0      88    3451       0       6
  274    1       4      70       1     174       0      83    3209       2       2
  275    1       7      42       0     138       0      65    2854       0       4
  276    1       5      34       0     136       0      45    2315       0       3
  277    1       5      28       0     126       0      27    1838       3       4
  278    1       4      18       0     138       0      19    1273       1       4
  279    1       2      20       0      92       0       6     871       3       2
  280    1       4      25       0      75       0      10     563       3       2
  281    1       2      21       0      53       0       3     324       1       2
  282    1       1      22       0      23       0       3     182       1       0
  283    1       4      22       0      10       1       1      93       2       1
  284    1       3      17       0       7       0       1      91       0       0
  285    1       5      21       0      12       0       0      90       0       0
  286    1       1      22       0       5       0       0      76       0       0
  287    1       2      22       0       3       0       1      79       0       0
  288    1       8      24       0       4       0       3      57       1       0
  289    1       3      18       0       5       0       2      65       0       0
  290    1       2      26       0       3       0       0      77       0       0
  291    1       2      13       0       8       0       0      72       0       0
  292    1       4      11       0      10       0       3      69       0       0
  293    1       2       8       0       8       0       4      81       0       0
  294    1       4      15       0       3       0       2      72       0       0
  295    1       3      15       0       7       0       2      77       0       0
  296    1       1      12       0       6       0       0      67       0       0
  297    1       3      21       0       5       0       3      67       0       0
  298    1       1      18       0       2       0       0      79       0       0
  299    1       3      12       0       2       0       1      68       0       0
  300    1       2      14       0       7       0       2      62       0       0
  301    0       0       0       0       0       0       0       0       0       0
   SUM ==>   80018  211315      27  100123     890   29449  596796     138     124
