10000000
300
 ZONE MED   LOSS(MEV)      (MEV)    EXCITATION    PI0   (MEV)        PI+     K+    MU-    MU+     PROT    DEUT    TRIT     HE3    ALPH     ELSC    INEL    FISS
   1   1  0.449826E+07 0.645875E+03 0.1657E+02      0 0.0000E+00       0      0      0      0     4724     920     255     588    2758     3590   11122       0
   2   1  0.454972E+07 0.620319E+03 0.2061E+02      2 0.3213E+02       0      0      0      0     6347    1171     293     653    2801     3515   11168       0
   3   1  0.458216E+07 0.667186E+03 0.1296E+02      2 0.2986E+02       0      0      0      0     7006    1152     289     645    2763     3732   11268       0
   4   1  0.461137E+07 0.641226E+03 0.4718E+01      2 0.5047E+02       0      0      0      0     7739    1152     319     654    2704     3728   11163       0
   5   1  0.463599E+07 0.639151E+03 0.7943E+01      3 0.4620E+02       0      0      0      0     8296    1223     310     654    2816     3800   11360       0
   6   1  0.466358E+07 0.659985E+03 0.1193E+02      2 0.3612E+02       0      0      0      0     8838    1222     321     626    2973     3889   11574       0
   7   1  0.468539E+07 0.677440E+03 0.4013E+01      2 0.2608E+02       0      0      0      0     9069    1273     327     706    2867     3917   11535       0
   8   1  0.470353E+07 0.696069E+03 0.1032E+01      1 0.2566E+02       0      0      0      0     9434    1154     333     660    2844     4023   11548       0
   9   1  0.472036E+07 0.690548E+03 0.1003E+02      1 0.4395E+01       0      0      0      0     9695    1169     325     650    2821     4080   11731       0
  10   1  0.474402E+07 0.724938E+03 0.1361E+02      3 0.3584E+02       0      0      0      0    10204    1215     332     636    2908     4154   11926       0
  11   1  0.476026E+07 0.696384E+03 0.2827E+02      0 0.0000E+00       0      0      0      0    10406    1240     321     646    2994     3990   11873       0
  12   1  0.477807E+07 0.709829E+03 0.2618E+02      1 0.1244E+02       0      0      0      0    10399    1289     312     689    2911     4168   11911       0
  13   1  0.479473E+07 0.728867E+03 0.2062E+02      1 0.8682E+01       0      0      0      0    10793    1275     309     670    2909     4151   12023       0
  14   1  0.481209E+07 0.707959E+03 0.4383E+01      0 0.0000E+00       0      0      0      0    10876    1261     335     690    3018     4195   11966       0
  15   1  0.482188E+07 0.721365E+03 0.1748E+01      0 0.0000E+00       0      0      0      0    11032    1256     303     636    2872     4292   11923       0
  16   1  0.483882E+07 0.734085E+03 0.1723E+02      0 0.0000E+00       0      0      0      0    11222    1301     333     672    2957     4298   12093       0
  17   1  0.485357E+07 0.729970E+03 0.2772E+02      4 0.4956E+02       0      0      0      0    11532    1220     279     680    3066     4307   12057       0
  18   1  0.486776E+07 0.730055E+03 0.1960E+02      2 0.3473E+02       0      0      0      0    11658    1236     329     666    3011     4257   12335       0
  19   1  0.488136E+07 0.751731E+03 0.1575E+02      0 0.0000E+00       0      0      0      0    11651    1358     303     622    2988     4486   12163       0
  20   1  0.489151E+07 0.728495E+03 0.7032E+02      3 0.3571E+02       0      0      0      0    11765    1293     303     635    2888     4448   12024       0
  21   1  0.490653E+07 0.729226E+03 0.2547E+02      1 0.8496E+01       0      0      0      0    11908    1291     329     651    2952     4436   12097       0
  22   1  0.492285E+07 0.745811E+03 0.9339E+01      1 0.1718E+01       0      0      0      0    12331    1326     322     654    2895     4452   12228       0
  23   1  0.494027E+07 0.766375E+03 0.1960E+02      1 0.2235E+02       0      0      0      0    12605    1354     326     654    3050     4523   12550       0
  24   1  0.494496E+07 0.778077E+03 0.1312E+02      0 0.0000E+00       0      0      0      0    12248    1284     290     692    2884     4558   12218       0
  25   1  0.496298E+07 0.777780E+03 0.3012E+01      2 0.2117E+02       0      0      0      0    12790    1323     306     665    3153     4576   12606       0
  26   1  0.497347E+07 0.778320E+03 0.8396E+01      0 0.0000E+00       0      0      0      0    12734    1268     285     655    2864     4734   12409       0
  27   1  0.498462E+07 0.782667E+03 0.4215E+02      1 0.9044E+01       0      0      0      0    12828    1235     303     656    2906     4608   12179       0
  28   1  0.499714E+07 0.768545E+03 0.4051E+02      0 0.0000E+00       0      0      0      0    12864    1200     326     642    2882     4714   12184       0
  29   1  0.500398E+07 0.778481E+03 0.1645E+02      2 0.3437E+01       0      0      0      0    13199    1276     282     585    2868     4689   12477       0
  30   1  0.501990E+07 0.817000E+03 0.2356E+02      3 0.4631E+02       0      0      0      0    12996    1331     296     656    2952     4866   12436       0
  31   1  0.503556E+07 0.798962E+03 0.1025E+02      0 0.0000E+00       0      0      0      0    13416    1316     311     694    2975     5019   12486       0
  32   1  0.504636E+07 0.795627E+03 0.2488E+02      0 0.0000E+00       0      0      0      0    13692    1209     301     686    3123     4800   12636       0
  33   1  0.505318E+07 0.817000E+03 0.1946E+02      2 0.9567E+01       0      0      0      0    13567    1180     307     660    2875     4941   12497       0
  34   1  0.506574E+07 0.801152E+03 0.2384E+02      1 0.9508E+01       0      0      0      0    13619    1229     302     670    2980     4794   12494       0
  35   1  0.507668E+07 0.795253E+03 0.7724E+01      3 0.1814E+02       0      0      0      0    13581    1236     329     668    3032     4954   12421       0
  36   1  0.509299E+07 0.803063E+03 0.1019E+02      0 0.0000E+00       0      0      0      0    13915    1293     321     650    2968     4981   12757       0
  37   1  0.510107E+07 0.796466E+03 0.2800E+02      0 0.0000E+00       0      0      0      0    13931    1269     308     644    2949     4928   12498       0
  38   1  0.511262E+07 0.829813E+03 0.1400E+02      3 0.4368E+02       0      0      0      0    14058    1288     306     693    2965     5040   12840       0
  39   1  0.512613E+07 0.811675E+03 0.8423E+01      2 0.2992E+02       0      0      0      0    14076    1259     317     671    2994     5086   12715       0
  40   1  0.513680E+07 0.808737E+03 0.0000E+00      0 0.0000E+00       0      0      0      0    14348    1264     306     636    2984     5062   12746       0
  41   1  0.514740E+07 0.846859E+03 0.2107E+02      1 0.7814E+01       0      0      0      0    14324    1305     353     685    3095     5211   12849       0
  42   1  0.515956E+07 0.854953E+03 0.1925E+02      0 0.0000E+00       0      0      0      0    14371    1265     388     675    3114     5276   12912       0
  43   1  0.517226E+07 0.836820E+03 0.3180E+01      0 0.0000E+00       0      0      0      0    14613    1322     338     670    3217     5201   12883       0
  44   1  0.518209E+07 0.854865E+03 0.2716E+02      2 0.3675E+02       0      0      0      0    14418    1268     340     672    3068     5255   12811       0
  45   1  0.518983E+07 0.840779E+03 0.3166E+02      1 0.2720E+01       0      0      0      0    14817    1250     307     603    2996     5227   12851       0
  46   1  0.520185E+07 0.815471E+03 0.3702E+02      1 0.2044E+02       0      0      0      0    14925    1266     360     687    3071     5285   12937       0
  47   1  0.521172E+07 0.851267E+03 0.9824E+01      0 0.0000E+00       0      0      0      0    14844    1310     307     665    3078     5356   12935       0
  48   1  0.522423E+07 0.861562E+03 0.3248E+02      0 0.0000E+00       0      0      0      0    14987    1286     347     673    3063     5265   12959       0
  49   1  0.523318E+07 0.860721E+03 0.2587E+02      0 0.0000E+00       0      0      0      0    15223    1257     333     662    3057     5490   13127       0
  50   1  0.524303E+07 0.853538E+03 0.6253E+01      0 0.0000E+00       0      0      0      0    15196    1288     328     625    3094     5339   12985       0
  51   1  0.525123E+07 0.861177E+03 0.4255E+02      0 0.0000E+00       0      0      0      0    15108    1269     330     659    3033     5482   12819       0
  52   1  0.526163E+07 0.872360E+03 0.1694E+02      0 0.0000E+00       0      0      0      0    15367    1265     323     654    2998     5519   12915       0
  53   1  0.527373E+07 0.871979E+03 0.1183E+01      0 0.0000E+00       0      0      0      0    15387    1261     307     678    3099     5461   13156       0
  54   1  0.528177E+07 0.857917E+03 0.0000E+00      1 0.7068E+01       0      0      0      0    15466    1299     346     676    3227     5454   13092       0
  55   1  0.528995E+07 0.861430E+03 0.1175E+02      0 0.0000E+00       0      0      0      0    15468    1329     303     606    3048     5492   12959       0
  56   1  0.529936E+07 0.855853E+03 0.2390E+01      0 0.0000E+00       0      0      0      0    15541    1230     318     643    3061     5463   12999       0
  57   1  0.531561E+07 0.894348E+03 0.1611E+02      0 0.0000E+00       0      0      0      0    16016    1285     301     644    3182     5700   13290       0
  58   1  0.531917E+07 0.890733E+03 0.2391E+02      0 0.0000E+00       0      0      0      0    16007    1234     336     674    3040     5598   13004       0
  59   1  0.533042E+07 0.877987E+03 0.4460E+01      0 0.0000E+00       0      0      0      0    15761    1294     301     693    3081     5594   13140       0
  60   1  0.533705E+07 0.896959E+03 0.3931E+02      0 0.0000E+00       0      0      0      0    15855    1266     334     662    3136     5777   13082       0
  61   1  0.534426E+07 0.885759E+03 0.7521E+01      0 0.0000E+00       0      0      0      0    15654    1303     331     669    3164     5672   13105       0
  62   1  0.535492E+07 0.912154E+03 0.5522E+02      0 0.0000E+00       0      0      0      0    15951    1322     305     664    3124     5645   13215       0
  63   1  0.536155E+07 0.879016E+03 0.1017E+02      0 0.0000E+00       0      0      0      0    15771    1269     304     622    3110     5841   12994       0
  64   1  0.537137E+07 0.910510E+03 0.6730E+01      0 0.0000E+00       0      0      0      0    16170    1237     301     637    2932     5835   13286       0
  65   1  0.538244E+07 0.911832E+03 0.2162E+02      0 0.0000E+00       0      0      0      0    15804    1349     319     633    3053     5734   13175       0
  66   1  0.539269E+07 0.913184E+03 0.1102E+02      0 0.0000E+00       0      0      0      0    16245    1265     332     650    3046     5904   13188       0
  67   1  0.540716E+07 0.914058E+03 0.1211E+02      0 0.0000E+00       0      0      0      0    16400    1345     305     660    3170     5793   13405       0
  68   1  0.540577E+07 0.942615E+03 0.2892E+02      0 0.0000E+00       0      0      0      0    16017    1252     319     648    3095     6036   12977       0
  69   1  0.541921E+07 0.930788E+03 0.2031E+02      1 0.1366E+02       0      0      0      0    16434    1332     308     620    3031     5797   13275       0
  70   1  0.542566E+07 0.931674E+03 0.0000E+00      0 0.0000E+00       0      0      0      0    16452    1240     299     588    3026     6004   13013       0
  71   1  0.543712E+07 0.886815E+03 0.1764E+02      0 0.0000E+00       0      0      0      0    16403    1296     320     605    3042     5851   13174       0
  72   1  0.544873E+07 0.933254E+03 0.1489E+02      0 0.0000E+00       0      0      0      0    16674    1207     292     654    3109     6064   13327       0
  73   1  0.545385E+07 0.956248E+03 0.3947E+02      0 0.0000E+00       0      0      0      0    16746    1230     296     610    2935     6138   13238       0
  74   1  0.546383E+07 0.959339E+03 0.1736E+02      0 0.0000E+00       0      0      0      0    16587    1238     324     651    3114     6179   13264       0
  75   1  0.547668E+07 0.948324E+03 0.4868E+02      0 0.0000E+00       0      0      0      0    16812    1297     312     642    3047     6269   13244       0
  76   1  0.548526E+07 0.960253E+03 0.2046E+02      0 0.0000E+00       0      0      0      0    16830    1282     325     676    3277     6055   13303       0
  77   1  0.548755E+07 0.947831E+03 0.3012E+02      0 0.0000E+00       0      0      0      0    16815    1281     313     608    3103     6177   13139       0
  78   1  0.549907E+07 0.928403E+03 0.4762E+02      0 0.0000E+00       0      0      0      0    16901    1215     312     673    3051     6100   13168       0
  79   1  0.550755E+07 0.953296E+03 0.0000E+00      0 0.0000E+00       0      0      0      0    16520    1330     307     679    3068     6285   13154       0
  80   1  0.552019E+07 0.938536E+03 0.3431E+02      0 0.0000E+00       0      0      0      0    16841    1265     299     653    3170     6224   13280       0
  81   1  0.553182E+07 0.947872E+03 0.6832E+01      0 0.0000E+00       0      0      0      0    17273    1210     313     696    3294     6165   13439       0
  82   1  0.553727E+07 0.937967E+03 0.3473E+02      0 0.0000E+00       0      0      0      0    17180    1263     341     692    3060     6197   13277       0
  83   1  0.554604E+07 0.961656E+03 0.3078E+02      0 0.0000E+00       0      0      0      0    16969    1235     314     603    3150     6298   13344       0
  84   1  0.555501E+07 0.958879E+03 0.1834E+02      0 0.0000E+00       0      0      0      0    17361    1242     314     653    3278     6257   13492       0
  85   1  0.556244E+07 0.989891E+03 0.4630E+02      0 0.0000E+00       0      0      0      0    17386    1280     310     655    3117     6438   13379       0
  86   1  0.556759E+07 0.995025E+03 0.3212E+02      0 0.0000E+00       0      0      0      0    17239    1265     330     579    3146     6449   13313       0
  87   1  0.557886E+07 0.979799E+03 0.1262E+02      0 0.0000E+00       0      0      0      0    17173    1270     322     626    3281     6541   13443       0
  88   1  0.558598E+07 0.101560E+04 0.2994E+02      0 0.0000E+00       0      0      0      0    17231    1212     336     657    3076     6457   13220       0
  89   1  0.559623E+07 0.994111E+03 0.2252E+02      0 0.0000E+00       0      0      0      0    17447    1303     329     663    3233     6508   13500       0
  90   1  0.560469E+07 0.984394E+03 0.0000E+00      0 0.0000E+00       0      0      0      0    17545    1220     309     615    3062     6471   13275       0
  91   1  0.561127E+07 0.100520E+04 0.4643E+01      0 0.0000E+00       0      0      0      0    17361    1251     301     636    3156     6533   13287       0
  92   1  0.562490E+07 0.101216E+04 0.8244E+01      0 0.0000E+00       0      0      0      0    17714    1301     322     642    3226     6550   13741       0
  93   1  0.563120E+07 0.992750E+03 0.5787E+02      0 0.0000E+00       0      0      0      0    17676    1282     323     630    3190     6500   13479       0
  94   1  0.563756E+07 0.994801E+03 0.3769E+01      0 0.0000E+00       0      0      0      0    17329    1260     306     641    3224     6576   13320       0
  95   1  0.564671E+07 0.987408E+03 0.5029E+01      0 0.0000E+00       0      0      0      0    17733    1189     299     629    2998     6645   13054       0
  96   1  0.565591E+07 0.999163E+03 0.2514E+02      0 0.0000E+00       0      0      0      0    17519    1303     322     665    3246     6697   13404       0
  97   1  0.566386E+07 0.100730E+04 0.7620E+02      0 0.0000E+00       0      0      0      0    17844    1277     305     650    3078     6701   13399       0
  98   1  0.567041E+07 0.101781E+04 0.0000E+00      0 0.0000E+00       0      0      0      0    17835    1196     286     641    3104     6748   13422       0
  99   1  0.568010E+07 0.990503E+03 0.4071E+02      0 0.0000E+00       0      0      0      0    17937    1200     322     674    3107     6515   13547       0
 100   1  0.568881E+07 0.101395E+04 0.6456E+01      0 0.0000E+00       0      0      0      0    17924    1224     340     666    3107     6698   13384       0
 101   1  0.569550E+07 0.101332E+04 0.4195E+02      0 0.0000E+00       0      0      0      0    17757    1278     321     724    3022     6717   13423       0
 102   1  0.570593E+07 0.105457E+04 0.4168E+02      0 0.0000E+00       0      0      0      0    18049    1219     279     666    3222     6867   13406       0
 103   1  0.571095E+07 0.101687E+04 0.1980E+02      0 0.0000E+00       0      0      0      0    17771    1216     308     641    3192     6763   13408       0
 104   1  0.572310E+07 0.103450E+04 0.5128E+02      0 0.0000E+00       0      0      0      0    18081    1306     310     704    3123     6833   13476       0
 105   1  0.573167E+07 0.102293E+04 0.2749E+02      0 0.0000E+00       0      0      0      0    18070    1288     310     649    3137     6764   13432       0
 106   1  0.573721E+07 0.102432E+04 0.2325E+02      0 0.0000E+00       0      0      0      0    18063    1290     333     593    3094     6844   13360       0
 107   1  0.574494E+07 0.104893E+04 0.2582E+02      0 0.0000E+00       0      0      0      0    18110    1203     309     656    3170     6950   13360       0
 108   1  0.575123E+07 0.104788E+04 0.5386E+02      0 0.0000E+00       0      0      0      0    18236    1210     299     610    3141     6874   13354       0
 109   1  0.575891E+07 0.102774E+04 0.2714E+02      0 0.0000E+00       0      0      0      0    18052    1270     291     644    3001     6928   13570       0
 110   1  0.577111E+07 0.105017E+04 0.9128E+01      0 0.0000E+00       0      0      0      0    18451    1218     317     654    3048     7103   13498       0
 111   1  0.577925E+07 0.105591E+04 0.1431E+02      0 0.0000E+00       0      0      0      0    18335    1246     316     665    3180     7085   13495       0
 112   1  0.578539E+07 0.106152E+04 0.2745E+02      0 0.0000E+00       0      0      0      0    18606    1281     316     690    3142     7116   13383       0
 113   1  0.579243E+07 0.108189E+04 0.2565E+02      0 0.0000E+00       0      0      0      0    18323    1243     308     663    3374     7171   13663       0
 114   1  0.579822E+07 0.107859E+04 0.1323E+02      0 0.0000E+00       0      0      0      0    18477    1231     297     616    3153     7247   13401       0
 115   1  0.580731E+07 0.108624E+04 0.2925E+02      0 0.0000E+00       0      0      0      0    18383    1298     304     611    3220     7269   13634       0
 116   1  0.581190E+07 0.108984E+04 0.1510E+02      0 0.0000E+00       0      0      0      0    18464    1299     273     613    3065     7339   13371       0
 117   1  0.581998E+07 0.107556E+04 0.3563E+02      0 0.0000E+00       0      0      0      0    18415    1269     298     630    3050     7288   13366       0
 118   1  0.582743E+07 0.110449E+04 0.4229E+02      0 0.0000E+00       0      0      0      0    18347    1268     298     611    3166     7490   13311       0
 119   1  0.583392E+07 0.107404E+04 0.4162E+02      0 0.0000E+00       0      0      0      0    18793    1210     309     602    3028     7304   13407       0
 120   1  0.584174E+07 0.111037E+04 0.2944E+02      0 0.0000E+00       0      0      0      0    18637    1249     314     676    3212     7551   13511       0
 121   1  0.584546E+07 0.112573E+04 0.0000E+00      0 0.0000E+00       0      0      0      0    18228    1158     304     642    3145     7645   13362       0
 122   1  0.585416E+07 0.110383E+04 0.4405E+02      0 0.0000E+00       0      0      0      0    18464    1276     288     613    3018     7470   13386       0
 123   1  0.586651E+07 0.109487E+04 0.2869E+02      0 0.0000E+00       0      0      0      0    18693    1254     294     636    3138     7571   13465       0
 124   1  0.587193E+07 0.114646E+04 0.2164E+02      0 0.0000E+00       0      0      0      0    18556    1257     315     649    3185     7741   13425       0
 125   1  0.588056E+07 0.110925E+04 0.1590E+02      0 0.0000E+00       0      0      0      0    18691    1185     258     650    3109     7552   13337       0
 126   1  0.589047E+07 0.111596E+04 0.1922E+02      0 0.0000E+00       0      0      0      0    18720    1201     314     621    3098     7787   13487       0
 127   1  0.590310E+07 0.113620E+04 0.2900E+02      0 0.0000E+00       0      0      0      0    18778    1207     303     669    3102     7767   13383       0
 128   1  0.590815E+07 0.114994E+04 0.2956E+02      0 0.0000E+00       0      0      0      0    18934    1186     318     624    3013     7849   13230       0
 129   1  0.591709E+07 0.114192E+04 0.2152E+02      0 0.0000E+00       0      0      0      0    18820    1324     287     611    3177     7759   13579       0
 130   1  0.592638E+07 0.115968E+04 0.5266E+02      0 0.0000E+00       0      0      0      0    18745    1225     326     616    3077     7916   13499       0
 131   1  0.593747E+07 0.116415E+04 0.1938E+02      0 0.0000E+00       0      0      0      0    19071    1242     283     600    3111     7900   13458       0
 132   1  0.594293E+07 0.111874E+04 0.8622E+01      0 0.0000E+00       0      0      0      0    18968    1219     285     627    2995     7845   13316       0
 133   1  0.595244E+07 0.114265E+04 0.9519E+01      0 0.0000E+00       0      0      0      0    18817    1223     295     612    3063     7871   13450       0
 134   1  0.596033E+07 0.116249E+04 0.1800E+02      0 0.0000E+00       0      0      0      0    18909    1195     286     653    3242     8004   13342       0
 135   1  0.597003E+07 0.115963E+04 0.0000E+00      0 0.0000E+00       0      0      0      0    18861    1276     327     666    3150     8060   13441       0
 136   1  0.597959E+07 0.118184E+04 0.1108E+02      0 0.0000E+00       0      0      0      0    19213    1214     308     621    3042     8161   13734       0
 137   1  0.598732E+07 0.118165E+04 0.3279E+02      0 0.0000E+00       0      0      0      0    19255    1240     296     658    3020     8167   13391       0
 138   1  0.599708E+07 0.116525E+04 0.2788E+02      0 0.0000E+00       0      0      0      0    19072    1239     292     654    3258     8014   13451       0
 139   1  0.600260E+07 0.116947E+04 0.2026E+02      0 0.0000E+00       0      0      0      0    19068    1203     279     637    3151     8105   13393       0
 140   1  0.601037E+07 0.119814E+04 0.1805E+02      0 0.0000E+00       0      0      0      0    19130    1240     291     625    3018     8169   13388       0
 141   1  0.601928E+07 0.118704E+04 0.8130E+00      0 0.0000E+00       0      0      0      0    19267    1227     311     659    3190     8270   13494       0
 142   1  0.602572E+07 0.120896E+04 0.1034E+02      0 0.0000E+00       0      0      0      0    19376    1239     284     616    3125     8401   13359       0
 143   1  0.602993E+07 0.116298E+04 0.1767E+02      0 0.0000E+00       0      0      0      0    19092    1231     288     638    3097     8211   13538       0
 144   1  0.603985E+07 0.120073E+04 0.8313E+01      0 0.0000E+00       0      0      0      0    19528    1195     298     626    3100     8429   13461       0
 145   1  0.604716E+07 0.123009E+04 0.2794E+02      0 0.0000E+00       0      0      0      0    19274    1279     307     609    3184     8615   13545       0
 146   1  0.605409E+07 0.126819E+04 0.1515E+02      0 0.0000E+00       0      0      0      0    19427    1189     315     628    3186     8655   13644       0
 147   1  0.606169E+07 0.121945E+04 0.3055E+02      0 0.0000E+00       0      0      0      0    19309    1290     286     627    3233     8450   13776       0
 148   1  0.607060E+07 0.123562E+04 0.2690E+02      0 0.0000E+00       0      0      0      0    19702    1206     276     610    3155     8666   13506       0
 149   1  0.607179E+07 0.123151E+04 0.3047E+02      0 0.0000E+00       0      0      0      0    19561    1200     294     588    3064     8817   13557       0
 150   1  0.608320E+07 0.122045E+04 0.2292E+02      0 0.0000E+00       0      0      0      0    19492    1174     285     640    3305     8541   13552       0
 151   1  0.609135E+07 0.124092E+04 0.1115E+02      0 0.0000E+00       0      0      0      0    19347    1228     281     631    3076     8579   13440       0
 152   1  0.611039E+07 0.123572E+04 0.2164E+02      0 0.0000E+00       0      0      0      0    19686    1251     314     618    3121     8741   13698       0
 153   1  0.612859E+07 0.126477E+04 0.1607E+02      0 0.0000E+00       0      0      0      0    19671    1239     283     633    3164     8913   13555       0
 154   1  0.614902E+07 0.127324E+04 0.3746E+02      0 0.0000E+00       0      0      0      0    19827    1212     298     665    3158     9025   13638       0
 155   1  0.617089E+07 0.129398E+04 0.3798E+02      0 0.0000E+00       0      0      0      0    19678    1186     292     649    3080     8857   13535       0
 156   1  0.619336E+07 0.128172E+04 0.1740E+02      0 0.0000E+00       0      0      0      0    19782    1264     293     605    3102     8826   13560       0
 157   1  0.621232E+07 0.130801E+04 0.3423E+02      0 0.0000E+00       0      0      0      0    19666    1150     284     585    3036     9134   13374       0
 158   1  0.623233E+07 0.130934E+04 0.2456E+02      0 0.0000E+00       0      0      0      0    20046    1181     276     627    3047     9297   13554       0
 159   1  0.624980E+07 0.130932E+04 0.1492E+02      0 0.0000E+00       0      0      0      0    19909    1216     291     619    3270     9143   13593       0
 160   1  0.625767E+07 0.130635E+04 0.2695E+02      0 0.0000E+00       0      0      0      0    19702    1209     269     595    3121     9272   13281       0
 161   1  0.627477E+07 0.133123E+04 0.1762E+02      0 0.0000E+00       0      0      0      0    19925    1188     322     631    3223     9394   13843       0
 162   1  0.628776E+07 0.132093E+04 0.5151E+02      0 0.0000E+00       0      0      0      0    20132    1172     272     626    3063     9349   13628       0
 163   1  0.629716E+07 0.133686E+04 0.6131E+02      0 0.0000E+00       0      0      0      0    19947    1120     325     637    3079     9570   13434       0
 164   1  0.630849E+07 0.133625E+04 0.1648E+02      0 0.0000E+00       0      0      0      0    20074    1212     297     616    3079     9520   13467       0
 165   1  0.631953E+07 0.135121E+04 0.1493E+02      0 0.0000E+00       0      0      0      0    19796    1159     282     633    2943     9601   13271       0
 166   1  0.633325E+07 0.137534E+04 0.1207E+02      0 0.0000E+00       0      0      0      0    20131    1184     292     633    2909     9809   13569       0
 167   1  0.634911E+07 0.136831E+04 0.3793E+02      0 0.0000E+00       0      0      0      0    20118    1174     311     605    3173     9730   13535       0
 168   1  0.636102E+07 0.135499E+04 0.3276E+02      0 0.0000E+00       0      0      0      0    20160    1241     267     620    3093     9780   13562       0
 169   1  0.637366E+07 0.139841E+04 0.4312E+01      0 0.0000E+00       0      0      0      0    20395    1196     316     591    3091     9960   13451       0
 170   1  0.638714E+07 0.142423E+04 0.1753E+02      0 0.0000E+00       0      0      0      0    20285    1177     292     595    3261    10061   13586       0
 171   1  0.639829E+07 0.138493E+04 0.3755E+02      0 0.0000E+00       0      0      0      0    20170    1190     252     614    3136     9938   13652       0
 172   1  0.640898E+07 0.139810E+04 0.1815E+02      0 0.0000E+00       0      0      0      0    20119    1113     289     587    3067    10217   13237       0
 173   1  0.642677E+07 0.140406E+04 0.2898E+02      0 0.0000E+00       0      0      0      0    20433    1212     269     600    3089    10160   13550       0
 174   1  0.643950E+07 0.140928E+04 0.1172E+02      0 0.0000E+00       0      0      0      0    20206    1265     291     614    3065    10318   13606       0
 175   1  0.645282E+07 0.144208E+04 0.1462E+02      0 0.0000E+00       0      0      0      0    20495    1175     267     597    3156    10225   13546       0
 176   1  0.646462E+07 0.146863E+04 0.2157E+02      0 0.0000E+00       0      0      0      0    20441    1201     276     574    2949    10514   13443       0
 177   1  0.647250E+07 0.145437E+04 0.1744E+02      0 0.0000E+00       0      0      0      0    20325    1108     258     572    2921    10451   13128       0
 178   1  0.649361E+07 0.146927E+04 0.1587E+02      0 0.0000E+00       0      0      0      0    20741    1149     273     561    3186    10707   13596       0
 179   1  0.650739E+07 0.144694E+04 0.3345E+02      0 0.0000E+00       0      0      0      0    20196    1142     311     560    3159    10507   13467       0
 180   1  0.652271E+07 0.146801E+04 0.4807E+02      0 0.0000E+00       0      0      0      0    20722    1142     273     625    3090    10705   13680       0
 181   1  0.653803E+07 0.148118E+04 0.1738E+02      0 0.0000E+00       0      0      0      0    20780    1152     273     622    3021    10749   13518       0
 182   1  0.655113E+07 0.149714E+04 0.3169E+02      0 0.0000E+00       0      0      0      0    20422    1153     275     566    3011    10974   13465       0
 183   1  0.656691E+07 0.151523E+04 0.2949E+02      0 0.0000E+00       0      0      0      0    20814    1211     262     555    3015    10913   13301       0
 184   1  0.658429E+07 0.150837E+04 0.3532E+02      0 0.0000E+00       0      0      0      0    20891    1199     256     553    3210    10966   13727       0
 185   1  0.659700E+07 0.148671E+04 0.4159E+01      0 0.0000E+00       0      0      0      0    20593    1167     243     599    3082    10979   13636       0
 186   1  0.661657E+07 0.153376E+04 0.3424E+02      0 0.0000E+00       0      0      0      0    20957    1172     264     605    3146    11065   13750       0
 187   1  0.662740E+07 0.155505E+04 0.1937E+02      0 0.0000E+00       0      0      0      0    20727    1151     270     556    2925    11376   13348       0
 188   1  0.664642E+07 0.152013E+04 0.3508E+02      0 0.0000E+00       0      0      0      0    20900    1167     250     596    3138    11253   13585       0
 189   1  0.665974E+07 0.153703E+04 0.4188E+02      0 0.0000E+00       0      0      0      0    21023    1081     275     566    3002    11348   13524       0
 190   1  0.667565E+07 0.157372E+04 0.1733E+02      0 0.0000E+00       0      0      0      0    20695    1123     296     580    3111    11577   13391       0
 191   1  0.669168E+07 0.155320E+04 0.2004E+02      0 0.0000E+00       0      0      0      0    20651    1145     231     547    3146    11453   13460       0
 192   1  0.671249E+07 0.152600E+04 0.2557E+02      0 0.0000E+00       0      0      0      0    20831    1172     283     581    3173    11636   13440       0
 193   1  0.672716E+07 0.156005E+04 0.2246E+02      0 0.0000E+00       0      0      0      0    20813    1184     260     600    3007    11600   13405       0
 194   1  0.674553E+07 0.161312E+04 0.2642E+02      0 0.0000E+00       0      0      0      0    20940    1153     260     557    3109    11850   13455       0
 195   1  0.676180E+07 0.158887E+04 0.3622E+02      0 0.0000E+00       0      0      0      0    20801    1140     226     606    3047    11978   13278       0
 196   1  0.678095E+07 0.158577E+04 0.3431E+02      0 0.0000E+00       0      0      0      0    21306    1041     257     575    3123    11866   13645       0
 197   1  0.679741E+07 0.163047E+04 0.1255E+02      0 0.0000E+00       0      0      0      0    21241    1103     278     534    3086    12172   13530       0
 198   1  0.681487E+07 0.165913E+04 0.1245E+02      0 0.0000E+00       0      0      0      0    21185    1140     242     598    3024    12293   13447       0
 199   1  0.683277E+07 0.163584E+04 0.2912E+02      0 0.0000E+00       0      0      0      0    21035    1142     245     620    3087    12169   13491       0
 200   1  0.684879E+07 0.164576E+04 0.1267E+02      0 0.0000E+00       0      0      0      0    21367    1129     246     606    3151    12293   13440       0
 201   1  0.686483E+07 0.167532E+04 0.2156E+02      0 0.0000E+00       0      0      0      0    21199    1114     240     522    3064    12489   13254       0
 202   1  0.688142E+07 0.166816E+04 0.7431E+00      0 0.0000E+00       0      0      0      0    20964    1135     276     535    3030    12481   13406       0
 203   1  0.690412E+07 0.173776E+04 0.2870E+02      0 0.0000E+00       0      0      0      0    21460    1163     242     632    3058    12668   13762       0
 204   1  0.692618E+07 0.168491E+04 0.9257E+01      0 0.0000E+00       0      0      0      0    21559    1163     259     546    3061    12727   13553       0
 205   1  0.694580E+07 0.172086E+04 0.1053E+02      0 0.0000E+00       0      0      0      0    21632    1134     253     576    3055    12916   13472       0
 206   1  0.696962E+07 0.173452E+04 0.5174E+02      0 0.0000E+00       0      0      0      0    21391    1145     242     571    3123    12923   13589       0
 207   1  0.699577E+07 0.171303E+04 0.2117E+02      0 0.0000E+00       0      0      0      0    21644    1137     240     596    3088    12859   13557       0
 208   1  0.702468E+07 0.174707E+04 0.4432E+02      0 0.0000E+00       0      0      0      0    21514    1082     239     560    3078    13084   13465       0
 209   1  0.705965E+07 0.176346E+04 0.3556E+02      0 0.0000E+00       0      0      0      0    21819    1073     252     562    3147    13093   13580       0
 210   1  0.708961E+07 0.180072E+04 0.3028E+01      0 0.0000E+00       0      0      0      0    21900    1093     245     572    3162    13505   13605       0
 211   1  0.711796E+07 0.183194E+04 0.5615E+02      0 0.0000E+00       0      0      0      0    22064    1075     228     569    3216    13633   13595       0
 212   1  0.714516E+07 0.180709E+04 0.8121E+01      0 0.0000E+00       0      0      0      0    21822    1128     233     554    3221    13580   13718       0
 213   1  0.717435E+07 0.182537E+04 0.3093E+02      0 0.0000E+00       0      0      0      0    21730    1070     241     559    3089    13843   13621       0
 214   1  0.720232E+07 0.183624E+04 0.2286E+02      0 0.0000E+00       0      0      0      0    22067    1059     241     561    3009    13893   13617       0
 215   1  0.723238E+07 0.189462E+04 0.4041E+02      0 0.0000E+00       0      0      0      0    22053    1108     250     600    3164    14112   13811       0
 216   1  0.726136E+07 0.192468E+04 0.6008E+02      0 0.0000E+00       0      0      0      0    22171    1111     238     566    3079    14367   13723       0
 217   1  0.729342E+07 0.189235E+04 0.3564E+02      0 0.0000E+00       0      0      0      0    22406    1197     243     546    3076    14497   13790       0
 218   1  0.732243E+07 0.191259E+04 0.8869E+01      0 0.0000E+00       0      0      0      0    22398    1066     262     564    3138    14418   13764       0
 219   1  0.735445E+07 0.192088E+04 0.2941E+02      0 0.0000E+00       0      0      0      0    22170    1109     227     579    3188    14449   13806       0
 220   1  0.738920E+07 0.194714E+04 0.2731E+02      0 0.0000E+00       0      0      0      0    22132    1014     238     520    3033    14808   13612       0
 221   1  0.742462E+07 0.195241E+04 0.9484E+01      0 0.0000E+00       0      0      0      0    22420    1074     247     569    2968    14949   13569       0
 222   1  0.746164E+07 0.198668E+04 0.4525E+02      0 0.0000E+00       0      0      0      0    22669    1093     255     531    3109    15131   13861       0
 223   1  0.749121E+07 0.200895E+04 0.2520E+02      0 0.0000E+00       0      0      0      0    22345    1106     221     521    3079    15276   13670       0
 224   1  0.752548E+07 0.205562E+04 0.3536E+02      0 0.0000E+00       0      0      0      0    22442    1000     242     507    3288    15631   13842       0
 225   1  0.755766E+07 0.199357E+04 0.2676E+02      0 0.0000E+00       0      0      0      0    22661    1095     228     552    3085    15524   13811       0
 226   1  0.759130E+07 0.207535E+04 0.1361E+02      0 0.0000E+00       0      0      0      0    22865    1040     217     510    3035    15795   13959       0
 227   1  0.762607E+07 0.209494E+04 0.1971E+02      0 0.0000E+00       0      0      0      0    22993    1135     246     549    3094    16079   13937       0
 228   1  0.766286E+07 0.213432E+04 0.2880E+02      0 0.0000E+00       0      0      0      0    22769    1063     217     525    3134    16305   13708       0
 229   1  0.770493E+07 0.212185E+04 0.1916E+02      0 0.0000E+00       0      0      0      0    23130    1105     219     555    3260    16384   13848       0
 230   1  0.774688E+07 0.217409E+04 0.2504E+02      0 0.0000E+00       0      0      0      0    22797    1088     232     498    3146    16693   13948       0
 231   1  0.779705E+07 0.221040E+04 0.8084E+01      0 0.0000E+00       0      0      0      0    22935    1098     201     532    3135    17014   13957       0
 232   1  0.784758E+07 0.221745E+04 0.3470E+02      0 0.0000E+00       0      0      0      0    23270    1069     214     556    3094    17176   13854       0
 233   1  0.789734E+07 0.221581E+04 0.2100E+02      0 0.0000E+00       0      0      0      0    23166    1057     196     524    3050    17166   13801       0
 234   1  0.794705E+07 0.225983E+04 0.4169E+02      0 0.0000E+00       0      0      0      0    23196    1020     246     531    3036    17529   13810       0
 235   1  0.800438E+07 0.227773E+04 0.2171E+02      0 0.0000E+00       0      0      0      0    23073    1044     203     512    3111    17599   13885       0
 236   1  0.806384E+07 0.233166E+04 0.1405E+02      0 0.0000E+00       0      0      0      0    23334    1107     207     526    3154    18021   14213       0
 237   1  0.812296E+07 0.231462E+04 0.1200E+02      0 0.0000E+00       0      0      0      0    23387    1015     205     498    3091    17949   14186       0
 238   1  0.818572E+07 0.237508E+04 0.2270E+02      0 0.0000E+00       0      0      0      0    23309    1102     177     514    2983    18420   13939       0
 239   1  0.825250E+07 0.237944E+04 0.6366E+02      0 0.0000E+00       0      0      0      0    23450    1022     222     506    3153    18510   14280       0
 240   1  0.832231E+07 0.236913E+04 0.4134E+02      0 0.0000E+00       0      0      0      0    23599    1075     204     477    3213    18610   14101       0
 241   1  0.839248E+07 0.240215E+04 0.3484E+02      0 0.0000E+00       0      0      0      0    23874    1102     216     511    3126    18790   14240       0
 242   1  0.846572E+07 0.246577E+04 0.2190E+02      0 0.0000E+00       0      0      0      0    23720    1071     210     489    3154    19243   14523       0
 243   1  0.854667E+07 0.249292E+04 0.3427E+02      0 0.0000E+00       0      0      0      0    23895    1112     213     494    3111    19279   14509       0
 244   1  0.862625E+07 0.248871E+04 0.2147E+02      0 0.0000E+00       0      0      0      0    23903    1045     197     478    3022    19343   14289       0
 245   1  0.871589E+07 0.250661E+04 0.3307E+02      0 0.0000E+00       0      0      0      0    24099    1093     202     513    3239    19583   14558       0
 246   1  0.880612E+07 0.249507E+04 0.3570E+02      0 0.0000E+00       0      0      0      0    23973    1043     211     473    3248    19412   14776       0
 247   1  0.890825E+07 0.254727E+04 0.3220E+02      0 0.0000E+00       0      0      0      0    24486    1132     203     564    3353    19865   14977       0
 248   1  0.900430E+07 0.257642E+04 0.1367E+02      0 0.0000E+00       0      0      0      0    24673    1040     225     489    3215    20149   14981       0
 249   1  0.910812E+07 0.262529E+04 0.2586E+02      0 0.0000E+00       0      0      0      0    24681    1068     196     479    3195    20562   14872       0
 250   1  0.922310E+07 0.264631E+04 0.7945E+01      0 0.0000E+00       0      0      0      0    25255    1090     214     496    3259    20695   15402       0
 251   1  0.934111E+07 0.270932E+04 0.6645E+01      0 0.0000E+00       0      0      0      0    25120    1134     203     481    3263    21115   15261       0
 252   1  0.946622E+07 0.268083E+04 0.1732E+02      0 0.0000E+00       0      0      0      0    25344    1104     193     510    3294    20969   15343       0
 253   1  0.959802E+07 0.273258E+04 0.1783E+02      0 0.0000E+00       0      0      0      0    25589    1140     189     472    3380    21466   15600       0
 254   1  0.973685E+07 0.277583E+04 0.7282E+01      0 0.0000E+00       0      0      0      0    25800    1110     213     452    3336    21749   15531       0
 255   1  0.988830E+07 0.281202E+04 0.4193E+02      0 0.0000E+00       0      0      0      0    26043    1175     205     474    3373    22028   15800       0
 256   1  0.100490E+08 0.287481E+04 0.5944E+02      0 0.0000E+00       0      0      0      0    26167    1133     218     494    3413    22723   16118       0
 257   1  0.102201E+08 0.291126E+04 0.2675E+02      0 0.0000E+00       0      0      0      0    26583    1158     191     495    3395    22827   16176       0
 258   1  0.104010E+08 0.301930E+04 0.4418E+02      0 0.0000E+00       0      0      0      0    26820    1135     217     442    3494    23332   16250       0
 259   1  0.106039E+08 0.298854E+04 0.3000E+02      0 0.0000E+00       0      0      0      0    27439    1146     214     476    3492    23423   16614       0
 260   1  0.108194E+08 0.312104E+04 0.1670E+02      0 0.0000E+00       0      0      0      0    27857    1197     235     448    3473    24485   16632       0
 261   1  0.110548E+08 0.311152E+04 0.4127E+02      0 0.0000E+00       0      0      0      0    28621    1180     203     451    3615    24508   17184       0
 262   1  0.113129E+08 0.312961E+04 0.4221E+02      0 0.0000E+00       0      0      0      0    28730    1182     219     472    3573    24914   17243       0
 263   1  0.116014E+08 0.323874E+04 0.5745E+02      0 0.0000E+00       0      0      0      0    30650    1185     218     439    3638    25422   17669       0
 264   1  0.119178E+08 0.328492E+04 0.4258E+02      0 0.0000E+00       0      0      0      0    31915    1183     230     422    3888    25727   18160       0
 265   1  0.122721E+08 0.335559E+04 0.6877E+02      0 0.0000E+00       0      0      0      0    33662    1231     223     434    3745    26351   18404       0
 266   1  0.126721E+08 0.338966E+04 0.3988E+02      0 0.0000E+00       0      0      0      0    35970    1230     216     403    3985    26446   18806       0
 267   1  0.131287E+08 0.335139E+04 0.2319E+02      0 0.0000E+00       0      0      0      0    39000    1245     198     358    4015    26593   19341       0
 268   1  0.136585E+08 0.342173E+04 0.4791E+02      0 0.0000E+00       0      0      0      0    44505    1186     227     401    4148    26998   19985       0
 269   1  0.142691E+08 0.352879E+04 0.8315E+02      0 0.0000E+00       0      0      0      0    51721    1199     217     411    4263    27116   21011       0
 270   1  0.149952E+08 0.348713E+04 0.6506E+02      0 0.0000E+00       0      0      0      0    64411    1311     212     350    4385    27159   21897       0
 271   1  0.158469E+08 0.343004E+04 0.1170E+03      0 0.0000E+00       0      0      0      0    85619    1248     201     357    4157    27096   23321       0
 272   1  0.168567E+08 0.345167E+04 0.6882E+02      0 0.0000E+00       0      0      0      0   122102    1304     157     308    4138    27004   25245       0
 273   1  0.180088E+08 0.337797E+04 0.1436E+03      0 0.0000E+00       0      0      0      0   183392    1161     161     227    3892    26348   27965       0
 274   1  0.192285E+08 0.326319E+04 0.2445E+03      0 0.0000E+00       0      0      0      0   280781    1033     109     218    3578    25096   32163       0
 275   1  0.203346E+08 0.300696E+04 0.2783E+03      0 0.0000E+00       0      0      0      0   417446    1020      94     139    3127    23786   37333       0
 276   1  0.210305E+08 0.275086E+04 0.2174E+03      0 0.0000E+00       0      0      0      0   589409     839      87     128    2728    21272   42907       0
 277   1  0.209530E+08 0.236906E+04 0.2611E+03      0 0.0000E+00       0      0      0      0   771409     723      55      71    2163    18477   48327       0
 278   1  0.198029E+08 0.193466E+04 0.1979E+03      0 0.0000E+00       0      0      0      0   918919     494      56      46    1661    15215   50774       0
 279   1  0.174861E+08 0.147642E+04 0.1281E+03      0 0.0000E+00       0      0      0      0   988259     384      47      35    1246    11681   49221       0
 280   1  0.142444E+08 0.106843E+04 0.1179E+03      0 0.0000E+00       0      0      0      0   954179     290      29      31     826     8452   44096       0
 281   1  0.105694E+08 0.761857E+03 0.8838E+02      0 0.0000E+00       0      0      0      0   817858     192      39      23     576     5824   35669       0
 282   1  0.708864E+07 0.509716E+03 0.2848E+02      0 0.0000E+00       0      0      0      0   620117     135      38      22     430     3970   26114       0
 283   1  0.426575E+07 0.359575E+03 0.2713E+02      0 0.0000E+00       0      0      0      0   417056      92      22      18     371     2765   17515       0
 284   1  0.228150E+07 0.279042E+03 0.5450E+02      0 0.0000E+00       0      0      0      0   244398     112      28      16     325     2062   10409       0
 285   1  0.109135E+07 0.222703E+03 0.6549E+02      0 0.0000E+00       0      0      0      0   125708      95      22      16     286     1710    6093       0
 286   1  0.472395E+06 0.211793E+03 0.0000E+00      0 0.0000E+00       0      0      0      0    56992     109      25      23     318     1580    3694       0
 287   1  0.193987E+06 0.216767E+03 0.1363E+02      0 0.0000E+00       0      0      0      0    22837      79      41      13     289     1601    2636       0
 288   1  0.865427E+05 0.191554E+03 0.1341E+02      0 0.0000E+00       0      0      0      0     8659     117      31      16     274     1464    2144       0
 289   1  0.504690E+05 0.186609E+03 0.3254E+01      0 0.0000E+00       0      0      0      0     3453      89      34      12     274     1426    1925       0
 290   1  0.403422E+05 0.201404E+03 0.0000E+00      0 0.0000E+00       0      0      0      0     1911     101      33      13     266     1408    1956       0
 291   1  0.377785E+05 0.187820E+03 0.6844E+01      0 0.0000E+00       0      0      0      0     1527      99      28      16     277     1415    1866       0
 292   1  0.371960E+05 0.187759E+03 0.0000E+00      0 0.0000E+00       0      0      0      0     1412     105      22      23     283     1396    1878       0
 293   1  0.371366E+05 0.198410E+03 0.1914E+01      0 0.0000E+00       0      0      0      0     1493      78      36      19     270     1456    1934       0
 294   1  0.372157E+05 0.190414E+03 0.1554E+02      0 0.0000E+00       0      0      0      0     1434     100      25      19     296     1465    1863       0
 295   1  0.358060E+05 0.191470E+03 0.0000E+00      0 0.0000E+00       0      0      0      0     1344     100      27      17     266     1378    1768       0
 296   1  0.353506E+05 0.183311E+03 0.1281E+02      0 0.0000E+00       0      0      0      0     1398      81      20       9     272     1374    1791       0
 297   1  0.359349E+05 0.180461E+03 0.0000E+00      0 0.0000E+00       0      0      0      0     1293     104      31      16     276     1420    1868       0
 298   1  0.357524E+05 0.180773E+03 0.6110E+01      0 0.0000E+00       0      0      0      0     1388      85      25      23     258     1375    1828       0
 299   1  0.353549E+05 0.174569E+03 0.1690E+02      0 0.0000E+00       0      0      0      0     1285      86      27       8     254     1411    1790       0
 300   1  0.355136E+05 0.180503E+03 0.6432E+01      0 0.0000E+00       0      0      0      0     1335      93      27      11     288     1332    1763       0
 301   0  0.000000E+00 0.000000E+00 0.0000E+00      0 0.0000E+00       0      0      0      0        0       0       0       0       0        0       0       0
  SUMM:   0.196242E+10 0.411340E+06 0.8682E+04     58 0.7397E+03       0      0      0      0 12830151  334857   77575  164551  877742  2970134 4178165       0
 ZONE  MED     C10     C11     N12     N13     O13     O14     O15     F17     F18
    1    1     348     738       0     341       3      88    1850       0       0
    2    1     327     810       0     371       4      90    1845       3       1
    3    1     277     828       0     311       4     106    1897       1       0
    4    1     300     828       1     296       5      97    1862       0       0
    5    1     296     835       0     349       1      99    1834       0       0
    6    1     332     752       1     349       8      98    1859       1       1
    7    1     336     781       0     337      12     114    1870       0       0
    8    1     344     760       0     348       3     101    1903       0       0
    9    1     344     839       2     327       1     112    1830       0       0
   10    1     307     804       0     395       4      88    1901       1       0
   11    1     318     830       0     327       6     114    1913       0       0
   12    1     358     839       0     353       2     101    1842       1       0
   13    1     343     789       0     328       2      91    1943       0       0
   14    1     325     841       1     351       2     110    1848       0       1
   15    1     335     801       0     365       2     104    1798       0       0
   16    1     329     802       0     347       2     118    1889       0       0
   17    1     347     784       0     331       1     115    1947       1       0
   18    1     347     847       0     346       9      96    1917       0       0
   19    1     327     886       0     351       7      90    1886       0       0
   20    1     310     857       0     356       4     104    1856       2       1
   21    1     329     821       0     347       6      90    1860       0       0
   22    1     289     823       0     341       8      90    1876       0       0
   23    1     374     827       0     343       2     112    1993       0       1
   24    1     322     854       0     361       1      99    1930       0       0
   25    1     324     803       0     366       5      95    2084       1       0
   26    1     356     820       0     364       1     109    1860       0       1
   27    1     343     788       0     363       5     121    1938       1       0
   28    1     355     807       0     317       0     111    1915       0       1
   29    1     326     854       0     323       2     108    1942       1       0
   30    1     344     811       0     355       2     108    1956       1       0
   31    1     339     809       0     365       5      87    1976       2       0
   32    1     343     822       0     344       1     101    1931       0       0
   33    1     314     779       0     345       2      98    1977       0       1
   34    1     360     805       0     385       5      86    1958       0       0
   35    1     316     863       0     344       3     106    1872       1       0
   36    1     336     823       0     370       1      97    1919       0       0
   37    1     341     789       0     315       4      98    1958       0       1
   38    1     327     858       0     362       2     110    1978       0       0
   39    1     319     843       0     337       5     130    1979       1       0
   40    1     339     782       0     347       2      96    1972       2       0
   41    1     358     801       0     379       5     102    1982       2       0
   42    1     342     826       0     336       9     110    1984       2       0
   43    1     345     819       0     343       0      98    1953       1       0
   44    1     306     847       0     373       0     103    2004       1       0
   45    1     352     808       0     338       0     103    1994       0       0
   46    1     332     792       0     394       3     118    1998       0       0
   47    1     291     802       0     343       4     111    1961       1       0
   48    1     293     847       0     382       2      90    1908       0       1
   49    1     328     875       0     350       2      95    2007       0       0
   50    1     334     892       1     353       3     112    1991       2       0
   51    1     332     840       0     353       6      90    2022       0       0
   52    1     369     830       0     337       5      95    2010       1       1
   53    1     392     822       0     385       3      97    1972       0       0
   54    1     333     860       0     391       2      81    1907       1       0
   55    1     317     821       0     355       3      85    1964       1       0
   56    1     320     797       1     328       5     104    2018       0       0
   57    1     341     855       0     393       4      84    2023       0       0
   58    1     346     838       0     377       1      84    1976       0       0
   59    1     335     851       0     389       5      76    2005       0       0
   60    1     342     851       0     391       7     102    1957       0       1
   61    1     329     833       0     388       3      99    1942       0       0
   62    1     320     829       0     379       1      81    1998       0       0
   63    1     321     780       0     348       1      97    1963       1       0
   64    1     341     859       0     354       3     118    2060       0       0
   65    1     343     839       1     377       2      86    2044       0       0
   66    1     344     877       0     371       3     112    2018       1       0
   67    1     327     907       0     371       1     109    2030       0       1
   68    1     337     792       0     360       5      94    1973       0       1
   69    1     318     812       0     373       3      94    2060       2       0
   70    1     309     782       0     343       4      83    1960       1       0
   71    1     321     838       0     350       2     108    1919       0       0
   72    1     348     802       0     359       0     111    2077       1       0
   73    1     309     835       0     355       3     105    1989       0       0
   74    1     349     822       0     375       7     108    2006       0       0
   75    1     340     790       0     349       2     100    2032       2       0
   76    1     302     866       0     357       1      98    1994       0       0
   77    1     333     851       0     372       2      97    1972       0       1
   78    1     348     841       0     347       4      95    1984       0       0
   79    1     328     844       0     365       4     100    2011       0       0
   80    1     327     867       0     362       1      98    1972       1       1
   81    1     343     826       0     368       5      95    2052       0       0
   82    1     297     823       0     361       2     106    2022       0       0
   83    1     322     853       1     375       3      87    2050       0       0
   84    1     322     837       0     352       2     114    1998       0       1
   85    1     349     891       0     362       4     103    1995       0       0
   86    1     317     863       0     363       4      96    1978       0       0
   87    1     355     795       1     332       2     108    1962       0       0
   88    1     324     813       0     368       8     101    2014       0       0
   89    1     360     800       0     334       3     133    2101       1       0
   90    1     302     798       0     387       4      91    2038       1       0
   91    1     322     824       1     354       3     102    2030       0       0
   92    1     300     867       0     382       5      98    2118       0       1
   93    1     338     756       0     364       4     105    2037       1       1
   94    1     312     798       0     330       4      91    2020       0       0
   95    1     303     822       0     342       7      99    1958       0       1
   96    1     342     861       0     343       3      85    1967       1       0
   97    1     331     795       0     339       2     117    2003       1       1
   98    1     303     839       0     341       1     116    2019       0       0
   99    1     320     817       0     343       5     120    2073       0       0
  100    1     324     814       0     346       2     102    2066       0       0
  101    1     302     833       0     371       6      98    1979       1       0
  102    1     296     834       0     382       3      93    2061       1       0
  103    1     317     803       0     387       2     100    1996       0       1
  104    1     320     849       0     350       7      87    2008       0       1
  105    1     336     819       0     381       5     111    2061       0       0
  106    1     330     820       0     379       2     101    1996       0       1
  107    1     336     891       0     351       3     113    2048       0       1
  108    1     327     866       0     360       5      90    2045       0       0
  109    1     327     776       0     390       2      99    2042       0       0
  110    1     347     796       0     376       8     124    1930       1       0
  111    1     344     798       0     355       4      96    1923       0       0
  112    1     327     843       0     372       4     117    1977       1       0
  113    1     354     883       0     361       2     105    2031       0       5
  114    1     315     846       1     328       0     119    2037       0       0
  115    1     331     831       0     382       2     109    1964       0       0
  116    1     334     773       0     358       2     103    2001       2       0
  117    1     333     816       0     302       2      96    2021       0       0
  118    1     302     802       0     374       3     106    2039       0       0
  119    1     289     804       0     369       4     111    2042       0       0
  120    1     315     842       0     356       1      87    2015       0       0
  121    1     316     815       0     345       4      98    1947       0       0
  122    1     298     854       0     385       3     100    2020       0       0
  123    1     316     885       0     369       1     116    2008       0       0
  124    1     299     836       0     371       3     111    2021       0       0
  125    1     315     794       0     338       0      98    1981       0       0
  126    1     285     818       0     334       4     109    1995       0       1
  127    1     292     800       0     403       1     103    2079       2       0
  128    1     298     742       0     342       1      95    2000       0       0
  129    1     336     863       0     343       1      98    2155       0       1
  130    1     285     802       0     359       1     106    2040       0       0
  131    1     305     818       0     325       5     101    1957       0       0
  132    1     330     769       0     407       2      98    2019       0       0
  133    1     296     859       0     360       2     107    2063       0       0
  134    1     315     829       0     366       2      90    2010       0       1
  135    1     317     799       0     371       5     104    1945       0       0
  136    1     301     806       0     423       1     106    2096       0       0
  137    1     303     813       0     384       3      91    1991       2       1
  138    1     325     823       0     353       4     116    2011       1       1
  139    1     349     806       0     370       3      86    2037       1       0
  140    1     353     770       0     339       6     102    1987       0       0
  141    1     301     800       0     357       5      99    2048       1       0
  142    1     311     797       0     360       4      95    2103       0       0
  143    1     284     814       0     391       4     108    2086       0       0
  144    1     312     819       0     351       5     108    1945       0       0
  145    1     318     789       0     359       2      94    1999       0       1
  146    1     329     817       0     346       6     113    2056       0       1
  147    1     328     826       0     364       4     111    2057       0       0
  148    1     342     835       0     348       4      92    1971       0       0
  149    1     293     824       0     358       3      89    2040       1       1
  150    1     269     783       0     354       7      85    1981       0       1
  151    1     314     825       0     357       2     107    2091       1       0
  152    1     311     837       0     355       3     121    2108       0       0
  153    1     309     844       0     376       4     106    2049       0       0
  154    1     328     839       0     378       4      95    2080       0       0
  155    1     286     821       0     375       1     110    2117       0       0
  156    1     305     853       1     404       2      96    2020       0       0
  157    1     280     838       0     329       4      98    2084       0       2
  158    1     332     799       0     350       2      91    2105       1       1
  159    1     325     820       0     341       2     122    2118       0       0
  160    1     310     765       0     365       2      87    2015       0       0
  161    1     333     768       1     356       1     104    2055       0       2
  162    1     302     812       0     395       3     106    2095       1       0
  163    1     332     801       0     335       3     109    2056       1       1
  164    1     302     810       0     385       1      91    2024       0       0
  165    1     291     780       0     366       7     107    2111       0       0
  166    1     286     784       1     356       3     106    2126       0       0
  167    1     290     801       0     328       5     104    2109       0       0
  168    1     285     818       0     342       2     102    2111       2       3
  169    1     288     759       0     372       4     101    2024       1       0
  170    1     303     753       0     383       2     114    2050       0       0
  171    1     319     817       0     369       2     104    2074       0       1
  172    1     304     762       0     342       3     105    2003       0       0
  173    1     308     855       0     359       3      90    2031       0       0
  174    1     302     822       0     363       3      98    2037       0       0
  175    1     304     765       0     365       7     109    2053       0       1
  176    1     314     758       0     364       6     110    2059       0       0
  177    1     268     816       0     348       3      94    1994       0       1
  178    1     323     769       0     349       5     118    2000       1       0
  179    1     277     829       0     319       4     113    2028       2       0
  180    1     308     763       0     364       3     116    2012       0       0
  181    1     295     888       0     396       3      81    2073       0       0
  182    1     268     742       0     359       0     114    2094       0       0
  183    1     305     795       0     329       2     121    2017       0       1
  184    1     315     818       0     360       5     108    1987       1       1
  185    1     297     855       1     339       4     105    2055       1       0
  186    1     275     818       0     347       5     125    2086       1       0
  187    1     280     789       0     373       0      96    2007       0       0
  188    1     325     778       1     353       3     112    1998       0       0
  189    1     305     750       0     358       6     101    2086       0       0
  190    1     289     804       0     375       2      92    2101       0       0
  191    1     339     804       0     386       4      97    2009       0       0
  192    1     304     797       0     356       2      95    1990       2       0
  193    1     300     790       0     350       2     107    2041       0       0
  194    1     297     778       1     343       3     104    2012       1       0
  195    1     279     773       0     352       8      85    2077       1       2
  196    1     282     811       0     349       5     124    2113       1       0
  197    1     285     744       0     357       3     122    2040       1       0
  198    1     280     792       0     370       4      98    2036       0       0
  199    1     288     757       0     334       7     112    2046       0       1
  200    1     298     784       0     351       4     118    2064       0       0
  201    1     294     743       0     355       2      94    2038       1       0
  202    1     268     772       0     338       7     103    2073       0       0
  203    1     293     749       0     386       2     100    2119       0       1
  204    1     279     758       0     363       3      91    2057       0       1
  205    1     262     756       0     376       5     110    1990       1       0
  206    1     264     805       0     388       4      94    2074       0       0
  207    1     269     787       0     353       2      97    2048       1       0
  208    1     323     730       0     403       3     104    2055       0       0
  209    1     293     792       0     369       0     102    2051       1       0
  210    1     270     839       0     351       4      97    2103       0       0
  211    1     305     779       0     405       4     100    2105       1       0
  212    1     293     793       0     338       7      92    2073       0       0
  213    1     283     761       0     362       2     108    2079       0       0
  214    1     265     729       0     342       2      86    2104       2       1
  215    1     298     782       0     363       3     103    2154       0       1
  216    1     274     752       0     399       5      91    2117       1       0
  217    1     253     806       0     365       3     110    2141       0       0
  218    1     254     751       0     382       1     111    2099       0       0
  219    1     268     788       0     343       6     105    2196       1       0
  220    1     281     757       0     339       2      92    2127       1       1
  221    1     271     734       0     346       7     103    2161       0       0
  222    1     277     810       1     393       1     100    2134       1       0
  223    1     258     713       0     382       2     106    2114       0       0
  224    1     238     771       0     377       2      84    2213       0       0
  225    1     247     754       0     379       3     118    2101       0       0
  226    1     271     751       0     397       2     109    2230       0       0
  227    1     258     755       0     361       4     114    2163       0       0
  228    1     255     731       0     385       1     109    2086       0       0
  229    1     244     745       0     359       3     113    2080       0       0
  230    1     259     739       0     355       6     114    2180       0       1
  231    1     249     702       0     380       5     100    2199       1       1
  232    1     259     688       0     383       4     114    2104       3       0
  233    1     257     705       0     356       4     127    2115       2       0
  234    1     240     707       0     377       4     111    2083       0       0
  235    1     214     679       0     327       0      89    2209       0       1
  236    1     253     755       0     422       5     124    2197       0       0
  237    1     261     713       0     379       3      92    2231       0       0
  238    1     270     709       0     402       5     106    2205       0       1
  239    1     250     730       0     363       2     102    2271       1       3
  240    1     258     727       0     372       1     120    2216       0       1
  241    1     238     680       0     398       2     113    2327       1       0
  242    1     230     727       0     378       2     125    2358       0       1
  243    1     232     695       0     415       7     113    2389       0       0
  244    1     234     675       0     378       2     110    2306       3       0
  245    1     220     641       0     404       5     111    2353       2       2
  246    1     245     688       1     410       3     126    2399       0       3
  247    1     249     726       0     420       2     115    2376       0       1
  248    1     230     650       0     401       6     130    2469       0       0
  249    1     216     676       0     431       3     112    2445       1       0
  250    1     225     673       0     424       6     125    2662       0       1
  251    1     207     649       0     420       3     135    2602       0       0
  252    1     256     670       0     420       4     133    2627       0       1
  253    1     224     643       0     433       2     135    2670       0       0
  254    1     221     585       0     435       5     111    2695       1       0
  255    1     239     571       1     456       2     122    2725       2       0
  256    1     200     587       0     467       5     136    2800       0       0
  257    1     214     578       0     450       1     143    2968       2       1
  258    1     188     528       0     401       3     146    2850       0       2
  259    1     176     511       1     462       2     146    2996       0       1
  260    1     203     515       0     463       2     137    2993       0       0
  261    1     182     528       0     450       0     156    3070       0       1
  262    1     156     445       0     387       0     155    3237       0       2
  263    1     132     436       0     440       1     165    3266       0       4
  264    1     101     450       0     422       0     180    3334       1       2
  265    1     101     387       0     411       0     154    3501       3       2
  266    1      76     361       0     380       0     160    3430       2       1
  267    1      54     329       0     337       0     153    3553       0       1
  268    1      41     295       0     358       0     145    3732       0       1
  269    1      49     249       0     317       0     134    3778       1       1
  270    1      22     204       0     324       0     151    3745       2       2
  271    1      15     160       0     255       0     121    3821       1       2
  272    1      10     127       0     199       0     114    3670       1       1
  273    1       7      92       0     158       0     104    3472       1       2
  274    1       3      66       0     195       0      70    3164       1       7
  275    1       3      31       0     131       0      67    2762       0       5
  276    1       5      35       0     127       0      42    2351       5       3
  277    1       2      19       0     120       0      32    1836       4       3
  278    1       1      15       0     101       0      20    1261       3       3
  279    1       2      18       0      89       0      13     909       6       4
  280    1       5      24       0      72       0       8     585       6       0
  281    1       3      10       0      47       0       3     350       3       2
  282    1       3      19       0      31       0       0     195       3       0
  283    1       1      26       0      13       0       1     152       1       1
  284    1       4       7       0      14       0       1     102       1       0
  285    1       2      11       0      11       0       0      89       0       0
  286    1       0      23       0      11       0       3      76       1       0
  287    1       0      18       0       2       0       0      82       0       0
  288    1       0      12       0       4       0       1      71       0       0
  289    1       2      17       0       6       0       1      69       0       0
  290    1       1      12       0       9       0       1      72       0       0
  291    1       2      19       0       4       1       2      80       0       0
  292    1       3      13       0       9       0       0      61       0       0
  293    1       1      13       0       6       1       1      86       0       0
  294    1       3      15       0       6       0       0      65       0       0
  295    1       2      18       0       4       0       1      74       0       0
  296    1       4       9       0       7       0       2      74       0       0
  297    1       7      18       0       1       0       1      69       0       0
  298    1       1      19       0       5       0       0      74       0       0
  299    1       3      19       0       6       0       0      70       0       0
  300    1       2      24       0       3       0       0      73       0       0
  301    0       0       0       0       0       0       0       0       0       0
   SUM ==>   80018  210652      22  100343     870   29266  597706     155     132
