10000000
300
 ZONE MED   LOSS(MEV)      (MEV)    EXCITATION    PI0   (MEV)        PI+     K+    MU-    MU+     PROT    DEUT    TRIT     HE3    ALPH     ELSC    INEL    FISS
   1   1  0.449964E+07 0.620816E+03 0.0000E+00      4 0.5828E+02       0      0      0      0     4659     993     291     598    2783     3574   11103       0
   2   1  0.454937E+07 0.644354E+03 0.0000E+00      2 0.1562E+02       0      0      0      0     6215    1161     295     634    2721     3656   11078       0
   3   1  0.458289E+07 0.643584E+03 0.9541E+01      2 0.4570E+02       0      0      0      0     7219    1135     325     683    2810     3644   11382       0
   4   1  0.461910E+07 0.639144E+03 0.2416E+02      3 0.4448E+02       0      0      0      0     7995    1308     346     671    2829     3800   11569       0
   5   1  0.464145E+07 0.662999E+03 0.2269E+02      0 0.0000E+00       0      0      0      0     8379    1217     297     680    2859     3910   11547       0
   6   1  0.466406E+07 0.657312E+03 0.7718E+01      2 0.6465E+01       0      0      0      0     8709    1229     341     680    2898     3789   11529       0
   7   1  0.468412E+07 0.707011E+03 0.3137E+02      3 0.1541E+02       0      0      0      0     9274    1202     314     667    2869     3983   11672       0
   8   1  0.470340E+07 0.686510E+03 0.2054E+02      5 0.6256E+02       0      0      0      0     9659    1199     314     658    2918     4036   11568       0
   9   1  0.472406E+07 0.679127E+03 0.2080E+02      3 0.6467E+02       0      0      0      0     9806    1243     271     651    2876     3896   11819       0
  10   1  0.474529E+07 0.699204E+03 0.1446E+02      1 0.5785E+01       0      0      0      0    10150    1309     329     644    2941     4030   11685       0
  11   1  0.475735E+07 0.701899E+03 0.3137E+02      1 0.1618E+02       0      0      0      0    10183    1226     291     667    2842     4142   11788       0
  12   1  0.477585E+07 0.702748E+03 0.8715E+01      3 0.2968E+02       0      0      0      0    10438    1253     336     673    2944     4168   11793       0
  13   1  0.478988E+07 0.703697E+03 0.1707E+02      0 0.0000E+00       0      0      0      0    10559    1201     342     625    2912     4159   11834       0
  14   1  0.480731E+07 0.708737E+03 0.1904E+02      1 0.3130E+01       0      0      0      0    10896    1222     325     628    2854     4243   12000       0
  15   1  0.482031E+07 0.709242E+03 0.4513E+01      2 0.5309E+02       0      0      0      0    10947    1247     301     659    2907     4275   11979       0
  16   1  0.483620E+07 0.719767E+03 0.1368E+02      0 0.0000E+00       0      0      0      0    11227    1207     299     649    2898     4315   11971       0
  17   1  0.485267E+07 0.719209E+03 0.1044E+02      1 0.1224E+01       0      0      0      0    11487    1233     283     675    2846     4241   12006       0
  18   1  0.486530E+07 0.728974E+03 0.4525E+01      5 0.6220E+02       0      0      0      0    11611    1207     321     649    2912     4361   12025       0
  19   1  0.487975E+07 0.721120E+03 0.9413E+01      1 0.5214E+01       0      0      0      0    11856    1260     313     675    2825     4380   12211       0
  20   1  0.488786E+07 0.744894E+03 0.1347E+02      1 0.8338E+01       0      0      0      0    11898    1219     307     648    2927     4460   12103       0
  21   1  0.490071E+07 0.756026E+03 0.2420E+02      2 0.2302E+02       0      0      0      0    11993    1220     292     605    2914     4571   12132       0
  22   1  0.492102E+07 0.760042E+03 0.1774E+02      1 0.1212E+02       0      0      0      0    12040    1277     317     681    3064     4577   12165       0
  23   1  0.493447E+07 0.758271E+03 0.2930E+02      1 0.1592E+02       0      0      0      0    12261    1283     360     665    3021     4473   12344       0
  24   1  0.494564E+07 0.789564E+03 0.5628E+02      1 0.1186E+02       0      0      0      0    12425    1268     331     665    2991     4665   12433       0
  25   1  0.495701E+07 0.779442E+03 0.1920E+02      0 0.0000E+00       0      0      0      0    12573    1273     307     681    2988     4657   12300       0
  26   1  0.497150E+07 0.749659E+03 0.1122E+02      1 0.5799E+01       0      0      0      0    12896    1280     321     618    2883     4613   12352       0
  27   1  0.498503E+07 0.785243E+03 0.8268E+01      2 0.4684E+01       0      0      0      0    12828    1267     329     621    3021     4689   12369       0
  28   1  0.499532E+07 0.767868E+03 0.5659E+02      2 0.3645E+02       0      0      0      0    12838    1293     303     684    2985     4675   12309       0
  29   1  0.500804E+07 0.795059E+03 0.2070E+02      1 0.3713E+02       0      0      0      0    13128    1244     307     669    3014     4794   12501       0
  30   1  0.501974E+07 0.786521E+03 0.3446E+02      2 0.1968E+02       0      0      0      0    12938    1275     324     663    3035     4817   12373       0
  31   1  0.503537E+07 0.830021E+03 0.3308E+02      1 0.8217E+00       0      0      0      0    13315    1240     337     695    3023     4966   12523       0
  32   1  0.504826E+07 0.771909E+03 0.2790E+02      1 0.6762E+00       0      0      0      0    13457    1297     323     646    3084     4942   12554       0
  33   1  0.506023E+07 0.800950E+03 0.2909E+02      0 0.0000E+00       0      0      0      0    13475    1258     333     664    3040     4899   12714       0
  34   1  0.506866E+07 0.791228E+03 0.2771E+02      1 0.8952E+01       0      0      0      0    13802    1261     348     653    2967     4941   12552       0
  35   1  0.508170E+07 0.798197E+03 0.2637E+02      1 0.8159E+00       0      0      0      0    13723    1250     320     634    3051     5013   12665       0
  36   1  0.509438E+07 0.820698E+03 0.9013E+01      1 0.1506E+02       0      0      0      0    14118    1282     295     645    2925     4986   12728       0
  37   1  0.510476E+07 0.832587E+03 0.1101E+02      1 0.8461E+01       0      0      0      0    13995    1304     334     663    3062     5029   12830       0
  38   1  0.511810E+07 0.829024E+03 0.4683E+02      1 0.2126E+02       0      0      0      0    14285    1283     330     689    3149     5098   12735       0
  39   1  0.512909E+07 0.831285E+03 0.1734E+02      0 0.0000E+00       0      0      0      0    14107    1308     306     694    3149     5106   12957       0
  40   1  0.513910E+07 0.824082E+03 0.7654E+01      0 0.0000E+00       0      0      0      0    14268    1249     339     645    3086     5161   12845       0
  41   1  0.515161E+07 0.840384E+03 0.1357E+02      0 0.0000E+00       0      0      0      0    14530    1241     325     644    3129     5221   12974       0
  42   1  0.515791E+07 0.830298E+03 0.1914E+02      1 0.1064E+02       0      0      0      0    14186    1282     295     643    2979     5204   12802       0
  43   1  0.516933E+07 0.846197E+03 0.6213E+01      0 0.0000E+00       0      0      0      0    14811    1301     278     652    3005     5291   12726       0
  44   1  0.518035E+07 0.844766E+03 0.1398E+02      0 0.0000E+00       0      0      0      0    14697    1276     323     634    3069     5161   12907       0
  45   1  0.518844E+07 0.851119E+03 0.1582E+02      0 0.0000E+00       0      0      0      0    14612    1285     344     633    3100     5240   12876       0
  46   1  0.519947E+07 0.824748E+03 0.3591E+02      0 0.0000E+00       0      0      0      0    14867    1326     314     650    3014     5153   12769       0
  47   1  0.520748E+07 0.844506E+03 0.3100E+02      0 0.0000E+00       0      0      0      0    14849    1275     298     645    2981     5222   12950       0
  48   1  0.521965E+07 0.833815E+03 0.2423E+02      0 0.0000E+00       0      0      0      0    15027    1287     335     654    3161     5272   13122       0
  49   1  0.522689E+07 0.868767E+03 0.8416E+01      1 0.1259E+02       0      0      0      0    14866    1317     311     635    2943     5509   12763       0
  50   1  0.524029E+07 0.878377E+03 0.4790E+01      0 0.0000E+00       0      0      0      0    14961    1319     308     675    3167     5394   12910       0
  51   1  0.525013E+07 0.875725E+03 0.1487E+02      0 0.0000E+00       0      0      0      0    15134    1285     328     726    3185     5593   13008       0
  52   1  0.526335E+07 0.881574E+03 0.1686E+02      0 0.0000E+00       0      0      0      0    15373    1272     324     681    3030     5471   13068       0
  53   1  0.526634E+07 0.881157E+03 0.1242E+02      0 0.0000E+00       0      0      0      0    15465    1264     283     624    2983     5534   12859       0
  54   1  0.527627E+07 0.858680E+03 0.3021E+02      1 0.4027E+01       0      0      0      0    15204    1249     309     652    3133     5426   13247       0
  55   1  0.528934E+07 0.872239E+03 0.5230E+02      3 0.3115E+02       0      0      0      0    15434    1251     301     646    3052     5567   13115       0
  56   1  0.529854E+07 0.914777E+03 0.1311E+02      0 0.0000E+00       0      0      0      0    15440    1240     329     683    3095     5577   13035       0
  57   1  0.531109E+07 0.859595E+03 0.1128E+02      0 0.0000E+00       0      0      0      0    15748    1318     339     676    3091     5564   13152       0
  58   1  0.531438E+07 0.891480E+03 0.1170E+02      0 0.0000E+00       0      0      0      0    15453    1202     314     602    3148     5635   12990       0
  59   1  0.532555E+07 0.892949E+03 0.1088E+02      0 0.0000E+00       0      0      0      0    15582    1299     323     649    3087     5685   13111       0
  60   1  0.533148E+07 0.871368E+03 0.2447E+02      0 0.0000E+00       0      0      0      0    15739    1243     319     629    3013     5572   12737       0
  61   1  0.534576E+07 0.882218E+03 0.2240E+02      0 0.0000E+00       0      0      0      0    15690    1284     348     659    2989     5654   13040       0
  62   1  0.535371E+07 0.921242E+03 0.4723E+02      0 0.0000E+00       0      0      0      0    16039    1276     330     634    3123     5922   13193       0
  63   1  0.536324E+07 0.907494E+03 0.2809E+02      0 0.0000E+00       0      0      0      0    15959    1277     296     641    3115     5778   12937       0
  64   1  0.537624E+07 0.950215E+03 0.7236E+01      0 0.0000E+00       0      0      0      0    16042    1244     300     647    3109     5931   13435       0
  65   1  0.538333E+07 0.900153E+03 0.9909E+01      0 0.0000E+00       0      0      0      0    16248    1254     343     696    3108     5851   13188       0
  66   1  0.539222E+07 0.926471E+03 0.1207E+02      1 0.7795E+01       0      0      0      0    16026    1238     324     648    3090     5952   13132       0
  67   1  0.540396E+07 0.925203E+03 0.2141E+02      0 0.0000E+00       0      0      0      0    16276    1301     317     665    3193     5913   13219       0
  68   1  0.540686E+07 0.939975E+03 0.2011E+02      0 0.0000E+00       0      0      0      0    16255    1238     334     661    2999     5802   12995       0
  69   1  0.541644E+07 0.930769E+03 0.1450E+02      0 0.0000E+00       0      0      0      0    16058    1287     335     661    3045     5963   12973       0
  70   1  0.542747E+07 0.925713E+03 0.1957E+02      0 0.0000E+00       0      0      0      0    16326    1313     324     656    3173     5981   13085       0
  71   1  0.543608E+07 0.933849E+03 0.1540E+02      0 0.0000E+00       0      0      0      0    16510    1263     323     636    3091     5948   13270       0
  72   1  0.544939E+07 0.926906E+03 0.7791E+01      0 0.0000E+00       0      0      0      0    16438    1288     325     700    3150     5951   13317       0
  73   1  0.545457E+07 0.914095E+03 0.4912E+01      0 0.0000E+00       0      0      0      0    16504    1220     328     663    3040     6064   13347       0
  74   1  0.546530E+07 0.930947E+03 0.5114E+02      0 0.0000E+00       0      0      0      0    16511    1273     317     686    3082     6093   13247       0
  75   1  0.547092E+07 0.938673E+03 0.3150E+02      1 0.4662E+01       0      0      0      0    16647    1261     288     609    3042     5944   13131       0
  76   1  0.548378E+07 0.947655E+03 0.1765E+02      0 0.0000E+00       0      0      0      0    16704    1269     351     668    3141     6101   13324       0
  77   1  0.549252E+07 0.972730E+03 0.4021E+02      0 0.0000E+00       0      0      0      0    16877    1269     294     658    3125     6174   13370       0
  78   1  0.549852E+07 0.948506E+03 0.2969E+02      0 0.0000E+00       0      0      0      0    16848    1191     339     647    3074     6120   13289       0
  79   1  0.550757E+07 0.944656E+03 0.1380E+02      0 0.0000E+00       0      0      0      0    16706    1293     304     614    3063     6181   13210       0
  80   1  0.551857E+07 0.942516E+03 0.4605E+02      0 0.0000E+00       0      0      0      0    16980    1278     313     655    3100     6095   13353       0
  81   1  0.552634E+07 0.958837E+03 0.3002E+02      0 0.0000E+00       0      0      0      0    17135    1241     302     678    2981     6307   13401       0
  82   1  0.553721E+07 0.970213E+03 0.2636E+02      0 0.0000E+00       0      0      0      0    16992    1378     300     591    3153     6226   13491       0
  83   1  0.554795E+07 0.977428E+03 0.5945E+01      0 0.0000E+00       0      0      0      0    17111    1295     319     653    3200     6414   13456       0
  84   1  0.555710E+07 0.951998E+03 0.1162E+02      0 0.0000E+00       0      0      0      0    17225    1292     332     644    3082     6369   13369       0
  85   1  0.556781E+07 0.980396E+03 0.3403E+02      0 0.0000E+00       0      0      0      0    17402    1295     302     676    3209     6314   13558       0
  86   1  0.557057E+07 0.971538E+03 0.2239E+02      0 0.0000E+00       0      0      0      0    17198    1329     305     656    3129     6273   13288       0
  87   1  0.557919E+07 0.990662E+03 0.2067E+02      0 0.0000E+00       0      0      0      0    17214    1215     320     649    3138     6351   13149       0
  88   1  0.558943E+07 0.978943E+03 0.1359E+02      0 0.0000E+00       0      0      0      0    17779    1279     342     623    3096     6463   13356       0
  89   1  0.559309E+07 0.952820E+03 0.2479E+02      0 0.0000E+00       0      0      0      0    17389    1241     296     692    3059     6364   13261       0
  90   1  0.560045E+07 0.975105E+03 0.3785E+02      0 0.0000E+00       0      0      0      0    17384    1271     298     635    3026     6469   13311       0
  91   1  0.561254E+07 0.969329E+03 0.8406E+01      0 0.0000E+00       0      0      0      0    17544    1268     335     663    3163     6283   13442       0
  92   1  0.562203E+07 0.101392E+04 0.2334E+02      0 0.0000E+00       0      0      0      0    17534    1293     328     672    3116     6639   13580       0
  93   1  0.563232E+07 0.996664E+03 0.2461E+02      0 0.0000E+00       0      0      0      0    17465    1327     314     644    3192     6601   13356       0
  94   1  0.563375E+07 0.100749E+04 0.3011E+02      0 0.0000E+00       0      0      0      0    17602    1266     309     608    3160     6558   13196       0
  95   1  0.565004E+07 0.100279E+04 0.2262E+02      0 0.0000E+00       0      0      0      0    17668    1308     313     661    3231     6638   13656       0
  96   1  0.565488E+07 0.100357E+04 0.3010E+02      0 0.0000E+00       0      0      0      0    17688    1246     334     679    3199     6577   13285       0
  97   1  0.565877E+07 0.985581E+03 0.1654E+02      0 0.0000E+00       0      0      0      0    17618    1251     291     625    3227     6555   13245       0
  98   1  0.566770E+07 0.101243E+04 0.3655E+01      0 0.0000E+00       0      0      0      0    17630    1238     325     649    3062     6796   13277       0
  99   1  0.567968E+07 0.100098E+04 0.1503E+02      0 0.0000E+00       0      0      0      0    17816    1315     299     679    3108     6689   13489       0
 100   1  0.568940E+07 0.101645E+04 0.2884E+02      0 0.0000E+00       0      0      0      0    17845    1276     325     646    3099     6777   13443       0
 101   1  0.569743E+07 0.104326E+04 0.1019E+02      0 0.0000E+00       0      0      0      0    17900    1270     339     682    3232     6934   13529       0
 102   1  0.570224E+07 0.102141E+04 0.3175E+02      0 0.0000E+00       0      0      0      0    17797    1250     295     664    3118     6742   13342       0
 103   1  0.571390E+07 0.104160E+04 0.1885E+02      0 0.0000E+00       0      0      0      0    18261    1206     306     648    3094     6812   13524       0
 104   1  0.572294E+07 0.107565E+04 0.2560E+02      0 0.0000E+00       0      0      0      0    18165    1303     325     635    3141     6989   13472       0
 105   1  0.573372E+07 0.101401E+04 0.1595E+02      0 0.0000E+00       0      0      0      0    17953    1222     315     684    3222     6932   13547       0
 106   1  0.573845E+07 0.104881E+04 0.1276E+02      0 0.0000E+00       0      0      0      0    18203    1246     315     699    3031     6888   13496       0
 107   1  0.574752E+07 0.102369E+04 0.2933E+02      0 0.0000E+00       0      0      0      0    18440    1202     312     603    3106     6955   13407       0
 108   1  0.575686E+07 0.106690E+04 0.3359E+02      0 0.0000E+00       0      0      0      0    18476    1285     307     671    3278     7071   13680       0
 109   1  0.576178E+07 0.105417E+04 0.3380E+02      0 0.0000E+00       0      0      0      0    18446    1198     324     599    3210     6976   13607       0
 110   1  0.576944E+07 0.106025E+04 0.3812E+02      0 0.0000E+00       0      0      0      0    18121    1271     325     648    2974     7121   13376       0
 111   1  0.577953E+07 0.106201E+04 0.2448E+02      0 0.0000E+00       0      0      0      0    18295    1258     308     686    3141     7104   13564       0
 112   1  0.578056E+07 0.105525E+04 0.6570E+01      0 0.0000E+00       0      0      0      0    18411    1216     290     616    3011     7198   13125       0
 113   1  0.579158E+07 0.107287E+04 0.1097E+02      0 0.0000E+00       0      0      0      0    18532    1227     313     646    3151     7207   13515       0
 114   1  0.580020E+07 0.108330E+04 0.3573E+02      0 0.0000E+00       0      0      0      0    18483    1223     290     652    3241     7226   13572       0
 115   1  0.580652E+07 0.111437E+04 0.2795E+02      0 0.0000E+00       0      0      0      0    18493    1277     315     634    3222     7276   13639       0
 116   1  0.581185E+07 0.106402E+04 0.2306E+02      0 0.0000E+00       0      0      0      0    18161    1233     289     618    3099     7250   13088       0
 117   1  0.581808E+07 0.106702E+04 0.3863E+02      0 0.0000E+00       0      0      0      0    18590    1195     288     599    3118     7315   13315       0
 118   1  0.582599E+07 0.109175E+04 0.2139E+02      0 0.0000E+00       0      0      0      0    18174    1241     318     667    3187     7382   13334       0
 119   1  0.583236E+07 0.110530E+04 0.3750E+02      0 0.0000E+00       0      0      0      0    18463    1172     325     625    3114     7363   13416       0
 120   1  0.584208E+07 0.111034E+04 0.2498E+02      0 0.0000E+00       0      0      0      0    18511    1280     262     683    3132     7499   13584       0
 121   1  0.585114E+07 0.109448E+04 0.1343E+02      0 0.0000E+00       0      0      0      0    18750    1262     339     607    3086     7450   13317       0
 122   1  0.585588E+07 0.109547E+04 0.2623E+02      0 0.0000E+00       0      0      0      0    18521    1262     292     652    3082     7563   13364       0
 123   1  0.586713E+07 0.108639E+04 0.5599E+01      0 0.0000E+00       0      0      0      0    18757    1237     319     697    2998     7580   13407       0
 124   1  0.587206E+07 0.111834E+04 0.2065E+02      0 0.0000E+00       0      0      0      0    18489    1261     287     620    3014     7596   13310       0
 125   1  0.588419E+07 0.110564E+04 0.2257E+02      0 0.0000E+00       0      0      0      0    19021    1262     296     625    3144     7671   13448       0
 126   1  0.589223E+07 0.110932E+04 0.2515E+02      0 0.0000E+00       0      0      0      0    18824    1296     294     638    3197     7659   13470       0
 127   1  0.590288E+07 0.112660E+04 0.6500E+02      0 0.0000E+00       0      0      0      0    18886    1298     286     646    3230     7753   13621       0
 128   1  0.590986E+07 0.115269E+04 0.5544E+02      0 0.0000E+00       0      0      0      0    18758    1155     287     626    3188     7868   13234       0
 129   1  0.591857E+07 0.111064E+04 0.1887E+02      0 0.0000E+00       0      0      0      0    19060    1210     284     661    3144     7856   13327       0
 130   1  0.592405E+07 0.113168E+04 0.1130E+02      0 0.0000E+00       0      0      0      0    18727    1243     287     635    3030     7732   13347       0
 131   1  0.593653E+07 0.116256E+04 0.1868E+02      0 0.0000E+00       0      0      0      0    19138    1203     303     598    3134     7942   13491       0
 132   1  0.594422E+07 0.113911E+04 0.2044E+01      0 0.0000E+00       0      0      0      0    18682    1309     296     679    3151     7952   13400       0
 133   1  0.595153E+07 0.117070E+04 0.2852E+02      0 0.0000E+00       0      0      0      0    19092    1223     302     625    3159     7936   13586       0
 134   1  0.596124E+07 0.117026E+04 0.2104E+02      0 0.0000E+00       0      0      0      0    18746    1221     270     622    3073     8103   13324       0
 135   1  0.597171E+07 0.116060E+04 0.3938E+02      0 0.0000E+00       0      0      0      0    19111    1206     310     616    3108     7966   13532       0
 136   1  0.598146E+07 0.113896E+04 0.1176E+02      0 0.0000E+00       0      0      0      0    18984    1251     301     672    3212     7948   13647       0
 137   1  0.598893E+07 0.115492E+04 0.3682E+02      0 0.0000E+00       0      0      0      0    19003    1248     328     639    3207     7937   13390       0
 138   1  0.599738E+07 0.117134E+04 0.2207E+02      0 0.0000E+00       0      0      0      0    19236    1220     317     655    3122     8071   13533       0
 139   1  0.600197E+07 0.118257E+04 0.2871E+02      0 0.0000E+00       0      0      0      0    19145    1208     315     648    3028     8041   13548       0
 140   1  0.601240E+07 0.118384E+04 0.2212E+02      0 0.0000E+00       0      0      0      0    19453    1225     281     584    3169     8235   13530       0
 141   1  0.602251E+07 0.117181E+04 0.7604E+01      0 0.0000E+00       0      0      0      0    19329    1275     318     678    3253     8202   13644       0
 142   1  0.602775E+07 0.118927E+04 0.2274E+02      0 0.0000E+00       0      0      0      0    19368    1221     286     624    3178     8281   13410       0
 143   1  0.603854E+07 0.120320E+04 0.1859E+02      0 0.0000E+00       0      0      0      0    19546    1289     316     670    3305     8339   13803       0
 144   1  0.603994E+07 0.120503E+04 0.3335E+02      0 0.0000E+00       0      0      0      0    19464    1184     303     666    3009     8376   13548       0
 145   1  0.604826E+07 0.120512E+04 0.1626E+02      0 0.0000E+00       0      0      0      0    19585    1121     293     616    3197     8509   13633       0
 146   1  0.605643E+07 0.122417E+04 0.2177E+02      0 0.0000E+00       0      0      0      0    19524    1206     316     627    3183     8611   13544       0
 147   1  0.606408E+07 0.121318E+04 0.4163E+02      0 0.0000E+00       0      0      0      0    19800    1224     281     694    3158     8358   13622       0
 148   1  0.607147E+07 0.123564E+04 0.1690E+02      0 0.0000E+00       0      0      0      0    19732    1283     290     615    3169     8570   13671       0
 149   1  0.607181E+07 0.125192E+04 0.1743E+02      0 0.0000E+00       0      0      0      0    19674    1249     300     596    3108     8823   13486       0
 150   1  0.608188E+07 0.125011E+04 0.6701E+01      0 0.0000E+00       0      0      0      0    19517    1206     286     646    3251     8741   13735       0
 151   1  0.609347E+07 0.125876E+04 0.8160E+01      0 0.0000E+00       0      0      0      0    19615    1231     302     637    3183     8842   13522       0
 152   1  0.610726E+07 0.124331E+04 0.1793E+02      0 0.0000E+00       0      0      0      0    19644    1210     302     650    3184     8725   13729       0
 153   1  0.612672E+07 0.125948E+04 0.1487E+02      0 0.0000E+00       0      0      0      0    19691    1240     281     646    3167     8847   13596       0
 154   1  0.614770E+07 0.127238E+04 0.2448E+02      0 0.0000E+00       0      0      0      0    19635    1170     319     677    3112     8770   13611       0
 155   1  0.616984E+07 0.130257E+04 0.2932E+02      0 0.0000E+00       0      0      0      0    19726    1182     279     667    3063     9059   13742       0
 156   1  0.619061E+07 0.129943E+04 0.3183E+02      0 0.0000E+00       0      0      0      0    19601    1206     295     615    3058     9111   13363       0
 157   1  0.621545E+07 0.127326E+04 0.4993E+01      0 0.0000E+00       0      0      0      0    19921    1206     307     619    3294     9148   13720       0
 158   1  0.623075E+07 0.130857E+04 0.3867E+02      0 0.0000E+00       0      0      0      0    19921    1148     286     634    3079     9167   13469       0
 159   1  0.624581E+07 0.129828E+04 0.3150E+01      0 0.0000E+00       0      0      0      0    19681    1187     294     615    3125     9109   13425       0
 160   1  0.625715E+07 0.128425E+04 0.3356E+02      0 0.0000E+00       0      0      0      0    19885    1214     277     592    3176     9143   13340       0
 161   1  0.627204E+07 0.130205E+04 0.5169E+02      0 0.0000E+00       0      0      0      0    19987    1160     294     614    3164     9379   13675       0
 162   1  0.628552E+07 0.132611E+04 0.3692E+02      0 0.0000E+00       0      0      0      0    20039    1172     284     631    3093     9409   13485       0
 163   1  0.629720E+07 0.134859E+04 0.4396E+02      0 0.0000E+00       0      0      0      0    19859    1178     278     608    3153     9586   13631       0
 164   1  0.630469E+07 0.133270E+04 0.4039E+02      0 0.0000E+00       0      0      0      0    19885    1137     262     615    3176     9485   13474       0
 165   1  0.632118E+07 0.133409E+04 0.4459E+02      0 0.0000E+00       0      0      0      0    19915    1247     248     612    3229     9600   13686       0
 166   1  0.633551E+07 0.135546E+04 0.1879E+02      0 0.0000E+00       0      0      0      0    20066    1202     310     589    3065     9678   13402       0
 167   1  0.634669E+07 0.135085E+04 0.3225E+02      0 0.0000E+00       0      0      0      0    20198    1175     299     671    3063     9708   13557       0
 168   1  0.636055E+07 0.138189E+04 0.0000E+00      0 0.0000E+00       0      0      0      0    20178    1147     265     623    3235     9859   13623       0
 169   1  0.637515E+07 0.135992E+04 0.1978E+02      0 0.0000E+00       0      0      0      0    20132    1230     275     628    3272     9978   13650       0
 170   1  0.638445E+07 0.140317E+04 0.2734E+02      0 0.0000E+00       0      0      0      0    20169    1216     291     564    3150     9922   13586       0
 171   1  0.639630E+07 0.139397E+04 0.1666E+02      0 0.0000E+00       0      0      0      0    20212    1141     301     564    3019    10118   13284       0
 172   1  0.641178E+07 0.138984E+04 0.5878E+01      0 0.0000E+00       0      0      0      0    20315    1104     267     578    3057    10039   13659       0
 173   1  0.642484E+07 0.137002E+04 0.3627E+02      0 0.0000E+00       0      0      0      0    20350    1176     248     666    3099    10162   13497       0
 174   1  0.643872E+07 0.138528E+04 0.1855E+02      0 0.0000E+00       0      0      0      0    20323    1189     288     572    3051    10144   13444       0
 175   1  0.645208E+07 0.143079E+04 0.3135E+02      0 0.0000E+00       0      0      0      0    20204    1202     278     587    3148    10196   13421       0
 176   1  0.646709E+07 0.142066E+04 0.1609E+02      0 0.0000E+00       0      0      0      0    20282    1154     250     557    3209    10420   13586       0
 177   1  0.647799E+07 0.141987E+04 0.2821E+02      0 0.0000E+00       0      0      0      0    20509    1105     262     558    3031    10344   13302       0
 178   1  0.649418E+07 0.145709E+04 0.2256E+02      0 0.0000E+00       0      0      0      0    20371    1193     264     603    3136    10519   13572       0
 179   1  0.650672E+07 0.146883E+04 0.1516E+02      0 0.0000E+00       0      0      0      0    20605    1178     271     572    2874    10629   13372       0
 180   1  0.652742E+07 0.150151E+04 0.1818E+02      0 0.0000E+00       0      0      0      0    20691    1224     262     569    3099    10862   13808       0
 181   1  0.654138E+07 0.142559E+04 0.1755E+02      0 0.0000E+00       0      0      0      0    20824    1199     278     616    3097    10408   13659       0
 182   1  0.655201E+07 0.144016E+04 0.2227E+02      0 0.0000E+00       0      0      0      0    20539    1133     298     597    3013    10644   13376       0
 183   1  0.657004E+07 0.151254E+04 0.3327E+02      0 0.0000E+00       0      0      0      0    20865    1158     285     602    3075    11012   13585       0
 184   1  0.658485E+07 0.151687E+04 0.2911E+02      0 0.0000E+00       0      0      0      0    20718    1176     291     605    3237    11043   13710       0
 185   1  0.660001E+07 0.149446E+04 0.4352E+02      0 0.0000E+00       0      0      0      0    20865    1177     242     605    3082    11075   13425       0
 186   1  0.661483E+07 0.152177E+04 0.2371E+02      0 0.0000E+00       0      0      0      0    20908    1195     287     584    3043    11110   13512       0
 187   1  0.662549E+07 0.150062E+04 0.2829E+02      0 0.0000E+00       0      0      0      0    20657    1116     234     548    3026    11157   13491       0
 188   1  0.664611E+07 0.156923E+04 0.4182E+01      0 0.0000E+00       0      0      0      0    20961    1132     273     601    3003    11557   13494       0
 189   1  0.666178E+07 0.156299E+04 0.2736E+02      0 0.0000E+00       0      0      0      0    20793    1136     275     607    2988    11465   13501       0
 190   1  0.667429E+07 0.154953E+04 0.3317E+02      0 0.0000E+00       0      0      0      0    20803    1140     265     541    3082    11599   13346       0
 191   1  0.669666E+07 0.158956E+04 0.3772E+02      0 0.0000E+00       0      0      0      0    20860    1185     276     581    3075    11714   13510       0
 192   1  0.671496E+07 0.160896E+04 0.3097E+02      0 0.0000E+00       0      0      0      0    20999    1093     246     574    3007    11889   13487       0
 193   1  0.673507E+07 0.159517E+04 0.1588E+02      0 0.0000E+00       0      0      0      0    21308    1153     276     613    3106    11657   13709       0
 194   1  0.674986E+07 0.156237E+04 0.4819E+02      0 0.0000E+00       0      0      0      0    20956    1161     236     615    3278    11835   13592       0
 195   1  0.676759E+07 0.160341E+04 0.2084E+02      0 0.0000E+00       0      0      0      0    21111    1246     257     574    3009    12021   13527       0
 196   1  0.678348E+07 0.159217E+04 0.3217E+02      0 0.0000E+00       0      0      0      0    21297    1149     259     618    3155    11933   13666       0
 197   1  0.679928E+07 0.163850E+04 0.2000E+02      0 0.0000E+00       0      0      0      0    21180    1130     280     600    3036    12166   13714       0
 198   1  0.682028E+07 0.162099E+04 0.1992E+01      0 0.0000E+00       0      0      0      0    21223    1111     301     596    2967    12162   13477       0
 199   1  0.683553E+07 0.162966E+04 0.3922E+01      0 0.0000E+00       0      0      0      0    21335    1210     235     600    3030    12348   13322       0
 200   1  0.685193E+07 0.166489E+04 0.2472E+02      0 0.0000E+00       0      0      0      0    21089    1136     276     571    3045    12355   13400       0
 201   1  0.686883E+07 0.168344E+04 0.2081E+02      0 0.0000E+00       0      0      0      0    21118    1048     243     570    3152    12425   13400       0
 202   1  0.688715E+07 0.165670E+04 0.1540E+02      0 0.0000E+00       0      0      0      0    21373    1101     248     562    3103    12466   13522       0
 203   1  0.690563E+07 0.175573E+04 0.5135E+02      0 0.0000E+00       0      0      0      0    21605    1084     250     552    3003    12946   13441       0
 204   1  0.692375E+07 0.175030E+04 0.7297E+01      0 0.0000E+00       0      0      0      0    21297    1097     251     603    3063    13038   13446       0
 205   1  0.695114E+07 0.171824E+04 0.4359E+02      0 0.0000E+00       0      0      0      0    21689    1074     257     581    3116    12892   13927       0
 206   1  0.697682E+07 0.176294E+04 0.2606E+02      0 0.0000E+00       0      0      0      0    21890    1145     242     563    3225    13063   13752       0
 207   1  0.699950E+07 0.172684E+04 0.1429E+02      0 0.0000E+00       0      0      0      0    21857    1128     263     538    3097    12984   13718       0
 208   1  0.703018E+07 0.173193E+04 0.1166E+01      0 0.0000E+00       0      0      0      0    22022    1088     236     587    3181    13184   13544       0
 209   1  0.705596E+07 0.175428E+04 0.3521E+02      0 0.0000E+00       0      0      0      0    21506    1111     227     580    3185    13276   13392       0
 210   1  0.708627E+07 0.178848E+04 0.2740E+02      0 0.0000E+00       0      0      0      0    21824    1107     237     559    3244    13335   13527       0
 211   1  0.711571E+07 0.180975E+04 0.2949E+02      0 0.0000E+00       0      0      0      0    21811    1041     242     568    3046    13515   13489       0
 212   1  0.714774E+07 0.185271E+04 0.2988E+02      0 0.0000E+00       0      0      0      0    22002    1182     244     524    3062    13749   13778       0
 213   1  0.717339E+07 0.183191E+04 0.1922E+02      0 0.0000E+00       0      0      0      0    21965    1081     282     522    3002    13847   13650       0
 214   1  0.720183E+07 0.182321E+04 0.2342E+02      0 0.0000E+00       0      0      0      0    22144    1073     237     580    3101    13830   13716       0
 215   1  0.722805E+07 0.185667E+04 0.3356E+02      0 0.0000E+00       0      0      0      0    21727    1133     242     585    3082    14192   13542       0
 216   1  0.726019E+07 0.184518E+04 0.4221E+02      0 0.0000E+00       0      0      0      0    21907    1108     243     559    3116    13969   13584       0
 217   1  0.729403E+07 0.191248E+04 0.1429E+02      0 0.0000E+00       0      0      0      0    22253    1051     255     566    3059    14385   13950       0
 218   1  0.732854E+07 0.189955E+04 0.4300E+02      0 0.0000E+00       0      0      0      0    22497    1183     278     579    3201    14478   13757       0
 219   1  0.736193E+07 0.190318E+04 0.3376E+02      0 0.0000E+00       0      0      0      0    22739    1133     235     568    3185    14523   13851       0
 220   1  0.739317E+07 0.194806E+04 0.3835E+02      0 0.0000E+00       0      0      0      0    22350    1105     267     539    3081    14653   13668       0
 221   1  0.742775E+07 0.191954E+04 0.2241E+02      0 0.0000E+00       0      0      0      0    22607    1148     241     522    3045    14751   13836       0
 222   1  0.746053E+07 0.202319E+04 0.4617E+00      0 0.0000E+00       0      0      0      0    22502    1078     196     563    3057    15255   13722       0
 223   1  0.749505E+07 0.202518E+04 0.7114E+01      0 0.0000E+00       0      0      0      0    22572    1023     236     514    3177    15183   13705       0
 224   1  0.752531E+07 0.202656E+04 0.4022E+02      0 0.0000E+00       0      0      0      0    22661     998     241     563    3105    15452   13911       0
 225   1  0.755745E+07 0.203021E+04 0.2221E+02      0 0.0000E+00       0      0      0      0    22716    1078     270     517    3149    15464   13828       0
 226   1  0.759162E+07 0.209684E+04 0.2890E+02      0 0.0000E+00       0      0      0      0    22622    1090     202     519    3152    16288   13898       0
 227   1  0.762656E+07 0.206948E+04 0.6200E+00      0 0.0000E+00       0      0      0      0    22725    1042     255     516    3120    15967   13848       0
 228   1  0.766369E+07 0.209416E+04 0.1486E+02      0 0.0000E+00       0      0      0      0    23119    1086     224     500    3124    16161   13788       0
 229   1  0.770520E+07 0.214546E+04 0.2185E+02      0 0.0000E+00       0      0      0      0    22779    1105     225     551    3153    16490   13846       0
 230   1  0.774856E+07 0.216003E+04 0.1545E+02      0 0.0000E+00       0      0      0      0    23143    1105     261     507    3127    16786   13752       0
 231   1  0.779230E+07 0.212955E+04 0.2024E+02      0 0.0000E+00       0      0      0      0    22998    1064     197     499    3077    16689   13826       0
 232   1  0.784673E+07 0.218232E+04 0.2061E+02      0 0.0000E+00       0      0      0      0    23161    1066     234     551    3174    17032   14061       0
 233   1  0.789701E+07 0.220434E+04 0.5387E+01      0 0.0000E+00       0      0      0      0    22930    1102     233     503    3090    17054   13691       0
 234   1  0.795041E+07 0.226251E+04 0.8788E+01      0 0.0000E+00       0      0      0      0    23272    1090     221     511    3049    17491   13985       0
 235   1  0.800992E+07 0.222191E+04 0.9400E+01      0 0.0000E+00       0      0      0      0    23430    1016     201     557    3250    17275   14311       0
 236   1  0.806507E+07 0.227625E+04 0.3391E+02      0 0.0000E+00       0      0      0      0    23621    1102     192     505    3142    17846   13915       0
 237   1  0.812281E+07 0.230138E+04 0.1037E+02      0 0.0000E+00       0      0      0      0    23428    1078     184     480    3129    17949   14060       0
 238   1  0.818476E+07 0.234301E+04 0.2136E+02      0 0.0000E+00       0      0      0      0    23537    1058     192     464    3150    18150   14104       0
 239   1  0.825111E+07 0.238094E+04 0.5908E+02      0 0.0000E+00       0      0      0      0    23457    1036     236     521    3045    18560   14222       0
 240   1  0.832094E+07 0.239977E+04 0.2324E+02      0 0.0000E+00       0      0      0      0    23820    1066     202     517    3209    18401   14353       0
 241   1  0.839074E+07 0.245383E+04 0.3777E+02      0 0.0000E+00       0      0      0      0    23653     995     244     498    3120    18826   14280       0
 242   1  0.846485E+07 0.242243E+04 0.2638E+02      0 0.0000E+00       0      0      0      0    23994    1058     206     481    3121    18982   14200       0
 243   1  0.854409E+07 0.243612E+04 0.1598E+02      0 0.0000E+00       0      0      0      0    23850    1078     205     514    3129    19055   14557       0
 244   1  0.862498E+07 0.247861E+04 0.7444E+01      0 0.0000E+00       0      0      0      0    24277    1077     194     512    3048    19240   14507       0
 245   1  0.871241E+07 0.248093E+04 0.3128E+02      0 0.0000E+00       0      0      0      0    23930    1070     228     499    3239    19431   14493       0
 246   1  0.880022E+07 0.248408E+04 0.6103E+02      0 0.0000E+00       0      0      0      0    24021    1065     192     513    3133    19574   14453       0
 247   1  0.889870E+07 0.258356E+04 0.1321E+02      0 0.0000E+00       0      0      0      0    24453    1098     175     489    3254    19811   14749       0
 248   1  0.899791E+07 0.258127E+04 0.2947E+02      0 0.0000E+00       0      0      0      0    24347    1081     216     484    3242    20102   14938       0
 249   1  0.910228E+07 0.263596E+04 0.1780E+02      0 0.0000E+00       0      0      0      0    24681    1064     208     481    3127    20339   14886       0
 250   1  0.921529E+07 0.264244E+04 0.3484E+02      0 0.0000E+00       0      0      0      0    24835    1125     201     474    3328    20445   15173       0
 251   1  0.933258E+07 0.267997E+04 0.1868E+02      0 0.0000E+00       0      0      0      0    25092    1092     187     530    3187    20932   15143       0
 252   1  0.945684E+07 0.272249E+04 0.4234E+02      0 0.0000E+00       0      0      0      0    25074    1120     186     483    3372    21206   15361       0
 253   1  0.959223E+07 0.277421E+04 0.2520E+02      0 0.0000E+00       0      0      0      0    25134    1135     212     492    3237    21635   15630       0
 254   1  0.973299E+07 0.275652E+04 0.1970E+02      0 0.0000E+00       0      0      0      0    25581    1105     199     444    3317    21592   15523       0
 255   1  0.988457E+07 0.281562E+04 0.4800E+02      0 0.0000E+00       0      0      0      0    25812    1172     212     449    3269    22090   15755       0
 256   1  0.100461E+08 0.288037E+04 0.2709E+02      0 0.0000E+00       0      0      0      0    26229    1105     225     459    3387    22600   16094       0
 257   1  0.102188E+08 0.298477E+04 0.2513E+02      0 0.0000E+00       0      0      0      0    26575    1105     233     479    3416    23204   16058       0
 258   1  0.104043E+08 0.292888E+04 0.3755E+02      0 0.0000E+00       0      0      0      0    26902    1148     217     431    3515    23304   16441       0
 259   1  0.106036E+08 0.303318E+04 0.1958E+02      0 0.0000E+00       0      0      0      0    27299    1118     216     442    3522    24013   16566       0
 260   1  0.108206E+08 0.305011E+04 0.2877E+02      0 0.0000E+00       0      0      0      0    27735    1135     186     494    3540    24055   16802       0
 261   1  0.110568E+08 0.313173E+04 0.4090E+02      0 0.0000E+00       0      0      0      0    28794    1102     199     474    3615    24529   17133       0
 262   1  0.113138E+08 0.322380E+04 0.5387E+02      0 0.0000E+00       0      0      0      0    29292    1129     242     484    3520    25236   17164       0
 263   1  0.115990E+08 0.322079E+04 0.3362E+02      0 0.0000E+00       0      0      0      0    30111    1153     216     441    3786    25143   17775       0
 264   1  0.119144E+08 0.322610E+04 0.4005E+02      0 0.0000E+00       0      0      0      0    31786    1163     208     426    3611    25547   17956       0
 265   1  0.122713E+08 0.332876E+04 0.1669E+02      0 0.0000E+00       0      0      0      0    33408    1251     229     431    3904    26303   18352       0
 266   1  0.126733E+08 0.336526E+04 0.2179E+02      0 0.0000E+00       0      0      0      0    35817    1248     226     393    3792    26371   18695       0
 267   1  0.131347E+08 0.345376E+04 0.9056E+02      0 0.0000E+00       0      0      0      0    39635    1197     217     429    4050    27030   19498       0
 268   1  0.136581E+08 0.349145E+04 0.4031E+02      0 0.0000E+00       0      0      0      0    44358    1230     217     404    4155    27293   20132       0
 269   1  0.142682E+08 0.348833E+04 0.4277E+02      0 0.0000E+00       0      0      0      0    51896    1247     231     380    4143    27425   20882       0
 270   1  0.149896E+08 0.352123E+04 0.7083E+02      0 0.0000E+00       0      0      0      0    64502    1269     200     358    4225    27374   21911       0
 271   1  0.158438E+08 0.344807E+04 0.1450E+03      0 0.0000E+00       0      0      0      0    85174    1223     188     347    4107    27162   23081       0
 272   1  0.168565E+08 0.345931E+04 0.1719E+03      0 0.0000E+00       0      0      0      0   122181    1261     180     297    4076    26937   25181       0
 273   1  0.180090E+08 0.339566E+04 0.1272E+03      0 0.0000E+00       0      0      0      0   183583    1264     131     239    3899    26484   28390       0
 274   1  0.192295E+08 0.321142E+04 0.1925E+03      0 0.0000E+00       0      0      0      0   280710    1075     124     208    3538    25182   32131       0
 275   1  0.203300E+08 0.305816E+04 0.2815E+03      0 0.0000E+00       0      0      0      0   418866    1093     123     158    3081    23570   37583       0
 276   1  0.210216E+08 0.273872E+04 0.2560E+03      0 0.0000E+00       0      0      0      0   588348     891      77     123    2675    21506   43050       0
 277   1  0.209528E+08 0.237107E+04 0.2223E+03      0 0.0000E+00       0      0      0      0   770160     745      64      92    2148    18530   48166       0
 278   1  0.198076E+08 0.191872E+04 0.2267E+03      0 0.0000E+00       0      0      0      0   919037     539      50      50    1599    15037   51074       0
 279   1  0.174962E+08 0.152226E+04 0.1608E+03      0 0.0000E+00       0      0      0      0   990025     387      35      42    1260    11782   49786       0
 280   1  0.142432E+08 0.106953E+04 0.1601E+03      0 0.0000E+00       0      0      0      0   953036     261      35      35     872     8443   44279       0
 281   1  0.105744E+08 0.760539E+03 0.7342E+02      0 0.0000E+00       0      0      0      0   818789     217      31      16     643     5907   35805       0
 282   1  0.708733E+07 0.530453E+03 0.3709E+02      0 0.0000E+00       0      0      0      0   621478     118      32      24     449     4073   26171       0
 283   1  0.425459E+07 0.361666E+03 0.6118E+02      0 0.0000E+00       0      0      0      0   416607     109      27      18     414     2788   17024       0
 284   1  0.227534E+07 0.277193E+03 0.7683E+01      0 0.0000E+00       0      0      0      0   243654     103      34      13     309     2091   10381       0
 285   1  0.108678E+07 0.246953E+03 0.1267E+02      0 0.0000E+00       0      0      0      0   125434     104      24      14     288     1790    6117       0
 286   1  0.468594E+06 0.214088E+03 0.2534E+02      0 0.0000E+00       0      0      0      0    56606      98      22      23     312     1601    3778       0
 287   1  0.193023E+06 0.203492E+03 0.1991E+02      0 0.0000E+00       0      0      0      0    22788      98      35      15     260     1498    2559       0
 288   1  0.854631E+05 0.204700E+03 0.6971E+01      0 0.0000E+00       0      0      0      0     8504     101      19      23     245     1574    2129       0
 289   1  0.502222E+05 0.206899E+03 0.0000E+00      0 0.0000E+00       0      0      0      0     3490      98      26      23     275     1523    1873       0
 290   1  0.399487E+05 0.179307E+03 0.1752E+02      0 0.0000E+00       0      0      0      0     1892      94      30      18     306     1421    1932       0
 291   1  0.374753E+05 0.186830E+03 0.0000E+00      0 0.0000E+00       0      0      0      0     1526      84      32      22     277     1388    1853       0
 292   1  0.365363E+05 0.180054E+03 0.0000E+00      0 0.0000E+00       0      0      0      0     1474      68      23      21     265     1412    1867       0
 293   1  0.364685E+05 0.178796E+03 0.0000E+00      0 0.0000E+00       0      0      0      0     1419      90      32      17     303     1411    1815       0
 294   1  0.355806E+05 0.181987E+03 0.2555E+02      0 0.0000E+00       0      0      0      0     1452      84      16      15     236     1400    1889       0
 295   1  0.358722E+05 0.187209E+03 0.0000E+00      0 0.0000E+00       0      0      0      0     1379      86      25      13     255     1418    1794       0
 296   1  0.354028E+05 0.177293E+03 0.1357E+02      0 0.0000E+00       0      0      0      0     1375      95      23      18     248     1374    1803       0
 297   1  0.351424E+05 0.180040E+03 0.5612E+01      0 0.0000E+00       0      0      0      0     1412      83      34      12     251     1293    1879       0
 298   1  0.348630E+05 0.174469E+03 0.0000E+00      0 0.0000E+00       0      0      0      0     1367      78      22      13     282     1348    1812       0
 299   1  0.342615E+05 0.170920E+03 0.1033E+02      0 0.0000E+00       0      0      0      0     1325      76      24      16     250     1307    1755       0
 300   1  0.337424E+05 0.177408E+03 0.1572E+02      0 0.0000E+00       0      0      0      0     1276      79      25       5     246     1286    1766       0
 301   0  0.000000E+00 0.000000E+00 0.0000E+00      0 0.0000E+00       0      0      0      0        0       0       0       0       0        0       0       0
  SUMM:   0.196238E+10 0.410926E+06 0.8721E+04     68 0.7916E+03       0      0      0      0 12833307  334790   77964  165234  878398  2970340 4181762       0
 ZONE  MED     C10     C11     N12     N13     O13     O14     O15     F17     F18
    1    1     341     830       0     337       3      95    1797       0       0
    2    1     315     824       0     346       1      99    1793       0       0
    3    1     349     804       0     344       4     103    1865       0       0
    4    1     360     810       0     368       0     100    1838       1       1
    5    1     355     812       0     341       2      90    1879       1       0
    6    1     360     838       0     339       6     115    1825       0       0
    7    1     299     839       0     382       3      82    1895       1       0
    8    1     366     761       0     347       2     105    1845       0       0
    9    1     360     774       0     342       4     114    1937       0       0
   10    1     326     842       0     307       5     104    1849       0       0
   11    1     355     774       0     353       2     103    1859       0       1
   12    1     336     891       0     342       4     113    1870       0       0
   13    1     306     810       0     347      10      86    1879       0       0
   14    1     326     822       0     326       6     109    1926       0       0
   15    1     337     791       0     361       1      99    1952       0       0
   16    1     356     795       0     356       3     105    1864       0       1
   17    1     326     790       0     348       2      82    1894       1       0
   18    1     299     823       0     321       2      90    1918       0       0
   19    1     331     823       0     359       5      98    1960       0       0
   20    1     326     835       0     345       4     105    1895       1       0
   21    1     322     798       0     342       5      86    1919       0       0
   22    1     324     821       0     365       2     114    1897       0       0
   23    1     334     849       0     367       3     119    1921       0       0
   24    1     327     850       0     388       3      92    1947       0       0
   25    1     326     840       1     372       2     107    1839       0       1
   26    1     329     881       0     359       3      93    1953       0       1
   27    1     330     761       0     351       3     111    1946       1       0
   28    1     323     807       0     368       1     107    1870       0       1
   29    1     350     807       0     305       4     121    1962       0       0
   30    1     350     857       0     333       5      97    1927       0       0
   31    1     327     836       0     351       4      99    1957       0       0
   32    1     359     821       0     345       5     108    1993       0       0
   33    1     342     880       0     346       5     110    1968       0       0
   34    1     328     817       0     346       2     106    1972       1       0
   35    1     337     826       0     359       4      98    1928       0       0
   36    1     331     793       1     393       5     110    1935       0       0
   37    1     340     827       0     374       1      97    1989       1       0
   38    1     376     877       0     369       3     101    1875       0       0
   39    1     339     841       1     410       3     109    1909       0       0
   40    1     342     857       0     365       3      74    1966       1       0
   41    1     319     880       0     360       2      94    2041       0       0
   42    1     318     832       0     368       2      93    2066       0       0
   43    1     314     804       0     345       3      98    1895       0       0
   44    1     367     818       0     348       7      91    2010       0       1
   45    1     346     847       0     359       0     101    2037       0       0
   46    1     366     812       0     354       6     118    1934       0       0
   47    1     317     894       0     374       5      90    1936       0       0
   48    1     338     830       0     383       2      91    2011       1       1
   49    1     326     863       0     382       2      96    1964       1       0
   50    1     327     850       0     358       3     109    1949       0       0
   51    1     349     815       0     345       0     102    1968       0       0
   52    1     373     836       0     370       3      99    1993       0       0
   53    1     342     804       0     400       5     108    1974       0       0
   54    1     313     866       0     382       5      82    1986       1       0
   55    1     321     816       0     392       4     102    1979       2       0
   56    1     336     843       0     349       2     103    2026       0       1
   57    1     357     888       0     361       1     104    1989       1       0
   58    1     314     814       0     337       5      91    2007       0       1
   59    1     347     841       0     396       2     109    2055       0       0
   60    1     350     806       0     344       2     115    1973       0       0
   61    1     339     811       1     370       5     134    1954       2       1
   62    1     324     793       0     381       5      94    1947       1       1
   63    1     297     836       0     349       2      92    1987       0       0
   64    1     342     845       0     393       2     114    2066       0       0
   65    1     329     806       0     376       4     103    1921       0       0
   66    1     318     853       0     355       7     104    2012       0       0
   67    1     336     863       0     357       3     107    1999       1       0
   68    1     340     808       0     355       3      96    2020       1       0
   69    1     335     861       0     345       4      84    1921       0       0
   70    1     365     787       0     341       5     106    1972       0       0
   71    1     321     851       2     369       3     110    1946       0       0
   72    1     328     918       0     359       1     104    2031       1       0
   73    1     324     827       0     347       2     106    2045       0       0
   74    1     324     780       0     376       5     107    1939       0       0
   75    1     331     814       0     325       1      93    2012       0       1
   76    1     327     836       0     361       2     106    2002       0       0
   77    1     324     812       0     359       4      86    2038       0       2
   78    1     326     777       0     345       6      90    1984       0       1
   79    1     314     848       1     341       3      97    2002       1       1
   80    1     330     809       1     347       1     102    2016       0       0
   81    1     304     820       0     347       3     115    2062       0       1
   82    1     329     896       0     384       0     110    2023       0       0
   83    1     327     903       0     388       0     105    2007       0       0
   84    1     335     837       0     366       4      85    1974       1       0
   85    1     318     881       0     418       1      94    2023       1       0
   86    1     335     854       1     356       5     111    1986       0       0
   87    1     338     807       0     357       5     102    1971       0       0
   88    1     313     852       1     356       3      93    1998       1       0
   89    1     336     845       0     347       1     114    2029       1       0
   90    1     376     856       0     353       3      98    2022       1       0
   91    1     325     861       0     370       1     117    2071       0       0
   92    1     324     812       0     351       2     116    2088       0       0
   93    1     307     829       0     372       4      96    2041       0       0
   94    1     296     789       0     353       3      96    1963       1       1
   95    1     351     870       0     360       3     106    2016       1       0
   96    1     304     834       0     371       6      91    1971       0       0
   97    1     329     822       0     320       0      98    1970       0       0
   98    1     292     814       0     371       1     103    1988       0       0
   99    1     333     865       0     360       4      92    2005       0       0
  100    1     339     808       0     344       1     114    2091       1       1
  101    1     299     813       1     389       4      93    2108       2       0
  102    1     312     839       0     341       4     102    2017       1       0
  103    1     318     817       0     373       3      98    2049       0       0
  104    1     310     817       0     364       3      94    1957       0       1
  105    1     331     830       0     363       1     109    2000       0       2
  106    1     326     845       0     405       3      99    2026       0       0
  107    1     322     802       1     344       1     100    2058       0       0
  108    1     295     857       0     369       4     106    2009       0       0
  109    1     333     811       0     367       6      93    2042       1       0
  110    1     309     827       1     355       2     105    2053       0       0
  111    1     324     838       0     374       1     105    2002       0       0
  112    1     330     778       0     332       4      91    2047       0       0
  113    1     342     833       0     353       3     102    2036       0       0
  114    1     312     835       0     346       1      95    2058       1       0
  115    1     328     828       0     373       8     108    2095       0       1
  116    1     309     755       0     313       3     112    1994       0       0
  117    1     297     833       0     347       1      90    1971       0       0
  118    1     335     812       0     338       5     109    1980       0       0
  119    1     354     830       0     342       0     104    2022       0       0
  120    1     329     799       0     362       5     100    2089       1       0
  121    1     339     816       0     338       3     104    1985       0       0
  122    1     296     857       0     374       2     100    1975       0       2
  123    1     281     789       0     367       1      96    2066       0       0
  124    1     342     792       1     360       3      91    1996       0       1
  125    1     345     876       0     380       2     113    1997       0       1
  126    1     339     837       1     365       6      97    2025       0       0
  127    1     311     764       0     370       1     115    2031       0       0
  128    1     331     857       0     329       2     109    2001       0       0
  129    1     326     864       0     336       2      96    1937       0       0
  130    1     303     887       0     322       2     115    1984       0       0
  131    1     318     828       0     363       3     114    1964       0       0
  132    1     329     831       0     327       3     104    2064       1       0
  133    1     343     767       0     382       1      85    2124       0       0
  134    1     310     782       0     368       3     123    2031       0       2
  135    1     301     794       0     351       2     107    1997       0       0
  136    1     343     829       0     344       4      91    1975       0       0
  137    1     301     821       0     340       2      95    2048       0       1
  138    1     328     830       1     393       1     117    1989       0       1
  139    1     265     822       0     366       3     114    2075       0       0
  140    1     327     770       0     358       3     117    2050       0       0
  141    1     334     894       0     369       6      96    1988       0       0
  142    1     288     813       0     349       4      94    1927       0       2
  143    1     347     816       0     400       5      98    2069       0       0
  144    1     301     815       1     359       3      88    2032       2       0
  145    1     294     821       0     341       5     107    2048       1       1
  146    1     297     809       0     346       3     103    2002       0       1
  147    1     326     861       0     385       2      96    2052       0       0
  148    1     306     826       0     347       6     114    2016       0       0
  149    1     303     844       0     359      12      99    1933       0       1
  150    1     292     861       0     331       2     105    2011       1       1
  151    1     312     859       0     334       3      97    1972       1       0
  152    1     295     756       0     408       2      86    2078       1       1
  153    1     310     843       0     345       2     125    2036       1       0
  154    1     333     812       0     396       3      95    2075       0       0
  155    1     322     827       1     358       4     113    2064       1       1
  156    1     338     804       0     357       4     111    1943       0       2
  157    1     350     835       0     363       4      99    2091       0       1
  158    1     297     814       0     354       3     118    2062       0       3
  159    1     298     789       0     377       2     102    2064       0       0
  160    1     300     810       0     352       2     116    1999       0       2
  161    1     299     829       0     358       1     118    1961       1       1
  162    1     312     851       0     338       7      87    2020       0       1
  163    1     321     852       0     357       5     112    1961       1       1
  164    1     325     759       0     356       3      77    2066       2       1
  165    1     296     811       0     368       6     101    2080       1       0
  166    1     297     811       0     390       2      87    2002       0       0
  167    1     314     766       0     369       3      80    2065       1       0
  168    1     312     818       0     351       4     119    1982       1       0
  169    1     305     821       0     324       1      89    2101       0       0
  170    1     307     804       0     358       1     106    2060       0       0
  171    1     303     773       0     350       2     102    2006       0       0
  172    1     306     796       0     422       3     105    2106       1       1
  173    1     295     751       0     384       7     114    2098       0       0
  174    1     312     757       0     363       3     102    2123       0       0
  175    1     255     837       0     372       6     108    1971       0       0
  176    1     299     848       0     385       3     104    2063       1       0
  177    1     323     800       1     384       1      91    2046       1       0
  178    1     299     814       0     357       2      90    2107       1       1
  179    1     279     772       0     370       4     121    2076       0       0
  180    1     285     797       0     369       1     103    2120       0       0
  181    1     317     805       0     357       2     104    2031       1       0
  182    1     303     789       0     355       3     120    2006       0       0
  183    1     282     803       0     362       1     111    2024       1       0
  184    1     317     774       0     375       2     100    2062       1       1
  185    1     309     790       0     343       2     109    2079       0       1
  186    1     300     833       0     379       5      99    2051       0       1
  187    1     292     773       0     349       4     106    2003       0       1
  188    1     285     765       0     399       5     102    1967       0       1
  189    1     293     793       0     358       1      92    2060       3       0
  190    1     265     767       0     352       1     100    2038       1       0
  191    1     274     770       0     371       2     119    1957       1       2
  192    1     318     786       0     401       5      96    2043       0       0
  193    1     310     803       0     376       5      94    2006       0       0
  194    1     306     797       0     299       2      94    2039       0       0
  195    1     261     751       1     402       1     105    2053       0       0
  196    1     290     797       0     366       2     100    2077       1       3
  197    1     284     812       0     360       2     101    2094       0       0
  198    1     308     812       0     367       4     108    1953       0       1
  199    1     259     739       0     379       5     112    1977       0       0
  200    1     292     791       0     383       1     101    2077       0       0
  201    1     261     775       0     352       1      89    2025       0       0
  202    1     292     782       0     386       2     101    2046       1       0
  203    1     264     777       0     338       7      91    2022       0       0
  204    1     276     710       0     354       5     108    2110       0       0
  205    1     283     782       0     360       7      95    2166       0       2
  206    1     278     837       0     361       5     111    2025       1       0
  207    1     289     800       0     366       3      97    2069       1       1
  208    1     298     820       0     360       2     104    2048       0       0
  209    1     297     723       0     366       4     101    2095       1       1
  210    1     291     787       0     328       3      90    2121       0       0
  211    1     271     710       0     354       1     106    2063       1       0
  212    1     275     810       0     403       1     105    2124       1       1
  213    1     272     767       0     367       2      96    2113       0       1
  214    1     273     761       0     356       5      93    2103       0       0
  215    1     276     768       0     376       3     112    2080       0       0
  216    1     292     740       0     376       1      91    2033       0       0
  217    1     278     771       0     406       7     111    2230       0       0
  218    1     268     761       0     368       4     110    2150       2       0
  219    1     254     740       1     405       3     118    2067       0       0
  220    1     288     761       0     359       4      87    2128       1       1
  221    1     274     799       0     377       6      98    2157       1       0
  222    1     234     741       0     376       4     104    2147       0       0
  223    1     256     756       0     388       2     110    2077       0       0
  224    1     277     766       0     397       1     102    2201       0       0
  225    1     259     722       0     369       3      94    2097       0       1
  226    1     294     768       0     360       4     121    2219       1       2
  227    1     261     780       0     376       3     101    2125       1       0
  228    1     263     789       0     393       4      96    2195       0       2
  229    1     290     708       0     379       3      95    2151       0       1
  230    1     275     776       1     393       2     117    2123       0       0
  231    1     242     681       0     378       5     101    2204       0       0
  232    1     266     707       0     384       1     107    2218       1       1
  233    1     205     727       0     366       1     111    2127       1       0
  234    1     227     731       0     386       3     104    2215       0       0
  235    1     266     745       0     362       1     120    2171       0       0
  236    1     243     736       0     385       1      97    2100       0       0
  237    1     246     722       0     363       5     128    2272       0       1
  238    1     241     708       0     357       1     106    2323       0       0
  239    1     220     740       0     402       4     101    2257       0       1
  240    1     251     668       0     357       6      99    2315       0       0
  241    1     235     699       0     379       1     113    2324       1       1
  242    1     244     697       0     369       6     113    2312       0       0
  243    1     231     693       0     368       2     101    2366       0       0
  244    1     220     644       0     441       3     120    2329       0       0
  245    1     244     741       0     383       1     115    2288       1       1
  246    1     236     714       0     363       3     116    2358       0       1
  247    1     216     723       0     390       2     124    2415       0       0
  248    1     232     670       0     419       1     117    2506       1       1
  249    1     210     646       0     448       0     133    2493       1       1
  250    1     239     661       0     393       3     118    2605       1       0
  251    1     228     676       0     447       6     148    2633       1       0
  252    1     216     632       0     397       6     117    2592       3       2
  253    1     220     618       1     411       1     113    2763       0       0
  254    1     224     595       0     427       2     143    2611       2       0
  255    1     228     584       0     443       4     140    2705       0       0
  256    1     215     610       0     435       0     124    2811       1       1
  257    1     181     568       0     437       2     138    2858       1       0
  258    1     215     525       0     422       0     119    2961       0       0
  259    1     160     512       0     455       0     120    3028       0       0
  260    1     164     504       0     420       1     148    3018       0       1
  261    1     158     492       0     446       3     154    3101       0       4
  262    1     143     435       0     440       0     161    3084       3       0
  263    1     135     432       0     410       1     158    3198       1       2
  264    1     114     413       0     426       1     159    3256       0       0
  265    1      88     411       0     418       0     147    3313       1       0
  266    1      75     324       0     341       0     143    3466       5       0
  267    1      64     316       0     377       0     146    3570       0       1
  268    1      38     289       0     357       0     167    3676       2       2
  269    1      42     221       0     312       0     146    3816       2       0
  270    1      28     188       0     273       0     137    3835       2       2
  271    1      26     165       0     229       0     133    3732       0       4
  272    1      11     105       0     244       0     123    3746       2       4
  273    1      10      90       0     193       0      93    3561       1       5
  274    1       1      68       0     169       0      98    3189       2       4
  275    1       2      37       0     144       0      75    2893       4       4
  276    1       1      35       0     144       0      37    2303       5       4
  277    1       1      22       0     146       0      34    1802       6       3
  278    1       4      17       0      79       0      16    1290       1       4
  279    1       2      15       0      81       0       9     867       2       2
  280    1       3      14       0      59       0       3     542       2       3
  281    1       3      12       0      34       0       3     338       1       0
  282    1       2      12       0      27       0       1     205       1       1
  283    1       2      11       0      18       0       1     127       3       1
  284    1       5      22       0      13       0       2      99       0       0
  285    1       3      14       0       6       0       2      94       4       0
  286    1       1      22       0       8       0       1      83       0       0
  287    1       1      11       0       7       0       1      62       0       0
  288    1       4      21       0       9       0       2      75       0       0
  289    1       1      10       0       2       0       1      79       0       0
  290    1       2      17       0       1       0       1      53       0       0
  291    1       4      15       0       5       0       0      73       0       0
  292    1       2      12       0       7       0       0      69       0       0
  293    1       4      19       0       5       1       2      69       0       0
  294    1       1      18       0       9       0       1      73       0       0
  295    1       3      16       0       5       0       2      63       0       0
  296    1       0      24       0       6       0       1      80       0       0
  297    1       1      17       0       7       0       2      79       0       0
  298    1       3      19       0       4       0       1      67       0       0
  299    1       4       7       0       5       0       3      67       0       0
  300    1       1      16       0       8       0       2      66       0       0
  301    0       0       0       0       0       0       0       0       0       0
   SUM ==>   80252  211489      23  100602     802   29188  596768     142     140
