10000000
300
ZONE	MED	LOSS(MEV)	(MEV)	EXCITATION	PI0	(MEV)	PI+	K+	MU-	MU+	PROT	DEUT	TRIT	HE3	ALPH	ELSC	INEL	FISS
1	1	4498430	624,696	18,47	0	0	0	0	0	0	4749	987	253	603	2606	3522	11125	0
2	1	4548340	630,343	12,76	4	86,07	0	0	0	0	6309	1152	273	687	2843	3567	11080	0
3	1	4581430	649,881	17,49	2	14,75	0	0	0	0	7174	1158	290	621	2887	3808	11399	0
4	1	4610470	645,532	11,74	3	39,86	0	0	0	0	7896	1208	311	651	2694	3672	11411	0
5	1	4635900	672,447	8,042	1	16,5	0	0	0	0	8234	1228	319	657	2751	3761	11236	0
6	1	4663710	671,212	14,28	1	18,54	0	0	0	0	8661	1214	318	665	2872	3890	11586	0
7	1	4683540	666,91	6,408	1	7,481	0	0	0	0	9208	1213	295	663	2812	3823	11543	0
8	1	4704900	688,188	16,69	2	14,95	0	0	0	0	9421	1191	296	646	2908	4062	11726	0
9	1	4721980	685,843	10,04	5	87,37	0	0	0	0	9851	1246	304	577	2907	3983	11804	0
10	1	4738870	706,713	9,414	0	0	0	0	0	0	9934	1161	314	617	2903	4045	11741	0
11	1	4758470	689,975	14,19	2	8,494	0	0	0	0	10194	1199	311	715	2941	4113	11839	0
12	1	4779650	690,686	35,58	3	78,21	0	0	0	0	10486	1288	311	669	3026	4163	11992	0
13	1	4789880	711,203	3,54	1	19,81	0	0	0	0	10371	1169	342	662	2751	4207	11701	0
14	1	4809030	696,998	16,17	0	0	0	0	0	0	10889	1283	322	679	2985	4219	11945	0
15	1	4822590	729,616	20,34	2	14,24	0	0	0	0	11280	1199	305	699	2956	4210	12057	0
16	1	4833220	714,427	35,33	2	30,07	0	0	0	0	11032	1208	294	658	2895	4195	11953	0
17	1	4852640	716,33	17,6	0	0	0	0	0	0	11325	1299	301	664	2875	4367	11980	0
18	1	4864500	734,922	20,39	1	13,45	0	0	0	0	11614	1208	271	644	2836	4449	12015	0
19	1	4879540	751,062	59,33	0	0	0	0	0	0	11779	1227	294	629	2854	4393	12240	0
20	1	4890430	755,206	8,387	2	20,08	0	0	0	0	11692	1274	298	668	2857	4453	12162	0
21	1	4907480	732,79	29,34	2	9,346	0	0	0	0	11975	1249	320	715	2819	4442	12319	0
22	1	4921860	747,459	16,36	0	0	0	0	0	0	12308	1222	311	636	2982	4511	12330	0
23	1	4935700	750,415	17,1	1	13,38	0	0	0	0	12362	1243	296	654	2963	4514	12402	0
24	1	4949160	767,158	21,93	1	1,755	0	0	0	0	12561	1222	302	656	2991	4599	12455	0
25	1	4964420	741,541	9,063	0	0	0	0	0	0	12646	1238	304	700	3072	4577	12315	0
26	1	4977050	766,866	21,22	0	0	0	0	0	0	12762	1249	310	678	2867	4725	12535	0
27	1	4992420	770,636	26,33	0	0	0	0	0	0	12876	1272	337	683	3096	4602	12421	0
28	1	5004740	800,273	18,92	2	18,8	0	0	0	0	13179	1239	310	711	3021	4773	12624	0
29	1	5014750	775,427	45,33	0	0	0	0	0	0	13375	1230	324	690	2989	4805	12312	0
30	1	5020370	788,89	7,817	0	0	0	0	0	0	13410	1230	304	650	2885	4898	12404	0
31	1	5032220	791,945	1,99	1	9,198	0	0	0	0	13453	1296	300	633	2921	4958	12538	0
32	1	5045890	793,159	4,032	0	0	0	0	0	0	13352	1243	332	594	2908	4839	12490	0
33	1	5060210	789,29	27,32	0	0	0	0	0	0	13588	1330	346	696	3046	4914	12699	0
34	1	5070390	801,757	32,91	0	0	0	0	0	0	13548	1180	309	639	3110	4900	12636	0
35	1	5081780	812,499	14,96	0	0	0	0	0	0	13779	1230	326	651	2995	4993	12671	0
36	1	5091340	823,534	14,63	0	0	0	0	0	0	13779	1233	309	689	2958	5051	12439	0
37	1	5103620	809,98	13,22	3	5,698	0	0	0	0	14091	1212	299	619	3080	5041	12602	0
38	1	5115280	807,16	36,52	0	0	0	0	0	0	14241	1221	313	647	3141	5047	12711	0
39	1	5126600	838,677	17,49	0	0	0	0	0	0	13948	1337	343	682	3027	5189	12734	0
40	1	5139600	823,17	39,07	1	16,83	0	0	0	0	14211	1248	323	680	3141	5080	12818	0
41	1	5147700	832,144	16,57	0	0	0	0	0	0	14391	1189	311	691	3029	5173	12610	0
42	1	5153980	831,558	5,63	2	14,53	0	0	0	0	14373	1215	299	638	3036	5152	12559	0
43	1	5166260	844,541	7,78E-4	0	0	0	0	0	0	14410	1271	314	608	3107	5296	12819	0
44	1	5182120	830,314	36,3	0	0	0	0	0	0	14773	1302	336	691	3124	5180	12954	0
45	1	5193730	835,742	18,12	0	0	0	0	0	0	14765	1281	312	679	3218	5269	13045	0
46	1	5199030	885,957	42,16	0	0	0	0	0	0	14883	1291	330	704	2977	5291	12753	0
47	1	5207130	879,305	16,4	0	0	0	0	0	0	14707	1228	301	661	3091	5292	12981	0
48	1	5222160	843,251	5,639	0	0	0	0	0	0	15003	1293	302	686	3023	5321	12903	0
49	1	5227390	862,706	43,25	0	0	0	0	0	0	14961	1225	336	632	3101	5388	12874	0
50	1	5239790	859,075	24,14	0	0	0	0	0	0	14858	1323	293	667	3127	5447	13047	0
51	1	5246780	847,864	21,45	0	0	0	0	0	0	14800	1244	288	658	2976	5488	12785	0
52	1	5263610	859,737	28,68	0	0	0	0	0	0	15389	1329	315	633	3158	5434	13183	0
53	1	5270020	879,185	0	1	2,523	0	0	0	0	15279	1239	301	658	3247	5475	12800	0
54	1	5281390	886,531	45,55	2	14,14	0	0	0	0	15308	1277	316	676	3073	5506	13203	0
55	1	5288700	877,473	24,44	1	0,3574	0	0	0	0	15378	1238	330	652	3080	5594	12825	0
56	1	5299370	887,883	0	0	0	0	0	0	0	15483	1284	293	644	3049	5537	13053	0
57	1	5311070	868,523	16,7	1	5,843	0	0	0	0	15754	1292	318	670	3037	5617	12924	0
58	1	5321710	872,441	22,7	0	0	0	0	0	0	15710	1308	318	679	3128	5518	13230	0
59	1	5327890	899,502	33,72	1	9,881	0	0	0	0	15733	1263	289	658	3121	5652	13088	0
60	1	5339170	908,684	14,82	0	0	0	0	0	0	15926	1240	322	617	3117	5609	13241	0
61	1	5345860	893,051	16,87	0	0	0	0	0	0	15954	1268	326	614	3149	5637	13199	0
62	1	5352960	901,863	18,58	0	0	0	0	0	0	15636	1326	295	621	3014	5638	12966	0
63	1	5365930	908,634	23,64	0	0	0	0	0	0	15743	1291	300	674	3032	5700	13014	0
64	1	5371610	909,587	7,586	0	0	0	0	0	0	16116	1280	309	637	2923	5940	12918	0
65	1	5387210	929,252	17,53	0	0	0	0	0	0	16090	1285	324	696	3181	5874	13361	0
66	1	5395970	927,406	6,944	0	0	0	0	0	0	16163	1314	350	633	3089	5844	13224	0
67	1	5403810	906,774	7,23	0	0	0	0	0	0	16291	1279	299	670	3116	5880	13129	0
68	1	5413580	931,324	30,18	0	0	0	0	0	0	16337	1311	324	674	3012	5871	13333	0
69	1	5420900	939,157	10,79	0	0	0	0	0	0	16269	1292	322	671	3048	5947	13111	0
70	1	5429480	929,104	12,61	0	0	0	0	0	0	16340	1279	318	658	3074	6076	13193	0
71	1	5442910	935,618	28,27	0	0	0	0	0	0	16615	1271	306	649	3220	5975	13261	0
72	1	5448570	921,068	26,9	0	0	0	0	0	0	16619	1262	349	637	3092	6057	13199	0
73	1	5455420	972,009	17,89	0	0	0	0	0	0	16717	1236	296	650	3212	6248	13291	0
74	1	5465260	962,2	23,6	0	0	0	0	0	0	16753	1296	315	642	3056	6121	13315	0
75	1	5472760	946,145	0,9797	0	0	0	0	0	0	16439	1265	293	621	3002	5991	13070	0
76	1	5484820	941,475	25,84	0	0	0	0	0	0	16770	1230	348	603	3221	6221	13247	0
77	1	5492460	959,434	5,346	0	0	0	0	0	0	17004	1309	285	662	3084	6174	13199	0
78	1	5499120	944,083	31,85	0	0	0	0	0	0	16730	1306	308	658	3175	6105	13411	0
79	1	5511800	940,378	19,75	0	0	0	0	0	0	17094	1265	328	648	3185	6226	13555	0
80	1	5517550	946,147	23,38	0	0	0	0	0	0	17039	1228	315	662	3106	6097	13247	0
81	1	5524520	958,081	21,6	0	0	0	0	0	0	16826	1275	305	636	3060	6190	13253	0
82	1	5532290	986,365	26,98	0	0	0	0	0	0	17348	1261	265	687	3038	6362	13393	0
83	1	5539720	946,777	23,5	0	0	0	0	0	0	16878	1297	294	644	3133	6246	13205	0
84	1	5550970	967,706	19,91	0	0	0	0	0	0	16998	1341	302	674	3050	6211	13322	0
85	1	5557410	947,646	16,12	0	0	0	0	0	0	17020	1203	316	637	3186	6200	13159	0
86	1	5565590	948,198	31,32	0	0	0	0	0	0	17140	1285	298	636	2952	6351	13155	0
87	1	5576030	981,465	18,07	0	0	0	0	0	0	17107	1313	290	649	3222	6469	13137	0
88	1	5582760	971,267	26,32	0	0	0	0	0	0	17166	1279	313	616	3125	6293	13349	0
89	1	5593820	1000,64	0	0	0	0	0	0	0	17433	1225	304	659	3126	6525	13457	0
90	1	5606940	986,762	39,34	0	0	0	0	0	0	17373	1382	301	652	3222	6333	13528	0
91	1	5614800	1001,89	18,03	0	0	0	0	0	0	17553	1308	318	694	3155	6513	13525	0
92	1	5625680	987,642	20,25	0	0	0	0	0	0	17366	1263	332	648	3331	6632	13414	0
93	1	5634590	993,003	25,96	0	0	0	0	0	0	17603	1277	306	682	3101	6553	13489	0
94	1	5637320	970,998	35,93	0	0	0	0	0	0	17773	1259	276	641	3171	6428	13392	0
95	1	5644340	1008,07	29,52	0	0	0	0	0	0	17536	1221	321	632	3207	6618	13413	0
96	1	5653980	1003,37	62,07	0	0	0	0	0	0	17477	1226	327	667	3178	6654	13259	0
97	1	5661700	995,637	16,12	0	0	0	0	0	0	17473	1224	331	673	3070	6666	13415	0
98	1	5672950	996,872	14,08	0	0	0	0	0	0	17821	1273	304	658	3087	6578	13382	0
99	1	5687000	1032,33	24,16	0	0	0	0	0	0	17864	1327	326	648	3127	6777	13490	0
100	1	5691130	1005,61	12,36	0	0	0	0	0	0	18133	1251	326	617	3183	6661	13363	0
101	1	5699610	1047,17	4,705	0	0	0	0	0	0	18025	1217	303	687	3115	7021	13632	0
102	1	5713050	997,98	11,97	0	0	0	0	0	0	18261	1330	350	679	3220	6820	13577	0
103	1	5714220	1017,54	13,81	0	0	0	0	0	0	18360	1197	339	658	3181	6821	13402	0
104	1	5721870	1047,08	15,64	0	0	0	0	0	0	18067	1205	312	656	3204	6935	13553	0
105	1	5724900	1032,04	30,06	0	0	0	0	0	0	18044	1219	315	618	3085	6868	13360	0
106	1	5737310	1029,1	34,56	0	0	0	0	0	0	18025	1262	316	623	3110	7010	13359	0
107	1	5743510	1037,68	41,74	0	0	0	0	0	0	18132	1256	327	629	3045	6982	13348	0
108	1	5754230	1066,73	35,95	0	0	0	0	0	0	18117	1296	320	667	3125	7008	13415	0
109	1	5758240	1069,65	25,34	0	0	0	0	0	0	18389	1252	351	632	3027	7024	13469	0
110	1	5768110	1057,58	16,46	0	0	0	0	0	0	18195	1205	326	637	3144	7080	13512	0
111	1	5778850	1058,03	21,44	0	0	0	0	0	0	18337	1273	305	673	3206	7115	13406	0
112	1	5785400	1092,45	34,62	0	0	0	0	0	0	18388	1236	326	627	3140	7099	13571	0
113	1	5791500	1099,53	8,122	0	0	0	0	0	0	18281	1241	302	616	3184	7294	13408	0
114	1	5797780	1073,1	17,7	0	0	0	0	0	0	18406	1245	297	601	3229	7217	13354	0
115	1	5807470	1102,7	14,08	0	0	0	0	0	0	18420	1210	347	619	3228	7265	13459	0
116	1	5818770	1083,29	19,58	0	0	0	0	0	0	18694	1330	312	694	3188	7444	13549	0
117	1	5823240	1091,08	12,76	0	0	0	0	0	0	18672	1247	292	628	3163	7362	13386	0
118	1	5831610	1083,3	25,19	0	0	0	0	0	0	18549	1225	332	623	3273	7424	13627	0
119	1	5837900	1105,05	16,9	0	0	0	0	0	0	18733	1218	336	647	3054	7519	13505	0
120	1	5844790	1127,14	37,24	0	0	0	0	0	0	18794	1243	287	611	3201	7503	13594	0
121	1	5847710	1118,83	14,17	0	0	0	0	0	0	18734	1264	282	649	3156	7701	13234	0
122	1	5851210	1135	16,84	0	0	0	0	0	0	18478	1207	324	608	3112	7692	13319	0
123	1	5860960	1095,16	12,54	0	0	0	0	0	0	18545	1235	309	611	3067	7440	13458	0
124	1	5871270	1104,98	33,4	0	0	0	0	0	0	18551	1217	322	628	3139	7697	13427	0
125	1	5882400	1121,42	48,91	0	0	0	0	0	0	18890	1173	298	642	3155	7619	13587	0
126	1	5889200	1139,46	48,09	0	0	0	0	0	0	18693	1239	311	662	3064	7783	13481	0
127	1	5900000	1150,53	40,01	0	0	0	0	0	0	18640	1164	309	627	3170	7895	13510	0
128	1	5904740	1139,23	41,4	0	0	0	0	0	0	18722	1223	288	639	3025	8093	13221	0
129	1	5911470	1149,6	21,31	0	0	0	0	0	0	18726	1206	280	592	3001	7944	13402	0
130	1	5922170	1137,7	38,59	0	0	0	0	0	0	18654	1166	299	617	2969	7899	13262	0
131	1	5932630	1152,99	46,33	0	0	0	0	0	0	18609	1182	313	614	3064	8042	13323	0
132	1	5946700	1144,71	26,98	0	0	0	0	0	0	18950	1277	308	642	3178	7977	13704	0
133	1	5955010	1191,41	37,17	0	0	0	0	0	0	19005	1240	287	615	3041	8048	13530	0
134	1	5963830	1170,05	68,61	0	0	0	0	0	0	18888	1274	258	628	3219	8127	13603	0
135	1	5972510	1155,51	4,811	0	0	0	0	0	0	19100	1218	307	627	3113	8135	13566	0
136	1	5981740	1192,06	37,22	0	0	0	0	0	0	19376	1217	300	600	3155	8122	13403	0
137	1	5987510	1179,65	10,36	0	0	0	0	0	0	19081	1241	312	637	3155	8031	13378	0
138	1	5996610	1150,61	74,77	0	0	0	0	0	0	19288	1183	295	611	3057	8107	13490	0
139	1	6006250	1175,6	36,72	0	0	0	0	0	0	19270	1212	320	639	3212	8209	13600	0
140	1	6013490	1172,45	7,56	0	0	0	0	0	0	19376	1255	292	658	3240	8171	13504	0
141	1	6021010	1183,2	29,71	0	0	0	0	0	0	19476	1213	280	617	3219	8329	13521	0
142	1	6025370	1209,75	20,12	0	0	0	0	0	0	19109	1221	297	655	3130	8339	13565	0
143	1	6031190	1176,79	43,02	0	0	0	0	0	0	19265	1236	289	603	3075	8192	13535	0
144	1	6043920	1214,42	0,8306	0	0	0	0	0	0	19619	1214	279	633	3120	8464	13657	0
145	1	6047060	1229,52	8,705	0	0	0	0	0	0	19577	1218	290	616	3079	8516	13507	0
146	1	6054100	1236,44	39,67	0	0	0	0	0	0	19556	1218	273	613	3198	8585	13644	0
147	1	6063350	1214,02	57,96	0	0	0	0	0	0	19436	1226	303	677	3227	8537	13886	0
148	1	6068030	1238,01	46,04	0	0	0	0	0	0	19373	1279	305	644	3091	8554	13627	0
149	1	6080740	1215,23	34,64	0	0	0	0	0	0	19741	1205	280	645	3157	8680	13520	0
150	1	6082860	1252,22	8,145	0	0	0	0	0	0	19695	1193	285	619	3139	8650	13515	0
151	1	6097880	1259,89	9,633	0	0	0	0	0	0	19635	1262	268	661	3117	8667	13526	0
152	1	6112420	1244,14	35,85	0	0	0	0	0	0	19820	1218	292	633	3118	8861	13713	0
153	1	6127440	1249,11	12,05	0	0	0	0	0	0	19794	1169	271	667	3178	8857	13549	0
154	1	6149630	1264,98	19,95	0	0	0	0	0	0	19714	1252	287	612	3192	8880	13867	0
155	1	6172230	1255,48	42,81	0	0	0	0	0	0	19936	1171	307	602	3129	8990	13518	0
156	1	6195000	1293,47	45,88	0	0	0	0	0	0	19974	1236	280	660	3168	9082	13535	0
157	1	6213280	1307,35	63,96	0	0	0	0	0	0	19732	1255	293	615	3099	9137	13523	0
158	1	6230110	1289,73	12,33	0	0	0	0	0	0	19643	1195	320	608	3043	9120	13582	0
159	1	6246240	1300,98	19,58	0	0	0	0	0	0	20121	1165	297	619	3162	9251	13584	0
160	1	6259960	1313,71	10,39	0	0	0	0	0	0	19744	1194	271	632	3214	9342	13610	0
161	1	6273570	1317,26	5,676	0	0	0	0	0	0	19947	1186	335	597	3104	9335	13455	0
162	1	6287150	1325,7	11,35	0	0	0	0	0	0	20261	1228	307	582	3127	9466	13578	0
163	1	6298170	1341,07	5,789	0	0	0	0	0	0	20116	1146	306	603	3148	9425	13644	0
164	1	6311030	1345,14	0	0	0	0	0	0	0	20023	1165	274	631	3241	9570	13480	0
165	1	6322160	1341,1	22,01	0	0	0	0	0	0	20083	1202	304	627	3127	9662	13768	0
166	1	6335330	1376,02	9,375	0	0	0	0	0	0	20208	1209	293	616	3127	9706	13649	0
167	1	6347430	1345,38	33,73	0	0	0	0	0	0	20129	1217	289	621	3197	9531	13803	0
168	1	6358570	1371,14	9,826	0	0	0	0	0	0	20161	1196	274	582	2940	10001	13415	0
169	1	6369900	1382,34	16,77	0	0	0	0	0	0	20326	1181	288	572	3083	9882	13595	0
170	1	6384420	1403,26	29,66	0	0	0	0	0	0	20365	1181	278	604	3045	10041	13646	0
171	1	6396930	1399,59	23,98	0	0	0	0	0	0	20239	1173	306	587	3137	10153	13479	0
172	1	6407190	1408,03	4,584	0	0	0	0	0	0	20378	1184	281	609	3070	10044	13461	0
173	1	6417070	1401,3	30,97	0	0	0	0	0	0	19794	1151	281	623	3040	10122	13408	0
174	1	6437570	1416,96	46,01	0	0	0	0	0	0	20393	1146	266	593	3231	10292	13649	0
175	1	6447200	1451,77	29,77	0	0	0	0	0	0	20452	1152	282	601	3054	10224	13507	0
176	1	6462290	1416,56	27,87	0	0	0	0	0	0	20347	1118	290	564	3108	10240	13545	0
177	1	6477140	1433,5	50,49	0	0	0	0	0	0	20497	1095	283	565	3031	10400	13522	0
178	1	6492380	1462,91	15,4	0	0	0	0	0	0	20556	1262	257	573	3007	10742	13279	0
179	1	6507160	1479,32	7,272	0	0	0	0	0	0	20566	1170	273	584	3136	10746	13651	0
180	1	6519920	1483,76	12,15	0	0	0	0	0	0	20430	1208	260	578	3062	10693	13577	0
181	1	6534550	1503,44	34,44	0	0	0	0	0	0	20403	1115	291	575	3192	10708	13383	0
182	1	6550740	1524,27	37,35	0	0	0	0	0	0	20517	1232	252	550	3143	10968	13502	0
183	1	6567220	1501,98	25,47	0	0	0	0	0	0	20608	1140	278	581	3037	10907	13491	0
184	1	6583340	1483,05	66,91	0	0	0	0	0	0	20518	1158	276	618	3132	10950	13573	0
185	1	6599960	1543,28	12,52	0	0	0	0	0	0	20939	1135	272	573	3027	11188	13461	0
186	1	6613350	1530,56	0,1717	0	0	0	0	0	0	20919	1138	276	605	3109	11141	13485	0
187	1	6626120	1536,33	42,83	0	0	0	0	0	0	20748	1219	237	545	2917	11310	13339	0
188	1	6645190	1550,92	7,01	0	0	0	0	0	0	20818	1138	269	609	3133	11270	13451	0
189	1	6659910	1553,5	20,12	0	0	0	0	0	0	20592	1147	277	562	3095	11418	13435	0
190	1	6683030	1570,99	19,06	0	0	0	0	0	0	20886	1145	265	611	3103	11487	13750	0
191	1	6703250	1563,83	22,88	0	0	0	0	0	0	21240	1101	282	625	3162	11524	13578	0
192	1	6713630	1571,79	56,58	0	0	0	0	0	0	21081	1174	258	621	3020	11628	13433	0
193	1	6730790	1579,86	18,53	0	0	0	0	0	0	21089	1204	258	599	3069	11687	13834	0
194	1	6748170	1595,81	24,88	0	0	0	0	0	0	21200	1101	262	551	3133	11670	13552	0
195	1	6764550	1603,22	0,9224	0	0	0	0	0	0	21012	1155	228	581	3072	11921	13427	0
196	1	6780970	1591,14	13,43	0	0	0	0	0	0	21098	1137	256	591	3143	11871	13347	0
197	1	6796620	1598,58	25,49	0	0	0	0	0	0	20914	1074	247	617	3147	12039	13497	0
198	1	6815070	1634,77	25,24	0	0	0	0	0	0	21206	999	236	562	3070	12225	13422	0
199	1	6834800	1679,05	26,98	0	0	0	0	0	0	21505	1071	239	569	3169	12383	13631	0
200	1	6850920	1707,16	39,36	0	0	0	0	0	0	21269	1094	257	579	3156	12443	13478	0
201	1	6867720	1620,22	39,61	0	0	0	0	0	0	21318	1099	261	582	3104	12139	13551	0
202	1	6887580	1720,96	35,11	0	0	0	0	0	0	21572	1111	245	561	2983	12736	13515	0
203	1	6905050	1695,48	14,31	0	0	0	0	0	0	21570	1115	214	553	3085	12549	13495	0
204	1	6924130	1692,16	20,54	0	0	0	0	0	0	21303	1130	244	570	3026	12778	13591	0
205	1	6947630	1734,45	27,22	0	0	0	0	0	0	21551	1140	257	528	3103	12861	13561	0
206	1	6970480	1749,87	48,1	0	0	0	0	0	0	21616	1077	276	543	3057	13093	13313	0
207	1	6996510	1713,69	0,5272	0	0	0	0	0	0	21539	1119	263	562	3066	12915	13588	0
208	1	7024000	1728,59	24,35	0	0	0	0	0	0	21750	1042	265	557	3152	13048	13580	0
209	1	7054060	1726,04	28,76	0	0	0	0	0	0	21618	1157	210	574	3029	13146	13525	0
210	1	7082260	1808,49	56,08	0	0	0	0	0	0	21860	1069	237	552	2949	13585	13497	0
211	1	7115980	1810,05	8,188	0	0	0	0	0	0	21614	1050	238	534	3171	13381	13688	0
212	1	7150020	1867,62	33,67	0	0	0	0	0	0	22000	1120	257	581	3247	13819	13851	0
213	1	7176790	1809,69	18,86	0	0	0	0	0	0	22054	1137	256	528	3084	13725	13653	0
214	1	7204960	1868,36	45,64	0	0	0	0	0	0	22227	1016	238	568	3131	14038	13632	0
215	1	7232580	1818,46	19,76	0	0	0	0	0	0	22419	1058	242	551	3208	13801	13663	0
216	1	7261650	1900,25	33,13	0	0	0	0	0	0	22164	1146	237	585	3087	14174	13803	0
217	1	7293300	1907,45	6,117	0	0	0	0	0	0	22453	1130	244	614	3076	14404	13896	0
218	1	7324340	1893,58	29,68	0	0	0	0	0	0	22531	1109	241	591	3207	14451	13865	0
219	1	7353680	1934,54	36,75	0	0	0	0	0	0	22182	1057	234	486	3106	14548	13663	0
220	1	7387050	1940,42	18,55	1	13,61	0	0	0	0	22164	1020	236	530	3108	14736	13679	0
221	1	7424570	1954,63	49,65	0	0	0	0	0	0	22208	1070	242	542	3152	14863	13667	0
222	1	7457560	1982,18	22,69	0	0	0	0	0	0	22339	1063	224	528	3043	15133	13681	0
223	1	7494530	1947,71	10,73	0	0	0	0	0	0	22353	1106	234	532	3190	15198	13799	0
224	1	7525890	2007,59	46,06	0	0	0	0	0	0	22632	1108	230	563	3152	15297	13940	0
225	1	7555180	2010,4	23,1	0	0	0	0	0	0	22459	1095	237	529	3058	15380	13738	0
226	1	7586620	2056,58	24,53	0	0	0	0	0	0	22566	1059	224	521	3049	15843	13656	0
227	1	7622100	2106,57	21,98	0	0	0	0	0	0	22789	1096	200	472	3042	16077	13569	0
228	1	7661130	2094,61	26,59	0	0	0	0	0	0	22909	1109	253	517	3049	16125	13996	0
229	1	7703770	2150,09	0,03832	0	0	0	0	0	0	22857	1049	205	527	3096	16386	13894	0
230	1	7752000	2158,99	15,55	0	0	0	0	0	0	23018	1085	211	498	3116	16494	14014	0
231	1	7795770	2140,58	53,11	0	0	0	0	0	0	23050	1033	205	472	2974	16635	13634	0
232	1	7847210	2215,64	21,06	0	0	0	0	0	0	23157	1027	215	557	3129	17036	14003	0
233	1	7900520	2203,69	20,59	0	0	0	0	0	0	23302	1061	243	540	3309	17227	14166	0
234	1	7949600	2227,36	26,16	0	0	0	0	0	0	23139	1075	232	521	3111	17363	13901	0
235	1	8004410	2262,84	25,93	0	0	0	0	0	0	23372	1092	207	504	3074	17603	13904	0
236	1	8058820	2319,11	31,48	0	0	0	0	0	0	23276	1072	216	526	3075	17744	13964	0
237	1	8120540	2308,86	21,28	0	0	0	0	0	0	23101	1072	195	521	3132	17924	14092	0
238	1	8182370	2335,76	24,75	0	0	0	0	0	0	23405	1077	223	497	3067	18174	14165	0
239	1	8249760	2380,73	39,67	0	0	0	0	0	0	23077	1050	207	515	3183	18539	14084	0
240	1	8319490	2389,94	7,621	0	0	0	0	0	0	23845	1117	237	485	3230	18830	14045	0
241	1	8387250	2408,4	39,07	0	0	0	0	0	0	23448	1045	197	505	3128	18892	14088	0
242	1	8462480	2419,68	9,187	0	0	0	0	0	0	23525	1078	229	536	3216	18750	14302	0
243	1	8541130	2433,6	43,82	0	0	0	0	0	0	23728	1055	202	489	3072	19131	14344	0
244	1	8625360	2444,13	17,82	0	0	0	0	0	0	24076	1066	188	480	3122	19251	14442	0
245	1	8711420	2469,73	27,24	0	0	0	0	0	0	24064	1067	229	499	3194	19259	14536	0
246	1	8801670	2540,47	37,83	0	0	0	0	0	0	24100	1133	169	503	3160	19735	14827	0
247	1	8898660	2585,38	31,65	0	0	0	0	0	0	24204	1097	209	501	3376	20003	14880	0
248	1	9000010	2573,31	64,48	0	0	0	0	0	0	24770	1122	193	457	3274	20094	14949	0
249	1	9101710	2620,68	23,01	0	0	0	0	0	0	24854	1086	182	492	3173	20449	15057	0
250	1	9216470	2611,17	19,71	0	0	0	0	0	0	24543	1053	198	520	3307	20571	15132	0
251	1	9336690	2686,2	44,7	0	0	0	0	0	0	24864	1167	194	481	3287	20868	15348	0
252	1	9462860	2669,71	63,96	0	0	0	0	0	0	25201	1142	212	517	3333	21003	15442	0
253	1	9596290	2714,89	21,09	0	0	0	0	0	0	25347	1179	190	513	3219	21426	15523	0
254	1	9739270	2804,4	38,32	0	0	0	0	0	0	25731	1162	213	513	3372	21999	15819	0
255	1	9892840	2851,16	33,06	0	0	0	0	0	0	26335	1193	197	495	3493	22382	16176	0
256	1	10047600	2841,86	38,66	0	0	0	0	0	0	26261	1123	226	474	3332	22260	16068	0
257	1	10219700	2901,79	38,67	0	0	0	0	0	0	26618	1164	206	457	3432	22922	16190	0
258	1	10405600	2985,38	26,61	0	0	0	0	0	0	26946	1200	231	508	3382	23526	16482	0
259	1	10604200	3023,94	45,55	0	0	0	0	0	0	27302	1136	213	446	3516	23832	16641	0
260	1	10820200	3057,92	15,15	0	0	0	0	0	0	27881	1174	201	493	3440	24386	16739	0
261	1	11056400	3136,4	16,81	0	0	0	0	0	0	28340	1134	203	484	3540	24595	17084	0
262	1	11318300	3250,07	42,9	0	0	0	0	0	0	29566	1239	212	444	3660	25350	17397	0
263	1	11600400	3216,17	77,53	0	0	0	0	0	0	30517	1160	209	428	3731	25348	17746	0
264	1	11918700	3310,52	29,3	0	0	0	0	0	0	31952	1255	247	422	3717	25975	18260	0
265	1	12270800	3315,56	19,88	0	0	0	0	0	0	33477	1215	203	431	3770	26220	18467	0
266	1	12675900	3343,97	23,78	0	0	0	0	0	0	36148	1279	217	409	3943	26472	18947	0
267	1	13130700	3381,85	69,27	0	0	0	0	0	0	39151	1220	238	406	3977	26664	19396	0
268	1	13654900	3467,1	70,18	0	0	0	0	0	0	44211	1164	222	343	4032	27024	19957	0
269	1	14269900	3487,17	72,04	0	0	0	0	0	0	52115	1245	235	373	4154	27207	20786	0
270	1	14993100	3493,65	90,05	0	0	0	0	0	0	64508	1317	200	365	4276	27125	22002	0
271	1	15848000	3478,25	72,53	0	0	0	0	0	0	86036	1256	189	325	4198	27086	23472	0
272	1	16850500	3421,66	97,93	0	0	0	0	0	0	122461	1202	176	288	3995	26868	25050	0
273	1	18005600	3342,32	80,92	0	0	0	0	0	0	183862	1224	154	246	3912	26218	28478	0
274	1	19226700	3254,33	206,2	0	0	0	0	0	0	279708	1178	109	216	3654	25397	32415	0
275	1	20339700	3025,35	202,1	0	0	0	0	0	0	418678	1017	106	160	3219	23509	37537	0
276	1	21024500	2772,29	294,7	0	0	0	0	0	0	590031	874	72	127	2662	21479	43293	0
277	1	20946000	2357,01	216,8	0	0	0	0	0	0	770473	729	68	99	2104	18401	47768	0
278	1	19797100	1910,07	232	0	0	0	0	0	0	916950	542	48	66	1732	15032	50553	0
279	1	17492100	1514,66	223	0	0	0	0	0	0	989537	360	30	45	1182	11753	49521	0
280	1	14241900	1059,55	151	0	0	0	0	0	0	953171	252	35	39	832	8271	44166	0
281	1	10575000	764,8	69,96	0	0	0	0	0	0	819851	178	35	21	598	5846	35889	0
282	1	7081790	519,438	79,43	0	0	0	0	0	0	620915	154	40	13	461	4013	26161	0
283	1	4253250	373,815	41,81	0	0	0	0	0	0	415300	99	33	14	393	2867	17146	0
284	1	2275810	270,635	33,4	0	0	0	0	0	0	244453	89	25	19	338	2107	10498	0
285	1	1086500	233,762	22,2	0	0	0	0	0	0	124922	91	34	13	288	1791	5977	0
286	1	470031	211,574	1,176	0	0	0	0	0	0	57097	82	28	22	266	1635	3664	0
287	1	191283	198,164	0	0	0	0	0	0	0	22555	82	35	26	284	1519	2526	0
288	1	85114,1	208,718	0	0	0	0	0	0	0	8417	93	29	9	287	1515	2076	0
289	1	50090,4	189,601	12,89	0	0	0	0	0	0	3423	112	27	13	291	1504	1967	0
290	1	40231,5	182,714	0	0	0	0	0	0	0	1909	88	36	18	260	1410	1881	0
291	1	37750,2	195,067	0	0	0	0	0	0	0	1516	107	25	21	305	1477	1892	0
292	1	37526	184,571	3,868	0	0	0	0	0	0	1422	109	28	16	267	1366	1857	0
293	1	36933,6	181,657	0	0	0	0	0	0	0	1444	66	33	21	286	1368	1917	0
294	1	36794,8	194,31	0	0	0	0	0	0	0	1443	90	25	17	293	1417	1882	0
295	1	36044,2	190,043	7,142	0	0	0	0	0	0	1402	80	38	13	239	1395	1831	0
296	1	36316,6	190,744	11,93	0	0	0	0	0	0	1424	81	30	17	282	1434	1876	0
297	1	35905,9	185,216	0	0	0	0	0	0	0	1402	98	23	11	256	1370	1842	0
298	1	35277	171,94	7,021	0	0	0	0	0	0	1287	89	26	14	263	1293	1779	0
299	1	35618,7	181,962	0	0	0	0	0	0	0	1405	93	19	18	249	1391	1765	0
300	1	34636,3	176,622	7,555	0	0	0	0	0	0	1355	63	21	16	259	1364	1761	0
301	0	0	0	0	0	0	0	0	0	0	0	0	0	0	0	0	0	0
SUMM:	1962350000	411143	8928	52	605,7	0	0	0	0	12831283	334004	77325	164691	878511	2970683	4182850	0	
ZONE	MED	C10	C11	N12	N13	O13	O14	O15	F17	F18								
1	1	301	861	0	356	3	105	1810	0	0								
2	1	325	812	0	326	1	98	1820	0	0								
3	1	316	810	0	334	1	96	1878	1	0								
4	1	348	807	1	363	3	87	1823	0	0								
5	1	310	742	0	330	2	87	1792	0	0								
6	1	331	840	0	334	2	91	1818	0	0								
7	1	335	768	0	322	4	103	1904	0	0								
8	1	294	848	0	344	6	93	1923	0	0								
9	1	331	744	0	340	2	122	1894	0	0								
10	1	290	851	0	351	3	97	1908	0	1								
11	1	321	856	0	348	3	114	1840	1	0								
12	1	308	798	0	354	3	92	1939	0	0								
13	1	335	820	0	343	4	120	1826	3	0								
14	1	318	833	1	363	5	86	1829	0	0								
15	1	339	794	0	364	1	93	1922	0	1								
16	1	325	773	0	341	5	98	1882	0	1								
17	1	315	805	0	369	5	90	1911	0	0								
18	1	311	743	0	345	5	80	1920	1	0								
19	1	330	804	0	331	4	106	1907	0	1								
20	1	333	811	0	351	5	103	1870	0	0								
21	1	326	895	0	366	4	102	1924	1	0								
22	1	359	844	0	349	5	87	1946	0	0								
23	1	319	815	0	329	5	103	2014	1	0								
24	1	313	819	0	353	6	99	1991	2	1								
25	1	303	790	0	341	7	105	1956	0	0								
26	1	319	855	0	370	4	94	1972	0	1								
27	1	322	780	0	378	4	104	1915	1	0								
28	1	340	839	1	353	6	102	1962	0	0								
29	1	339	793	1	320	1	104	1859	0	0								
30	1	309	814	0	329	1	81	1929	2	0								
31	1	347	905	0	365	2	92	1930	0	1								
32	1	324	786	0	369	5	90	1946	0	1								
33	1	345	827	0	390	5	115	1957	0	0								
34	1	325	816	0	370	2	110	1967	0	0								
35	1	332	764	0	365	5	107	2035	0	1								
36	1	353	796	0	334	5	95	1868	0	0								
37	1	324	847	0	302	6	104	1930	0	1								
38	1	383	806	1	338	2	86	2004	0	0								
39	1	346	870	0	330	5	93	1954	0	0								
40	1	330	845	0	365	2	76	1959	1	0								
41	1	324	808	0	386	3	91	1888	0	0								
42	1	334	820	0	364	3	88	1969	1	0								
43	1	337	854	0	321	1	94	1957	0	0								
44	1	367	851	0	369	4	99	2003	0	0								
45	1	341	833	0	391	4	107	1919	0	0								
46	1	341	790	0	389	0	96	1928	1	0								
47	1	321	858	0	388	4	115	2012	0	0								
48	1	357	830	0	368	3	95	2014	1	0								
49	1	323	756	0	353	0	100	2041	0	1								
50	1	313	822	0	362	3	101	1990	1	0								
51	1	292	833	0	383	5	102	1972	0	0								
52	1	357	819	0	375	5	106	2008	2	0								
53	1	317	837	0	345	4	124	1962	0	0								
54	1	321	864	0	379	5	84	2045	0	0								
55	1	321	793	0	390	0	92	1987	0	1								
56	1	309	871	0	383	4	104	1932	1	0								
57	1	336	846	0	355	2	97	1963	1	0								
58	1	341	843	0	368	4	88	1963	0	0								
59	1	340	833	0	349	5	90	2039	1	1								
60	1	347	796	0	351	2	103	2130	1	1								
61	1	350	816	0	386	7	114	1997	1	0								
62	1	313	826	0	364	3	74	2027	0	1								
63	1	318	819	0	351	5	103	1972	0	0								
64	1	294	840	0	367	3	98	1957	0	1								
65	1	339	879	0	350	3	122	2037	0	0								
66	1	339	803	0	406	1	108	2025	0	1								
67	1	326	845	0	395	4	83	2044	0	1								
68	1	326	833	0	361	1	85	2064	0	1								
69	1	308	811	0	366	3	81	2073	0	0								
70	1	307	824	0	360	2	112	1962	1	1								
71	1	314	827	0	374	5	104	1975	0	0								
72	1	338	817	0	346	1	74	2007	2	0								
73	1	315	866	0	338	2	107	2042	1	0								
74	1	316	809	0	371	3	123	1977	2	0								
75	1	301	835	0	338	2	96	2038	1	0								
76	1	347	832	0	383	4	91	2023	0	0								
77	1	330	794	0	319	3	97	2016	1	0								
78	1	311	820	0	348	1	98	2000	0	1								
79	1	352	823	0	331	5	119	2027	0	0								
80	1	322	815	1	355	3	93	2076	0	0								
81	1	336	840	0	350	5	103	1962	0	0								
82	1	291	820	0	372	2	111	2099	1	0								
83	1	306	825	0	353	4	106	1958	0	0								
84	1	305	847	0	355	4	109	1975	1	0								
85	1	306	804	0	344	2	86	2031	0	1								
86	1	328	850	0	368	3	114	2009	0	1								
87	1	326	841	0	369	2	113	1998	1	0								
88	1	330	791	0	337	3	106	2011	0	0								
89	1	336	821	0	358	4	112	2016	0	0								
90	1	348	822	0	367	5	96	2069	1	0								
91	1	301	874	0	351	4	103	2066	0	0								
92	1	337	879	0	344	4	101	2007	0	1								
93	1	343	878	0	349	2	96	2021	1	0								
94	1	301	809	0	328	2	110	2065	0	0								
95	1	304	887	0	384	2	108	1965	0	0								
96	1	308	849	0	379	6	113	1993	0	2								
97	1	322	810	0	368	1	112	1997	0	0								
98	1	330	823	1	368	5	103	2061	0	0								
99	1	291	858	0	368	3	113	2007	0	0								
100	1	330	814	0	381	2	98	1986	0	0								
101	1	337	857	0	390	1	92	2099	0	0								
102	1	330	878	0	338	8	106	2098	0	0								
103	1	319	850	0	355	4	81	1887	1	0								
104	1	285	865	0	350	5	101	2054	1	0								
105	1	338	842	0	365	3	110	2024	0	2								
106	1	353	790	0	381	4	109	2014	1	0								
107	1	338	775	0	354	4	112	2051	0	0								
108	1	331	819	0	363	2	95	2069	1	1								
109	1	327	802	0	371	7	122	2028	0	0								
110	1	339	843	0	372	3	91	2039	2	0								
111	1	326	809	0	324	5	109	1954	0	0								
112	1	336	795	0	362	6	114	2053	2	0								
113	1	335	807	1	367	6	113	2000	0	0								
114	1	317	815	0	378	3	103	1987	0	1								
115	1	347	825	0	380	6	97	2034	2	0								
116	1	298	864	0	352	3	117	1986	1	1								
117	1	305	826	0	351	4	119	1938	0	1								
118	1	287	881	0	352	4	98	2037	0	0								
119	1	315	767	0	358	2	103	2009	1	0								
120	1	324	819	0	360	7	89	2108	0	0								
121	1	331	811	0	361	3	96	1938	0	0								
122	1	321	836	0	343	3	102	2073	1	0								
123	1	306	799	0	383	8	100	2073	1	0								
124	1	333	785	0	382	3	106	2037	0	0								
125	1	301	847	0	378	2	94	2027	0	2								
126	1	327	803	1	357	7	117	2034	0	0								
127	1	311	819	0	349	3	96	1994	0	0								
128	1	318	856	0	348	4	89	1932	0	0								
129	1	322	767	0	399	3	114	2077	0	0								
130	1	281	804	0	363	4	109	1960	0	0								
131	1	291	834	0	342	5	94	1970	1	1								
132	1	324	839	0	350	3	122	2083	0	1								
133	1	304	795	0	361	2	115	2074	1	0								
134	1	284	819	0	393	1	100	1984	0	1								
135	1	306	802	0	346	3	102	2107	1	0								
136	1	334	871	0	353	3	104	2010	0	1								
137	1	306	791	0	366	5	82	1998	0	1								
138	1	314	818	0	357	4	114	2012	1	0								
139	1	326	841	0	370	0	102	1956	0	2								
140	1	314	871	0	328	3	88	1948	0	1								
141	1	322	785	0	376	4	105	2097	0	1								
142	1	328	804	0	376	6	98	2092	0	0								
143	1	303	810	0	337	4	101	2036	0	0								
144	1	348	856	0	344	1	83	2124	0	0								
145	1	304	876	0	355	2	106	2028	0	0								
146	1	278	806	0	354	3	108	2064	0	0								
147	1	318	838	0	382	4	103	2106	0	1								
148	1	325	843	0	357	4	90	2099	0	1								
149	1	296	809	0	357	2	115	2044	0	0								
150	1	309	758	0	349	0	112	2048	0	0								
151	1	341	868	0	365	4	95	1989	0	0								
152	1	330	856	0	354	2	111	2136	1	0								
153	1	314	805	0	357	1	102	2039	0	1								
154	1	312	881	0	394	3	101	2104	0	2								
155	1	326	787	0	363	7	95	1999	0	1								
156	1	299	828	0	356	8	100	2047	1	0								
157	1	286	872	0	378	2	107	2046	0	1								
158	1	299	823	0	337	3	96	2031	0	0								
159	1	295	850	0	351	2	94	1991	0	0								
160	1	313	824	0	385	5	109	2062	0	0								
161	1	310	801	0	367	4	132	2005	0	0								
162	1	321	783	0	366	7	98	1995	0	0								
163	1	291	794	0	385	1	106	2067	0	0								
164	1	316	839	1	372	3	98	2042	0	0								
165	1	306	814	0	369	2	96	2084	1	0								
166	1	334	806	0	387	1	93	2142	2	0								
167	1	323	776	0	350	7	107	2118	1	0								
168	1	308	804	1	358	3	111	2061	0	0								
169	1	325	837	0	395	4	101	2082	1	0								
170	1	302	806	0	362	0	108	2062	0	1								
171	1	307	767	0	381	3	105	1996	0	0								
172	1	303	826	0	358	1	110	2034	0	1								
173	1	282	792	0	385	3	106	2000	0	2								
174	1	336	768	0	327	3	84	2043	2	0								
175	1	295	758	0	346	3	85	2127	0	0								
176	1	294	808	0	356	4	81	2062	1	0								
177	1	281	751	0	375	2	83	2121	0	0								
178	1	297	787	0	350	6	106	1991	1	0								
179	1	286	787	0	363	3	101	2019	2	0								
180	1	277	777	0	402	2	89	2166	0	1								
181	1	343	778	0	355	4	116	2025	0	0								
182	1	330	752	0	342	4	122	2025	0	1								
183	1	285	819	0	314	1	110	2054	1	0								
184	1	303	802	0	338	4	97	2057	0	0								
185	1	300	773	0	366	3	92	2025	0	0								
186	1	304	810	0	395	6	99	1995	0	0								
187	1	289	758	0	347	1	102	2054	0	0								
188	1	284	777	1	389	3	111	1997	0	0								
189	1	275	793	0	353	1	118	2027	1	1								
190	1	313	780	0	385	5	107	2019	0	0								
191	1	311	792	0	357	2	110	2014	0	0								
192	1	315	765	0	362	1	83	2044	1	1								
193	1	301	774	0	351	4	99	2087	1	1								
194	1	315	797	0	400	3	98	2080	3	1								
195	1	281	740	0	350	6	106	2119	2	0								
196	1	300	769	0	344	1	105	2089	0	0								
197	1	292	808	0	356	8	89	1993	1	0								
198	1	230	764	0	386	1	91	2046	1	0								
199	1	293	773	0	350	6	99	2027	0	0								
200	1	299	787	0	358	6	103	2069	0	1								
201	1	273	777	0	350	3	121	2029	0	2								
202	1	289	760	0	379	3	116	2111	2	0								
203	1	312	796	0	334	1	94	2017	0	0								
204	1	272	758	0	358	4	109	2133	0	0								
205	1	285	834	0	350	4	83	2151	0	1								
206	1	290	769	0	376	3	108	2031	0	0								
207	1	291	785	0	372	2	102	2039	0	0								
208	1	295	790	0	335	2	113	2013	0	0								
209	1	268	770	0	365	2	94	2103	0	1								
210	1	303	747	0	329	3	97	1968	0	1								
211	1	273	755	0	355	4	96	2208	1	0								
212	1	285	802	0	376	2	117	2179	0	1								
213	1	265	805	0	390	3	95	2144	1	0								
214	1	292	732	0	371	3	104	2090	1	3								
215	1	273	767	0	323	3	112	2137	0	0								
216	1	296	735	0	406	6	110	2134	0	1								
217	1	269	812	0	401	6	111	2161	1	0								
218	1	236	785	0	378	3	121	2106	0	0								
219	1	266	769	0	357	2	101	2082	0	0								
220	1	278	770	0	338	4	121	2165	1	0								
221	1	283	776	0	345	4	95	2119	0	0								
222	1	254	727	1	352	2	105	2140	1	0								
223	1	305	761	0	350	1	106	2127	1	1								
224	1	280	756	0	398	7	114	2178	0	1								
225	1	277	714	0	391	2	101	2176	1	0								
226	1	237	716	0	374	1	125	2141	0	1								
227	1	260	697	0	364	5	96	2143	0	0								
228	1	275	686	0	385	6	99	2155	1	0								
229	1	269	756	0	387	4	104	2158	0	0								
230	1	297	751	0	337	3	99	2230	2	0								
231	1	276	746	0	380	2	108	2097	1	0								
232	1	246	739	0	392	1	129	2265	1	0								
233	1	283	725	0	342	4	97	2186	0	1								
234	1	223	712	0	355	3	125	2218	0	0								
235	1	234	689	0	363	1	102	2135	2	0								
236	1	246	650	0	382	4	109	2278	2	0								
237	1	251	727	0	396	1	123	2169	0	1								
238	1	243	733	0	396	2	121	2199	1	1								
239	1	248	696	0	392	6	102	2229	1	1								
240	1	261	743	0	361	1	108	2176	1	0								
241	1	229	682	0	376	1	110	2336	0	0								
242	1	259	750	0	374	3	141	2329	0	1								
243	1	235	676	0	387	5	114	2273	2	1								
244	1	226	704	0	407	3	103	2343	0	0								
245	1	253	647	0	357	5	127	2304	1	1								
246	1	235	679	0	405	5	123	2468	1	1								
247	1	243	692	0	419	3	118	2417	0	1								
248	1	232	648	0	416	2	112	2458	0	1								
249	1	216	696	0	440	1	137	2491	0	0								
250	1	222	709	0	429	5	128	2518	0	0								
251	1	244	659	1	402	4	118	2608	1	0								
252	1	249	604	0	429	5	126	2569	0	0								
253	1	193	640	0	457	2	122	2619	0	0								
254	1	231	623	0	489	3	161	2723	2	0								
255	1	194	654	0	457	2	150	2876	2	0								
256	1	208	586	0	439	4	160	2852	1	0								
257	1	210	563	0	439	2	119	2846	3	1								
258	1	206	574	0	481	4	134	2943	1	0								
259	1	189	504	0	445	2	137	2929	0	1								
260	1	151	474	0	448	0	150	2983	1	0								
261	1	148	494	0	477	4	149	3129	0	1								
262	1	146	450	0	434	0	156	3153	1	1								
263	1	119	469	0	435	2	145	3329	1	1								
264	1	130	446	0	435	1	160	3438	0	1								
265	1	96	389	0	391	0	159	3432	1	1								
266	1	63	320	0	392	0	167	3558	1	2								
267	1	70	344	0	361	1	168	3700	1	2								
268	1	39	275	0	319	0	160	3614	1	0								
269	1	47	234	0	300	0	151	3774	1	0								
270	1	26	210	0	277	0	148	3843	0	0								
271	1	15	172	0	252	0	128	3866	0	1								
272	1	10	116	0	224	0	102	3632	1	2								
273	1	9	95	0	177	0	98	3645	2	2								
274	1	4	66	0	164	0	87	3233	4	4								
275	1	2	51	0	159	0	64	2863	3	3								
276	1	3	27	0	139	0	45	2414	3	5								
277	1	3	22	0	133	0	25	1825	2	5								
278	1	0	23	0	95	0	23	1305	1	4								
279	1	3	22	0	81	0	5	888	4	4								
280	1	3	18	0	65	0	5	528	4	1								
281	1	2	20	0	44	0	4	329	3	5								
282	1	3	21	0	26	0	2	179	5	0								
283	1	2	18	0	16	0	3	150	0	0								
284	1	1	19	0	12	0	2	110	1	0								
285	1	0	21	0	7	0	3	94	0	1								
286	1	0	25	0	6	0	2	58	0	0								
287	1	4	25	0	10	0	1	82	0	0								
288	1	2	11	0	5	0	2	65	0	0								
289	1	1	15	0	6	0	1	69	0	0								
290	1	5	19	0	1	0	2	82	0	0								
291	1	1	21	0	5	0	1	65	0	0								
292	1	4	23	0	6	0	3	80	0	0								
293	1	0	16	0	5	0	1	70	0	0								
294	1	4	13	0	10	0	2	75	0	0								
295	1	3	22	0	6	0	1	60	0	0								
296	1	5	22	0	8	0	3	76	0	0								
297	1	6	15	0	8	0	1	73	0	0								
298	1	0	17	0	8	0	0	55	0	0								
299	1	1	16	0	4	0	1	56	0	0								
300	1	1	13	0	5	0	0	50	0	0								
301	0	0	0	0	0	0	0	0	0	0								
SUM	==>	79867	210864	14	100616	883	29259	599244	157	132								
