10000000
300
 ZONE MED   LOSS(MEV)      (MEV)    EXCITATION    PI0   (MEV)        PI+     K+    MU-    MU+     PROT    DEUT    TRIT     HE3    ALPH     ELSC    INEL    FISS
   1   1  0.449736E+07 0.637628E+03 0.9225E+01      0 0.0000E+00       0      0      0      0     4736     876     254     582    2767     3604   11028       0
   2   1  0.454875E+07 0.655888E+03 0.1223E+02      1 0.3396E+02       0      0      0      0     6365    1195     310     636    2601     3678   11196       0
   3   1  0.458834E+07 0.651547E+03 0.4047E+01      0 0.0000E+00       0      0      0      0     7294    1135     318     677    2859     3786   11436       0
   4   1  0.461411E+07 0.654702E+03 0.4480E+02      8 0.1340E+03       0      0      0      0     7881    1226     310     676    2841     3738   11465       0
   5   1  0.464031E+07 0.684758E+03 0.1200E+02      1 0.3500E+01       0      0      0      0     8521    1245     307     634    2818     3839   11583       0
   6   1  0.466163E+07 0.680569E+03 0.1221E+02      3 0.1209E+03       0      0      0      0     8865    1195     290     623    2799     3857   11601       0
   7   1  0.468110E+07 0.661452E+03 0.1936E+02      1 0.2460E+01       0      0      0      0     9041    1168     337     670    2654     3863   11613       0
   8   1  0.470323E+07 0.702941E+03 0.1229E+00      2 0.4153E+02       0      0      0      0     9404    1230     305     619    2857     4045   11629       0
   9   1  0.471905E+07 0.695685E+03 0.1710E+02      2 0.3368E+02       0      0      0      0     9708    1272     299     605    2833     4021   11508       0
  10   1  0.474062E+07 0.709827E+03 0.3459E+02      3 0.6300E+02       0      0      0      0    10029    1193     328     627    2970     4101   11873       0
  11   1  0.475708E+07 0.701255E+03 0.2215E+02      2 0.1923E+02       0      0      0      0    10217    1192     295     672    2822     4010   11833       0
  12   1  0.477562E+07 0.697006E+03 0.3256E+02      2 0.3703E+02       0      0      0      0    10463    1188     298     629    2879     4060   11817       0
  13   1  0.479226E+07 0.689981E+03 0.2319E+01      2 0.1034E+02       0      0      0      0    10574    1253     325     628    2937     4071   11765       0
  14   1  0.480941E+07 0.686939E+03 0.1102E+02      0 0.0000E+00       0      0      0      0    10924    1215     342     660    2883     4174   11827       0
  15   1  0.482400E+07 0.739636E+03 0.2725E+02      0 0.0000E+00       0      0      0      0    11179    1208     294     722    2801     4308   11972       0
  16   1  0.483944E+07 0.718747E+03 0.0000E+00      2 0.3811E+02       0      0      0      0    11400    1277     295     719    2911     4304   12059       0
  17   1  0.485162E+07 0.732020E+03 0.1631E+02      5 0.8532E+02       0      0      0      0    11186    1226     323     686    2867     4376   11979       0
  18   1  0.486573E+07 0.746548E+03 0.1541E+02      0 0.0000E+00       0      0      0      0    11603    1234     317     675    2874     4410   12143       0
  19   1  0.488081E+07 0.750562E+03 0.1612E+02      2 0.9488E+01       0      0      0      0    11760    1269     338     663    2976     4436   12181       0
  20   1  0.489590E+07 0.733021E+03 0.2158E+02      1 0.1508E+02       0      0      0      0    12032    1210     337     647    3039     4379   12286       0
  21   1  0.490936E+07 0.749590E+03 0.4301E+02      2 0.3431E+02       0      0      0      0    12182    1266     343     639    2978     4394   12337       0
  22   1  0.492135E+07 0.749971E+03 0.1421E+02      1 0.1831E+02       0      0      0      0    12126    1293     331     649    2989     4531   12214       0
  23   1  0.493304E+07 0.724418E+03 0.4627E+02      0 0.0000E+00       0      0      0      0    12212    1284     324     676    2944     4520   12162       0
  24   1  0.494771E+07 0.769368E+03 0.1769E+02      3 0.8163E+01       0      0      0      0    12479    1272     292     630    2886     4670   12461       0
  25   1  0.495953E+07 0.741722E+03 0.1038E+02      1 0.9726E+01       0      0      0      0    12493    1269     289     654    2937     4564   12273       0
  26   1  0.497475E+07 0.760924E+03 0.2906E+02      0 0.0000E+00       0      0      0      0    12602    1360     334     670    2943     4630   12253       0
  27   1  0.498765E+07 0.751161E+03 0.2155E+02      0 0.0000E+00       0      0      0      0    13103    1305     305     640    2947     4613   12460       0
  28   1  0.499744E+07 0.807740E+03 0.2934E+02      4 0.1085E+03       0      0      0      0    13119    1315     319     655    2971     4824   12445       0
  29   1  0.501317E+07 0.792878E+03 0.3333E+02      2 0.2839E+02       0      0      0      0    13078    1274     335     637    3202     4853   12645       0
  30   1  0.502629E+07 0.771708E+03 0.1545E+02      3 0.6208E+02       0      0      0      0    13349    1309     311     711    2900     4753   12658       0
  31   1  0.503277E+07 0.797685E+03 0.2371E+02      1 0.6096E+01       0      0      0      0    13408    1220     349     604    2888     4762   12389       0
  32   1  0.504783E+07 0.813470E+03 0.9114E+01      1 0.9244E+01       0      0      0      0    13505    1231     312     632    3189     4969   12704       0
  33   1  0.506218E+07 0.795770E+03 0.2041E+02      0 0.0000E+00       0      0      0      0    13810    1238     341     651    3027     4944   12628       0
  34   1  0.507138E+07 0.788104E+03 0.2464E+02      0 0.0000E+00       0      0      0      0    13580    1236     344     704    3072     5011   12555       0
  35   1  0.507946E+07 0.805268E+03 0.6932E+01      1 0.1295E+01       0      0      0      0    13725    1246     329     684    2889     4921   12540       0
  36   1  0.508826E+07 0.806497E+03 0.1871E+02      0 0.0000E+00       0      0      0      0    13938    1279     315     641    2930     5042   12286       0
  37   1  0.510087E+07 0.809194E+03 0.1088E+02      1 0.1658E+02       0      0      0      0    13850    1258     306     643    3003     4952   12560       0
  38   1  0.511048E+07 0.838869E+03 0.3440E+02      0 0.0000E+00       0      0      0      0    13703    1289     283     633    3072     5133   12499       0
  39   1  0.512329E+07 0.832117E+03 0.4175E+02      0 0.0000E+00       0      0      0      0    14116    1237     339     687    3053     5159   12406       0
  40   1  0.513144E+07 0.815251E+03 0.2738E+02      0 0.0000E+00       0      0      0      0    14170    1313     313     636    3119     5051   12692       0
  41   1  0.514477E+07 0.825944E+03 0.1971E+02      1 0.1399E+01       0      0      0      0    14280    1279     332     667    3075     5130   12817       0
  42   1  0.515664E+07 0.855684E+03 0.4607E+02      0 0.0000E+00       0      0      0      0    14433    1286     324     680    3099     5280   12914       0
  43   1  0.516458E+07 0.841690E+03 0.2579E+02      1 0.5125E+01       0      0      0      0    14609    1232     347     659    2906     5225   12807       0
  44   1  0.517635E+07 0.826021E+03 0.2688E+02      0 0.0000E+00       0      0      0      0    14512    1280     309     671    3054     5140   12866       0
  45   1  0.518638E+07 0.860429E+03 0.9090E+01      0 0.0000E+00       0      0      0      0    14604    1252     337     681    3073     5273   12851       0
  46   1  0.519823E+07 0.835272E+03 0.2192E+02      0 0.0000E+00       0      0      0      0    14525    1304     320     655    3164     5205   12720       0
  47   1  0.521282E+07 0.878576E+03 0.8298E+00      1 0.9852E+01       0      0      0      0    14832    1323     329     655    3096     5302   13044       0
  48   1  0.521856E+07 0.859832E+03 0.1379E+02      0 0.0000E+00       0      0      0      0    14799    1275     361     630    2978     5323   12867       0
  49   1  0.522781E+07 0.828986E+03 0.2002E+02      0 0.0000E+00       0      0      0      0    15037    1260     340     620    3003     5244   12811       0
  50   1  0.523681E+07 0.850349E+03 0.1276E+02      0 0.0000E+00       0      0      0      0    14763    1271     319     674    3060     5355   12926       0
  51   1  0.524889E+07 0.874017E+03 0.7228E+01      0 0.0000E+00       0      0      0      0    15159    1296     310     648    3086     5536   12943       0
  52   1  0.526395E+07 0.878571E+03 0.5097E+02      3 0.1167E+02       0      0      0      0    15289    1296     321     651    3055     5412   13148       0
  53   1  0.527080E+07 0.868260E+03 0.1438E+02      0 0.0000E+00       0      0      0      0    15391    1261     327     693    3079     5370   13097       0
  54   1  0.528136E+07 0.860151E+03 0.2916E+02      0 0.0000E+00       0      0      0      0    15688    1321     327     661    3111     5483   13200       0
  55   1  0.529088E+07 0.891628E+03 0.1240E+02      0 0.0000E+00       0      0      0      0    15285    1269     317     690    3101     5642   13009       0
  56   1  0.529775E+07 0.900829E+03 0.3484E+02      1 0.1074E+02       0      0      0      0    15406    1276     331     628    3079     5677   12829       0
  57   1  0.530893E+07 0.884933E+03 0.8403E+01      0 0.0000E+00       0      0      0      0    15762    1264     299     669    3025     5555   13089       0
  58   1  0.531927E+07 0.880142E+03 0.1298E+02      0 0.0000E+00       0      0      0      0    15795    1298     316     696    3057     5553   13034       0
  59   1  0.532609E+07 0.860740E+03 0.2752E+02      0 0.0000E+00       0      0      0      0    15538    1233     324     665    2966     5528   13097       0
  60   1  0.533657E+07 0.875600E+03 0.2749E+02      0 0.0000E+00       0      0      0      0    15789    1257     324     683    3143     5608   13153       0
  61   1  0.534294E+07 0.894842E+03 0.1540E+02      1 0.5964E+01       0      0      0      0    15657    1233     313     631    3030     5736   12929       0
  62   1  0.535386E+07 0.862822E+03 0.5891E+01      0 0.0000E+00       0      0      0      0    15988    1258     343     685    3112     5601   13055       0
  63   1  0.536379E+07 0.904507E+03 0.1803E+02      1 0.7288E+01       0      0      0      0    15922    1225     341     665    3139     5742   13109       0
  64   1  0.536954E+07 0.902060E+03 0.0000E+00      0 0.0000E+00       0      0      0      0    15774    1276     293     650    2999     5838   12985       0
  65   1  0.538143E+07 0.909325E+03 0.1161E+02      0 0.0000E+00       0      0      0      0    16090    1257     337     628    3119     5800   13334       0
  66   1  0.539034E+07 0.936771E+03 0.1268E+02      0 0.0000E+00       0      0      0      0    16090    1231     286     634    3058     5957   13103       0
  67   1  0.539888E+07 0.910925E+03 0.2114E+02      0 0.0000E+00       0      0      0      0    16061    1252     313     679    3091     5767   13216       0
  68   1  0.541044E+07 0.933179E+03 0.2324E+02      0 0.0000E+00       0      0      0      0    16435    1325     305     673    3062     5932   13111       0
  69   1  0.541930E+07 0.937815E+03 0.3577E+02      0 0.0000E+00       0      0      0      0    16482    1230     322     690    3133     5920   13236       0
  70   1  0.542921E+07 0.930227E+03 0.1721E+02      0 0.0000E+00       0      0      0      0    16444    1204     311     699    3069     5965   13266       0
  71   1  0.544146E+07 0.956073E+03 0.3461E+02      0 0.0000E+00       0      0      0      0    16556    1287     319     654    3246     6037   13239       0
  72   1  0.544717E+07 0.923036E+03 0.2302E+02      0 0.0000E+00       0      0      0      0    16466    1208     334     643    3111     5936   12925       0
  73   1  0.546219E+07 0.958685E+03 0.1483E+02      0 0.0000E+00       0      0      0      0    16747    1313     331     704    3163     6228   13453       0
  74   1  0.546751E+07 0.939384E+03 0.5098E+01      0 0.0000E+00       0      0      0      0    16687    1299     340     642    3147     6054   13260       0
  75   1  0.547141E+07 0.953620E+03 0.4349E+02      0 0.0000E+00       0      0      0      0    16679    1223     292     653    3041     6101   13025       0
  76   1  0.547976E+07 0.943932E+03 0.2919E+02      0 0.0000E+00       0      0      0      0    16760    1225     329     623    3104     6063   13181       0
  77   1  0.549066E+07 0.925956E+03 0.1884E+02      0 0.0000E+00       0      0      0      0    16814    1302     330     702    3106     6017   13254       0
  78   1  0.549713E+07 0.931657E+03 0.2148E+01      0 0.0000E+00       0      0      0      0    16752    1288     317     659    3065     6114   13056       0
  79   1  0.550512E+07 0.926641E+03 0.7851E+01      0 0.0000E+00       0      0      0      0    16864    1211     346     652    3195     6172   13159       0
  80   1  0.551674E+07 0.967932E+03 0.4759E+02      0 0.0000E+00       0      0      0      0    16902    1341     343     677    3225     6182   13504       0
  81   1  0.552734E+07 0.971001E+03 0.1581E+02      0 0.0000E+00       0      0      0      0    16976    1313     340     637    3105     6259   13401       0
  82   1  0.553150E+07 0.983262E+03 0.7508E+01      0 0.0000E+00       0      0      0      0    16739    1225     267     697    3159     6282   13401       0
  83   1  0.553759E+07 0.960875E+03 0.1123E+02      0 0.0000E+00       0      0      0      0    16893    1255     310     600    3060     6392   13149       0
  84   1  0.554806E+07 0.987265E+03 0.1710E+02      0 0.0000E+00       0      0      0      0    17171    1292     301     591    2978     6356   13301       0
  85   1  0.555784E+07 0.959632E+03 0.2332E+02      0 0.0000E+00       0      0      0      0    17050    1200     310     634    3131     6397   13577       0
  86   1  0.556855E+07 0.971927E+03 0.1534E+02      0 0.0000E+00       0      0      0      0    17329    1221     318     653    3096     6293   13327       0
  87   1  0.557452E+07 0.976474E+03 0.4097E+00      0 0.0000E+00       0      0      0      0    17168    1276     295     643    3070     6335   13269       0
  88   1  0.558123E+07 0.971684E+03 0.2975E+02      0 0.0000E+00       0      0      0      0    17122    1227     298     586    3068     6396   13134       0
  89   1  0.558910E+07 0.994404E+03 0.3295E+02      0 0.0000E+00       0      0      0      0    17157    1303     347     627    3002     6584   13256       0
  90   1  0.560315E+07 0.995035E+03 0.3165E+02      0 0.0000E+00       0      0      0      0    17320    1283     333     691    3106     6546   13439       0
  91   1  0.561693E+07 0.100048E+04 0.1192E+02      0 0.0000E+00       0      0      0      0    17711    1336     315     651    3255     6484   13380       0
  92   1  0.562313E+07 0.996844E+03 0.5014E+02      0 0.0000E+00       0      0      0      0    17591    1275     336     692    3246     6613   13568       0
  93   1  0.562848E+07 0.965660E+03 0.8957E+01      0 0.0000E+00       0      0      0      0    17667    1256     321     648    3091     6402   13451       0
  94   1  0.563457E+07 0.100882E+04 0.8992E+01      0 0.0000E+00       0      0      0      0    17566    1224     302     661    3053     6526   13342       0
  95   1  0.564296E+07 0.100660E+04 0.2442E+02      0 0.0000E+00       0      0      0      0    17515    1256     318     628    2985     6668   13140       0
  96   1  0.564873E+07 0.999107E+03 0.7479E+01      0 0.0000E+00       0      0      0      0    17462    1246     289     633    3106     6642   13289       0
  97   1  0.566004E+07 0.102532E+04 0.2256E+02      0 0.0000E+00       0      0      0      0    17688    1240     330     694    3190     6755   13472       0
  98   1  0.567117E+07 0.101073E+04 0.4770E+02      0 0.0000E+00       0      0      0      0    17791    1320     323     631    3242     6572   13603       0
  99   1  0.568017E+07 0.100426E+04 0.4886E+02      0 0.0000E+00       0      0      0      0    17689    1305     317     674    3193     6614   13515       0
 100   1  0.568494E+07 0.102322E+04 0.6603E+01      0 0.0000E+00       0      0      0      0    17909    1239     340     605    3103     6839   13222       0
 101   1  0.569368E+07 0.104814E+04 0.2589E+02      0 0.0000E+00       0      0      0      0    17787    1266     299     666    3106     6936   13277       0
 102   1  0.570041E+07 0.104399E+04 0.8654E+01      0 0.0000E+00       0      0      0      0    17875    1175     337     667    3259     6822   13455       0
 103   1  0.571334E+07 0.103177E+04 0.2293E+02      0 0.0000E+00       0      0      0      0    18017    1300     322     642    3158     6872   13454       0
 104   1  0.571776E+07 0.101801E+04 0.1890E+02      0 0.0000E+00       0      0      0      0    17768    1308     253     629    3073     6812   13390       0
 105   1  0.572855E+07 0.104343E+04 0.9309E+01      0 0.0000E+00       0      0      0      0    17945    1248     307     624    3133     6876   13486       0
 106   1  0.573976E+07 0.103770E+04 0.3334E+02      0 0.0000E+00       0      0      0      0    18228    1277     300     599    3092     6906   13486       0
 107   1  0.574234E+07 0.103153E+04 0.1917E+02      0 0.0000E+00       0      0      0      0    18066    1211     289     642    3072     6943   13304       0
 108   1  0.575416E+07 0.108651E+04 0.1337E+02      0 0.0000E+00       0      0      0      0    18604    1265     337     632    3262     7139   13566       0
 109   1  0.575945E+07 0.104594E+04 0.1411E+02      0 0.0000E+00       0      0      0      0    17983    1231     306     573    3120     7098   13341       0
 110   1  0.576761E+07 0.107039E+04 0.1349E+02      0 0.0000E+00       0      0      0      0    18245    1187     295     619    3157     7011   13499       0
 111   1  0.577493E+07 0.106768E+04 0.1621E+02      0 0.0000E+00       0      0      0      0    18404    1310     297     614    2990     7194   13356       0
 112   1  0.578451E+07 0.106636E+04 0.2805E+02      0 0.0000E+00       0      0      0      0    18430    1272     300     631    3225     7136   13562       0
 113   1  0.578984E+07 0.104862E+04 0.3124E+02      0 0.0000E+00       0      0      0      0    18249    1268     301     624    3203     7180   13458       0
 114   1  0.580022E+07 0.110569E+04 0.7956E+01      0 0.0000E+00       0      0      0      0    18254    1235     314     685    3193     7399   13462       0
 115   1  0.580554E+07 0.108347E+04 0.3402E+02      0 0.0000E+00       0      0      0      0    18409    1262     282     659    3142     7294   13408       0
 116   1  0.581159E+07 0.109255E+04 0.7392E+01      0 0.0000E+00       0      0      0      0    18514    1229     302     625    3087     7384   13340       0
 117   1  0.582129E+07 0.108959E+04 0.1089E+02      0 0.0000E+00       0      0      0      0    18397    1241     340     636    3104     7319   13439       0
 118   1  0.582867E+07 0.109803E+04 0.9860E+01      0 0.0000E+00       0      0      0      0    18600    1255     299     665    3015     7363   13374       0
 119   1  0.583492E+07 0.110050E+04 0.3188E+02      0 0.0000E+00       0      0      0      0    18672    1274     306     654    3059     7510   13583       0
 120   1  0.584370E+07 0.111120E+04 0.2269E+02      0 0.0000E+00       0      0      0      0    18691    1202     317     620    3090     7674   13535       0
 121   1  0.584945E+07 0.108831E+04 0.2860E+02      0 0.0000E+00       0      0      0      0    18530    1186     285     625    3018     7516   13349       0
 122   1  0.585709E+07 0.112340E+04 0.4999E+02      0 0.0000E+00       0      0      0      0    18377    1237     284     624    3102     7630   13202       0
 123   1  0.586172E+07 0.111685E+04 0.2365E+02      0 0.0000E+00       0      0      0      0    18748    1216     313     571    3032     7720   13215       0
 124   1  0.587027E+07 0.113318E+04 0.1461E+02      0 0.0000E+00       0      0      0      0    18498    1132     299     610    3078     7702   13298       0
 125   1  0.588195E+07 0.110692E+04 0.7128E+01      0 0.0000E+00       0      0      0      0    18443    1252     303     598    3065     7572   13349       0
 126   1  0.589451E+07 0.112873E+04 0.3712E+02      0 0.0000E+00       0      0      0      0    18719    1239     296     626    3169     7739   13404       0
 127   1  0.590028E+07 0.111661E+04 0.1983E+02      0 0.0000E+00       0      0      0      0    18854    1227     320     653    3045     7624   13333       0
 128   1  0.590934E+07 0.113596E+04 0.2538E+02      0 0.0000E+00       0      0      0      0    18874    1295     278     606    3209     7850   13568       0
 129   1  0.591780E+07 0.114811E+04 0.2781E+02      0 0.0000E+00       0      0      0      0    18873    1276     297     631    3164     7803   13367       0
 130   1  0.592617E+07 0.114719E+04 0.4586E+02      0 0.0000E+00       0      0      0      0    18992    1208     299     618    3055     7851   13464       0
 131   1  0.593570E+07 0.116994E+04 0.3307E+02      0 0.0000E+00       0      0      0      0    18784    1282     270     618    3151     7924   13504       0
 132   1  0.594732E+07 0.115154E+04 0.2465E+02      0 0.0000E+00       0      0      0      0    19224    1242     316     623    3045     7883   13671       0
 133   1  0.595155E+07 0.114657E+04 0.2948E+02      0 0.0000E+00       0      0      0      0    18936    1206     315     613    2976     7724   13518       0
 134   1  0.596468E+07 0.113950E+04 0.1669E+02      0 0.0000E+00       0      0      0      0    18946    1257     315     651    3104     7965   13509       0
 135   1  0.597446E+07 0.115244E+04 0.1142E+02      0 0.0000E+00       0      0      0      0    19061    1269     273     639    3230     7996   13710       0
 136   1  0.598010E+07 0.116890E+04 0.4107E+02      0 0.0000E+00       0      0      0      0    19174    1214     280     633    3095     7984   13490       0
 137   1  0.598869E+07 0.116009E+04 0.8603E+01      0 0.0000E+00       0      0      0      0    19067    1264     308     683    3175     7996   13545       0
 138   1  0.599856E+07 0.119568E+04 0.2942E+02      0 0.0000E+00       0      0      0      0    19401    1255     266     632    3157     8154   13585       0
 139   1  0.600542E+07 0.118860E+04 0.3611E+02      0 0.0000E+00       0      0      0      0    19195    1205     295     648    3159     8107   13641       0
 140   1  0.601311E+07 0.117651E+04 0.4252E+02      0 0.0000E+00       0      0      0      0    19257    1190     325     687    3218     8199   13566       0
 141   1  0.601939E+07 0.120646E+04 0.2378E+02      0 0.0000E+00       0      0      0      0    19362    1313     275     628    3028     8262   13538       0
 142   1  0.602587E+07 0.120430E+04 0.1490E+02      0 0.0000E+00       0      0      0      0    19118    1249     296     652    3049     8360   13494       0
 143   1  0.603353E+07 0.120419E+04 0.3349E+02      0 0.0000E+00       0      0      0      0    19379    1188     310     603    3186     8500   13583       0
 144   1  0.604161E+07 0.119348E+04 0.6227E+01      0 0.0000E+00       0      0      0      0    19496    1157     280     610    3141     8448   13691       0
 145   1  0.605071E+07 0.120750E+04 0.0000E+00      0 0.0000E+00       0      0      0      0    19554    1256     299     639    3187     8477   13675       0
 146   1  0.605385E+07 0.123127E+04 0.1664E+02      0 0.0000E+00       0      0      0      0    19318    1235     305     670    3129     8564   13482       0
 147   1  0.606113E+07 0.124541E+04 0.2116E+02      0 0.0000E+00       0      0      0      0    19384    1138     277     652    3166     8805   13547       0
 148   1  0.606612E+07 0.123982E+04 0.2011E+02      0 0.0000E+00       0      0      0      0    19365    1241     283     552    3064     8484   13526       0
 149   1  0.607257E+07 0.125157E+04 0.8194E+01      0 0.0000E+00       0      0      0      0    19684    1184     279     645    2899     8592   13405       0
 150   1  0.608163E+07 0.127313E+04 0.2389E+02      0 0.0000E+00       0      0      0      0    19566    1152     316     573    3149     8828   13520       0
 151   1  0.609288E+07 0.124305E+04 0.3930E+02      0 0.0000E+00       0      0      0      0    19572    1222     293     582    3043     8624   13589       0
 152   1  0.610880E+07 0.125640E+04 0.3263E+02      0 0.0000E+00       0      0      0      0    19516    1211     304     634    3215     8920   13521       0
 153   1  0.612293E+07 0.124911E+04 0.6761E+01      0 0.0000E+00       0      0      0      0    19556    1177     297     600    3006     8880   13398       0
 154   1  0.614938E+07 0.127786E+04 0.6613E+00      0 0.0000E+00       0      0      0      0    19810    1252     292     639    3113     9006   13440       0
 155   1  0.616983E+07 0.128276E+04 0.3240E+02      0 0.0000E+00       0      0      0      0    19561    1184     293     626    3090     8950   13302       0
 156   1  0.619412E+07 0.126735E+04 0.3850E+02      0 0.0000E+00       0      0      0      0    19802    1156     278     624    3179     8930   13637       0
 157   1  0.621291E+07 0.131213E+04 0.5365E+02      0 0.0000E+00       0      0      0      0    19811    1187     285     573    3251     9137   13822       0
 158   1  0.623542E+07 0.126927E+04 0.1863E+02      0 0.0000E+00       0      0      0      0    19898    1166     312     612    3121     9251   13667       0
 159   1  0.624669E+07 0.130348E+04 0.1940E+02      0 0.0000E+00       0      0      0      0    19945    1214     290     607    3106     9214   13354       0
 160   1  0.626074E+07 0.130803E+04 0.3247E+02      0 0.0000E+00       0      0      0      0    19599    1208     302     617    3188     9406   13488       0
 161   1  0.627131E+07 0.132944E+04 0.2572E+02      0 0.0000E+00       0      0      0      0    19592    1264     276     593    3169     9263   13473       0
 162   1  0.629019E+07 0.129850E+04 0.3686E+02      0 0.0000E+00       0      0      0      0    19984    1188     292     629    3144     9349   13605       0
 163   1  0.629900E+07 0.133831E+04 0.2053E+02      0 0.0000E+00       0      0      0      0    19956    1225     322     609    3069     9416   13550       0
 164   1  0.630993E+07 0.136996E+04 0.1128E+02      0 0.0000E+00       0      0      0      0    19782    1174     269     612    2980     9679   13499       0
 165   1  0.632179E+07 0.133657E+04 0.1120E+02      0 0.0000E+00       0      0      0      0    20080    1120     299     598    3083     9682   13511       0
 166   1  0.633528E+07 0.139385E+04 0.2194E+02      0 0.0000E+00       0      0      0      0    20058    1205     272     575    3058     9843   13524       0
 167   1  0.635020E+07 0.135883E+04 0.1453E+02      0 0.0000E+00       0      0      0      0    20409    1216     298     615    3119     9837   13433       0
 168   1  0.636203E+07 0.134452E+04 0.1010E+02      0 0.0000E+00       0      0      0      0    20047    1228     317     599    3103     9641   13712       0
 169   1  0.637634E+07 0.138014E+04 0.1141E+02      0 0.0000E+00       0      0      0      0    20389    1174     282     621    3106     9891   13530       0
 170   1  0.638545E+07 0.139160E+04 0.3240E+02      0 0.0000E+00       0      0      0      0    20072    1150     273     598    3110     9956   13373       0
 171   1  0.639776E+07 0.139535E+04 0.4922E+02      0 0.0000E+00       0      0      0      0    20150    1171     277     606    3151    10068   13459       0
 172   1  0.641216E+07 0.141786E+04 0.1934E+02      0 0.0000E+00       0      0      0      0    20118    1128     269     620    3072    10189   13535       0
 173   1  0.642912E+07 0.138305E+04 0.1017E+02      0 0.0000E+00       0      0      0      0    20362    1206     317     584    3054    10197   13587       0
 174   1  0.644375E+07 0.145784E+04 0.6864E+01      0 0.0000E+00       0      0      0      0    20345    1140     279     631    3084    10551   13501       0
 175   1  0.645608E+07 0.142078E+04 0.1239E+02      0 0.0000E+00       0      0      0      0    20442    1150     284     646    3192    10296   13584       0
 176   1  0.646678E+07 0.140699E+04 0.1395E+02      0 0.0000E+00       0      0      0      0    20472    1138     283     624    3088    10271   13433       0
 177   1  0.648312E+07 0.144641E+04 0.4735E+01      0 0.0000E+00       0      0      0      0    20503    1153     272     567    3156    10469   13563       0
 178   1  0.649682E+07 0.146932E+04 0.1787E+02      0 0.0000E+00       0      0      0      0    20352    1189     271     516    3153    10471   13533       0
 179   1  0.651325E+07 0.148448E+04 0.1288E+02      0 0.0000E+00       0      0      0      0    20785    1162     270     623    3167    10740   13573       0
 180   1  0.652739E+07 0.148004E+04 0.3666E+02      0 0.0000E+00       0      0      0      0    20826    1142     277     614    3182    10787   13365       0
 181   1  0.653934E+07 0.143898E+04 0.3519E+02      0 0.0000E+00       0      0      0      0    20672    1166     278     606    3106    10543   13592       0
 182   1  0.655416E+07 0.151955E+04 0.1061E+02      0 0.0000E+00       0      0      0      0    20772    1123     276     631    3058    11148   13682       0
 183   1  0.657062E+07 0.152639E+04 0.2612E+02      0 0.0000E+00       0      0      0      0    20998    1185     281     597    3119    11100   13694       0
 184   1  0.658398E+07 0.148261E+04 0.1634E+02      0 0.0000E+00       0      0      0      0    20775    1089     271     617    3049    10923   13279       0
 185   1  0.659995E+07 0.152088E+04 0.3667E+02      0 0.0000E+00       0      0      0      0    20956    1160     258     644    3058    11151   13753       0
 186   1  0.661238E+07 0.147556E+04 0.3211E+02      0 0.0000E+00       0      0      0      0    20726    1084     277     643    3064    11083   13368       0
 187   1  0.662888E+07 0.148174E+04 0.1519E+02      0 0.0000E+00       0      0      0      0    20787    1174     251     556    2967    10999   13399       0
 188   1  0.664464E+07 0.150369E+04 0.2167E+02      0 0.0000E+00       0      0      0      0    20772    1161     250     618    2994    11310   13498       0
 189   1  0.666028E+07 0.156784E+04 0.1411E+02      0 0.0000E+00       0      0      0      0    20707    1137     267     552    3137    11328   13270       0
 190   1  0.667639E+07 0.156736E+04 0.1843E+02      0 0.0000E+00       0      0      0      0    20945    1101     262     595    3067    11667   13552       0
 191   1  0.669355E+07 0.159763E+04 0.1508E+02      0 0.0000E+00       0      0      0      0    20827    1171     260     580    3072    11637   13686       0
 192   1  0.671430E+07 0.156952E+04 0.2139E+02      0 0.0000E+00       0      0      0      0    21145    1103     275     581    3123    11683   13564       0
 193   1  0.673036E+07 0.158463E+04 0.5945E+01      0 0.0000E+00       0      0      0      0    21063    1171     234     616    3041    11659   13555       0
 194   1  0.674462E+07 0.161435E+04 0.2909E+02      0 0.0000E+00       0      0      0      0    21077    1129     254     599    3050    11877   13541       0
 195   1  0.676006E+07 0.165549E+04 0.2185E+02      0 0.0000E+00       0      0      0      0    21077    1126     229     590    2985    12054   13352       0
 196   1  0.677706E+07 0.160331E+04 0.4096E+02      0 0.0000E+00       0      0      0      0    20929    1128     242     564    3000    11936   13514       0
 197   1  0.679553E+07 0.162299E+04 0.4027E+02      0 0.0000E+00       0      0      0      0    20883    1117     277     534    3150    11970   13364       0
 198   1  0.681281E+07 0.163036E+04 0.1055E+02      0 0.0000E+00       0      0      0      0    20879    1092     217     579    3057    12177   13218       0
 199   1  0.683303E+07 0.164010E+04 0.2773E+02      0 0.0000E+00       0      0      0      0    21248    1096     250     566    3183    12165   13576       0
 200   1  0.684861E+07 0.165500E+04 0.3322E+02      0 0.0000E+00       0      0      0      0    21358    1103     260     613    3052    12243   13451       0
 201   1  0.686472E+07 0.165591E+04 0.4973E+02      0 0.0000E+00       0      0      0      0    20996    1148     265     561    3053    12409   13366       0
 202   1  0.688536E+07 0.165583E+04 0.4154E+01      0 0.0000E+00       0      0      0      0    21383    1160     240     531    3091    12659   13417       0
 203   1  0.690275E+07 0.170048E+04 0.2479E+02      0 0.0000E+00       0      0      0      0    21398    1095     249     579    3089    12541   13352       0
 204   1  0.692187E+07 0.171446E+04 0.7134E+01      0 0.0000E+00       0      0      0      0    21191    1092     276     581    3024    12779   13393       0
 205   1  0.694519E+07 0.173470E+04 0.2580E+02      0 0.0000E+00       0      0      0      0    21239    1097     260     575    2996    13129   13194       0
 206   1  0.696863E+07 0.169788E+04 0.2904E+02      0 0.0000E+00       0      0      0      0    21531    1113     232     568    3134    12816   13459       0
 207   1  0.699736E+07 0.173544E+04 0.4132E+02      0 0.0000E+00       0      0      0      0    21768    1141     242     555    3106    12947   13844       0
 208   1  0.702658E+07 0.173018E+04 0.2311E+02      0 0.0000E+00       0      0      0      0    21719    1119     225     621    3094    13043   13603       0
 209   1  0.705533E+07 0.178927E+04 0.4893E+02      0 0.0000E+00       0      0      0      0    21633    1064     221     578    3083    13662   13573       0
 210   1  0.708631E+07 0.180302E+04 0.3938E+02      0 0.0000E+00       0      0      0      0    21848    1131     241     563    3048    13399   13548       0
 211   1  0.711519E+07 0.181330E+04 0.2015E+02      0 0.0000E+00       0      0      0      0    21619    1058     227     556    3122    13660   13695       0
 212   1  0.714870E+07 0.182766E+04 0.3689E+02      0 0.0000E+00       0      0      0      0    21848    1143     265     595    3081    13722   13794       0
 213   1  0.717632E+07 0.183725E+04 0.2728E+02      0 0.0000E+00       0      0      0      0    21882    1060     265     562    3017    13945   13436       0
 214   1  0.720538E+07 0.184982E+04 0.2546E+02      0 0.0000E+00       0      0      0      0    21945    1109     247     524    3150    13974   13879       0
 215   1  0.723630E+07 0.184033E+04 0.4677E+02      0 0.0000E+00       0      0      0      0    22403    1104     226     534    3104    13986   13824       0
 216   1  0.725990E+07 0.186031E+04 0.1898E+02      0 0.0000E+00       0      0      0      0    21984    1104     209     539    3026    14118   13566       0
 217   1  0.729374E+07 0.185956E+04 0.1690E+02      0 0.0000E+00       0      0      0      0    22172    1068     244     568    3250    14284   13893       0
 218   1  0.732510E+07 0.192294E+04 0.1347E+02      0 0.0000E+00       0      0      0      0    22099    1040     242     534    3114    14653   13765       0
 219   1  0.736171E+07 0.193210E+04 0.3494E+02      0 0.0000E+00       0      0      0      0    22661    1039     248     562    3136    14615   13836       0
 220   1  0.739489E+07 0.192965E+04 0.2062E+02      0 0.0000E+00       0      0      0      0    22498    1052     210     550    3239    14800   13798       0
 221   1  0.742981E+07 0.198928E+04 0.4830E+02      0 0.0000E+00       0      0      0      0    22532    1129     242     531    3024    15090   13828       0
 222   1  0.746451E+07 0.197335E+04 0.1574E+02      0 0.0000E+00       0      0      0      0    22793    1103     252     532    3184    15018   13919       0
 223   1  0.749715E+07 0.200869E+04 0.2088E+02      0 0.0000E+00       0      0      0      0    22548    1087     243     568    3208    15102   13884       0
 224   1  0.752480E+07 0.200869E+04 0.3647E+02      0 0.0000E+00       0      0      0      0    22624    1042     221     536    3132    15339   13499       0
 225   1  0.755555E+07 0.204335E+04 0.2159E+02      0 0.0000E+00       0      0      0      0    22253    1067     231     582    3170    15635   13767       0
 226   1  0.759173E+07 0.204762E+04 0.4999E+02      0 0.0000E+00       0      0      0      0    22739    1078     260     523    3151    15766   14020       0
 227   1  0.762580E+07 0.209479E+04 0.4802E+01      0 0.0000E+00       0      0      0      0    22642    1117     214     513    3180    15965   13852       0
 228   1  0.766203E+07 0.212258E+04 0.4094E+02      0 0.0000E+00       0      0      0      0    22932    1022     208     530    2940    16257   13829       0
 229   1  0.770081E+07 0.213285E+04 0.2775E+02      0 0.0000E+00       0      0      0      0    22813    1046     212     490    3163    16447   13833       0
 230   1  0.774787E+07 0.220595E+04 0.5141E+02      0 0.0000E+00       0      0      0      0    22835    1010     250     495    3208    16490   13906       0
 231   1  0.779862E+07 0.217276E+04 0.3324E+02      0 0.0000E+00       0      0      0      0    23054    1091     204     531    3146    16971   14027       0
 232   1  0.784552E+07 0.219978E+04 0.2764E+02      0 0.0000E+00       0      0      0      0    22842    1038     204     506    3124    17141   13811       0
 233   1  0.790042E+07 0.224913E+04 0.3043E+02      0 0.0000E+00       0      0      0      0    23148    1033     201     525    3187    17273   14009       0
 234   1  0.795337E+07 0.229102E+04 0.3783E+02      0 0.0000E+00       0      0      0      0    23068    1080     216     501    3047    17604   14059       0
 235   1  0.800909E+07 0.225679E+04 0.2587E+02      0 0.0000E+00       0      0      0      0    23186    1066     190     472    3096    17534   13910       0
 236   1  0.806931E+07 0.229123E+04 0.2510E+02      0 0.0000E+00       0      0      0      0    23592    1066     198     486    3175    17738   13951       0
 237   1  0.812880E+07 0.229747E+04 0.3674E+02      0 0.0000E+00       0      0      0      0    23442    1062     215     521    3258    17898   14034       0
 238   1  0.818990E+07 0.237426E+04 0.2846E+02      0 0.0000E+00       0      0      0      0    23365    1081     194     507    3134    18390   14266       0
 239   1  0.825279E+07 0.235637E+04 0.8329E+01      0 0.0000E+00       0      0      0      0    23844    1033     202     482    3054    18344   13849       0
 240   1  0.831942E+07 0.238793E+04 0.1915E+02      0 0.0000E+00       0      0      0      0    23518    1004     212     477    3122    18536   13989       0
 241   1  0.839190E+07 0.242885E+04 0.3161E+02      0 0.0000E+00       0      0      0      0    23475    1044     221     515    3210    18844   14176       0
 242   1  0.846759E+07 0.244522E+04 0.1410E+02      0 0.0000E+00       0      0      0      0    23798    1021     197     524    3067    19009   14307       0
 243   1  0.854473E+07 0.244821E+04 0.1424E+02      0 0.0000E+00       0      0      0      0    23584     997     169     512    3112    19054   14316       0
 244   1  0.863012E+07 0.246143E+04 0.2718E+02      0 0.0000E+00       0      0      0      0    24268    1083     217     501    3106    19291   14403       0
 245   1  0.871729E+07 0.252615E+04 0.2260E+02      0 0.0000E+00       0      0      0      0    23912    1124     205     518    3109    19628   14825       0
 246   1  0.880756E+07 0.253194E+04 0.3413E+02      0 0.0000E+00       0      0      0      0    24349    1048     188     503    3254    19538   14580       0
 247   1  0.890166E+07 0.258566E+04 0.1426E+02      0 0.0000E+00       0      0      0      0    24394    1085     204     476    3303    20183   14694       0
 248   1  0.900330E+07 0.259189E+04 0.2070E+02      0 0.0000E+00       0      0      0      0    24612    1165     209     499    3173    20273   14873       0
 249   1  0.910721E+07 0.263195E+04 0.2584E+02      0 0.0000E+00       0      0      0      0    24776    1102     189     469    3161    20392   14992       0
 250   1  0.922165E+07 0.262819E+04 0.2528E+02      0 0.0000E+00       0      0      0      0    25135    1154     195     450    3197    20532   15257       0
 251   1  0.933866E+07 0.266588E+04 0.3117E+02      0 0.0000E+00       0      0      0      0    24998    1098     206     527    3301    21008   15340       0
 252   1  0.946380E+07 0.270980E+04 0.6411E+02      0 0.0000E+00       0      0      0      0    25440    1113     197     520    3313    20977   15443       0
 253   1  0.959595E+07 0.275142E+04 0.2890E+02      0 0.0000E+00       0      0      0      0    25467    1074     185     513    3320    21558   15486       0
 254   1  0.973367E+07 0.278627E+04 0.3664E+02      0 0.0000E+00       0      0      0      0    25443    1135     172     499    3193    21711   15566       0
 255   1  0.988523E+07 0.285579E+04 0.3276E+02      0 0.0000E+00       0      0      0      0    25706    1153     169     462    3322    22302   15830       0
 256   1  0.100480E+08 0.289553E+04 0.4729E+02      0 0.0000E+00       0      0      0      0    26032    1175     219     509    3330    22617   16146       0
 257   1  0.102201E+08 0.298535E+04 0.1667E+02      0 0.0000E+00       0      0      0      0    26487    1141     197     452    3341    23123   16156       0
 258   1  0.104084E+08 0.299878E+04 0.2631E+02      0 0.0000E+00       0      0      0      0    27022    1243     193     484    3416    23348   16486       0
 259   1  0.106090E+08 0.295094E+04 0.3973E+02      0 0.0000E+00       0      0      0      0    27438    1183     187     482    3636    23457   16761       0
 260   1  0.108185E+08 0.306772E+04 0.3854E+02      0 0.0000E+00       0      0      0      0    27588    1126     198     420    3490    24208   16427       0
 261   1  0.110584E+08 0.312360E+04 0.4593E+02      0 0.0000E+00       0      0      0      0    28694    1133     225     471    3543    24618   17070       0
 262   1  0.113157E+08 0.318476E+04 0.3215E+02      0 0.0000E+00       0      0      0      0    29253    1163     213     452    3604    24963   17362       0
 263   1  0.116029E+08 0.328410E+04 0.3756E+02      0 0.0000E+00       0      0      0      0    30525    1141     221     428    3559    25780   17745       0
 264   1  0.119207E+08 0.331791E+04 0.4559E+02      0 0.0000E+00       0      0      0      0    32022    1235     220     393    3700    25897   18009       0
 265   1  0.122769E+08 0.330676E+04 0.1699E+02      0 0.0000E+00       0      0      0      0    33273    1259     216     442    3938    26123   18404       0
 266   1  0.126782E+08 0.341711E+04 0.3332E+02      0 0.0000E+00       0      0      0      0    35891    1207     220     439    3978    26854   18862       0
 267   1  0.131352E+08 0.338878E+04 0.3987E+02      0 0.0000E+00       0      0      0      0    39716    1235     208     417    4008    26559   19598       0
 268   1  0.136596E+08 0.341662E+04 0.4790E+02      0 0.0000E+00       0      0      0      0    44356    1176     221     415    4205    26958   20194       0
 269   1  0.142671E+08 0.344613E+04 0.7130E+02      0 0.0000E+00       0      0      0      0    51532    1193     233     380    4111    27004   20632       0
 270   1  0.149949E+08 0.347889E+04 0.8248E+02      0 0.0000E+00       0      0      0      0    64177    1272     219     333    4237    27205   21923       0
 271   1  0.158515E+08 0.347280E+04 0.6085E+02      0 0.0000E+00       0      0      0      0    85513    1277     189     333    4228    27260   23471       0
 272   1  0.168611E+08 0.352374E+04 0.1212E+03      0 0.0000E+00       0      0      0      0   122514    1241     162     321    4062    27166   25177       0
 273   1  0.180129E+08 0.338980E+04 0.1521E+03      0 0.0000E+00       0      0      0      0   183691    1173     147     254    3882    26330   28468       0
 274   1  0.192360E+08 0.323317E+04 0.2243E+03      0 0.0000E+00       0      0      0      0   280533    1168     116     204    3509    25337   32218       0
 275   1  0.203425E+08 0.305577E+04 0.1955E+03      0 0.0000E+00       0      0      0      0   417944    1063      95     140    3058    23771   37285       0
 276   1  0.210417E+08 0.273887E+04 0.2344E+03      0 0.0000E+00       0      0      0      0   589748     872      76     132    2725    21351   42996       0
 277   1  0.209697E+08 0.238231E+04 0.3031E+03      0 0.0000E+00       0      0      0      0   772296     699      62      87    2215    18391   48134       0
 278   1  0.198105E+08 0.193264E+04 0.2657E+03      0 0.0000E+00       0      0      0      0   919293     532      44      61    1678    15112   50665       0
 279   1  0.174864E+08 0.148673E+04 0.2033E+03      0 0.0000E+00       0      0      0      0   989900     398      48      48    1190    11733   49169       0
 280   1  0.142347E+08 0.107059E+04 0.1720E+03      0 0.0000E+00       0      0      0      0   953067     270      46      29     885     8445   44357       0
 281   1  0.105644E+08 0.728524E+03 0.8135E+02      0 0.0000E+00       0      0      0      0   817680     215      24      20     612     5795   35667       0
 282   1  0.708145E+07 0.529786E+03 0.8650E+02      0 0.0000E+00       0      0      0      0   619685     139      37      17     439     3988   25832       0
 283   1  0.426160E+07 0.349501E+03 0.4842E+02      0 0.0000E+00       0      0      0      0   417038     120      24      20     388     2745   17125       0
 284   1  0.227757E+07 0.267507E+03 0.2602E+02      0 0.0000E+00       0      0      0      0   244161      97      30      15     341     2060   10453       0
 285   1  0.108673E+07 0.221763E+03 0.6997E+01      0 0.0000E+00       0      0      0      0   125301      93      25      16     306     1728    6009       0
 286   1  0.470563E+06 0.205950E+03 0.6352E+01      0 0.0000E+00       0      0      0      0    56882     114      36      17     276     1587    3715       0
 287   1  0.191648E+06 0.210647E+03 0.0000E+00      0 0.0000E+00       0      0      0      0    22580     115      34       9     273     1589    2554       0
 288   1  0.860220E+05 0.193755E+03 0.6873E+01      0 0.0000E+00       0      0      0      0     8499     100      25      12     282     1500    2140       0
 289   1  0.507053E+05 0.191597E+03 0.0000E+00      0 0.0000E+00       0      0      0      0     3499      86      40      21     270     1440    1959       0
 290   1  0.410631E+05 0.179268E+03 0.2578E+02      0 0.0000E+00       0      0      0      0     1958      88      28      24     295     1425    1996       0
 291   1  0.381447E+05 0.190487E+03 0.2955E+01      0 0.0000E+00       0      0      0      0     1583      92      26      20     290     1400    1935       0
 292   1  0.372358E+05 0.188309E+03 0.2299E+01      0 0.0000E+00       0      0      0      0     1476      89      28      17     303     1426    1916       0
 293   1  0.367099E+05 0.192813E+03 0.6512E+01      0 0.0000E+00       0      0      0      0     1414      92      32      12     274     1448    1888       0
 294   1  0.363439E+05 0.186225E+03 0.1323E+02      0 0.0000E+00       0      0      0      0     1376      87      28      12     280     1409    1854       0
 295   1  0.364173E+05 0.187296E+03 0.1093E+02      0 0.0000E+00       0      0      0      0     1335      84      36      17     274     1406    1863       0
 296   1  0.362006E+05 0.176180E+03 0.6385E+01      0 0.0000E+00       0      0      0      0     1384      92      23      17     248     1357    1790       0
 297   1  0.364735E+05 0.180113E+03 0.4703E+01      0 0.0000E+00       0      0      0      0     1413      93      38      17     271     1387    1838       0
 298   1  0.361821E+05 0.170602E+03 0.1052E+02      0 0.0000E+00       0      0      0      0     1394      85      28      14     261     1322    1800       0
 299   1  0.358200E+05 0.182173E+03 0.8508E+01      0 0.0000E+00       0      0      0      0     1468      81      19      22     260     1365    1840       0
 300   1  0.343463E+05 0.181343E+03 0.6341E+01      0 0.0000E+00       0      0      0      0     1309      88      15      10     263     1348    1737       0
 301   0  0.000000E+00 0.000000E+00 0.0000E+00      0 0.0000E+00       0      0      0      0        0       0       0       0       0        0       0       0
  SUMM:   0.196246E+10 0.411562E+06 0.8753E+04     66 0.1002E+04       0      0      0      0 12827501  333624   77556  164602  875795  2972322 4177003       0
 ZONE  MED     C10     C11     N12     N13     O13     O14     O15     F17     F18
    1    1     309     785       0     334       3      85    1807       0       0
    2    1     315     801       0     347       4     103    1794       1       0
    3    1     302     792       0     330       4      92    1854       1       0
    4    1     318     816       0     354       1      94    1891       0       2
    5    1     336     789       0     324       7     113    1914       1       0
    6    1     331     806       1     354       6      98    1893       0       0
    7    1     305     832       0     361       1      85    1931       1       0
    8    1     317     781       0     362       1     103    1890       1       0
    9    1     321     764       0     353       4      87    1859       1       0
   10    1     333     816       0     342       3     104    1919       0       1
   11    1     302     858       0     346       3      95    1845       0       0
   12    1     369     816       0     352       3      87    1844       0       1
   13    1     283     804       0     332       3      96    1794       0       0
   14    1     355     839       0     329       5     107    1853       1       0
   15    1     326     794       0     344       6      92    1903       1       0
   16    1     344     784       0     373       6     107    1919       0       0
   17    1     314     856       0     369       3      87    1927       0       0
   18    1     338     853       0     317       3      99    2069       0       0
   19    1     324     820       0     327       4      99    1936       1       0
   20    1     328     890       0     310       6      94    1931       0       0
   21    1     359     851       0     352       4     110    1945       0       1
   22    1     279     812       0     365       9      89    1912       1       0
   23    1     356     826       0     349       1     112    1891       2       0
   24    1     347     845       0     355       1      94    1950       0       0
   25    1     319     794       0     343       4     109    1980       0       0
   26    1     336     810       0     325       4      96    1975       0       1
   27    1     362     800       0     372       3      86    1963       0       0
   28    1     336     828       0     330       2     103    1986       0       1
   29    1     343     874       0     353       2      91    1902       0       1
   30    1     334     847       0     378       3     119    1927       0       1
   31    1     336     837       0     362       4      92    1948       0       0
   32    1     324     833       0     353       2     107    1943       0       0
   33    1     336     831       0     352       3     108    1946       0       0
   34    1     357     840       0     394       1      94    1890       0       2
   35    1     334     792       0     329       1     121    1995       1       0
   36    1     359     768       0     335       4      82    1902       1       0
   37    1     333     780       0     341       2      98    2046       0       0
   38    1     314     824       0     349       3     103    1969       0       0
   39    1     337     850       0     380       6      95    1905       1       0
   40    1     343     780       0     348       2     108    1958       0       1
   41    1     339     876       0     351       3     104    1993       0       1
   42    1     354     845       0     345       2      94    1930       0       0
   43    1     315     834       0     339       5     104    1934       1       0
   44    1     335     786       0     346       7     113    2011       0       0
   45    1     333     873       0     341       6      95    1961       0       0
   46    1     333     806       0     377       3     102    1909       0       0
   47    1     323     870       0     334       3     105    2015       1       0
   48    1     358     842       0     362       5     109    1995       0       0
   49    1     330     782       0     370       1     108    2043       0       0
   50    1     313     851       0     372       2     113    1979       0       0
   51    1     317     794       0     380       5      90    2020       1       0
   52    1     371     853       0     372       2      91    1947       0       2
   53    1     330     802       0     360       3     105    2001       0       0
   54    1     313     893       0     386       6     117    1918       0       1
   55    1     307     811       0     359       3      99    1995       0       0
   56    1     305     874       1     379       2     111    1954       0       0
   57    1     290     825       0     367       2      93    2052       1       0
   58    1     339     867       0     321       3     102    1975       0       0
   59    1     327     837       0     367       8      89    1962       1       0
   60    1     323     830       0     351       3      93    2029       1       1
   61    1     345     794       1     374       5     116    1960       1       1
   62    1     350     865       2     383       7     116    1916       0       0
   63    1     307     871       1     365       3     103    1945       1       1
   64    1     305     818       0     308       2      94    1937       1       0
   65    1     314     811       1     368       5     106    2115       0       2
   66    1     306     817       0     376       5      90    2011       0       0
   67    1     333     822       0     345       3     106    2096       0       2
   68    1     356     799       0     371       4      90    1957       0       0
   69    1     294     849       0     351       3     103    2007       1       1
   70    1     358     835       0     356       2      99    2032       0       0
   71    1     319     787       0     385       3     117    1953       1       0
   72    1     315     807       0     343       5      93    1919       0       0
   73    1     332     822       1     384       4     115    1983       0       0
   74    1     307     842       0     359       4     125    1982       0       0
   75    1     341     802       0     324       1     104    2058       1       1
   76    1     315     834       0     365       4     129    1953       0       0
   77    1     349     817       0     403       2     112    1970       1       0
   78    1     307     845       0     357       2     113    1952       0       0
   79    1     333     798       0     366       4     115    1999       0       0
   80    1     347     847       0     338       3      86    2101       0       0
   81    1     335     850       0     343       1     116    2021       0       1
   82    1     311     885       0     338       3     113    2055       0       0
   83    1     304     852       0     336       2      96    2109       0       0
   84    1     326     821       0     354       1     105    2032       1       0
   85    1     323     866       0     367       2     113    2077       0       0
   86    1     341     771       0     360       4     100    2088       0       0
   87    1     310     844       0     319       3     109    1948       0       0
   88    1     310     848       0     340       4      93    2030       0       1
   89    1     318     776       0     371       4     114    1990       1       0
   90    1     351     832       0     377       5     100    2080       0       1
   91    1     345     861       0     350       3     103    2049       0       0
   92    1     329     873       0     360       8     109    2078       2       0
   93    1     301     872       1     340       3     104    1980       0       0
   94    1     346     836       0     363       4     105    2133       0       0
   95    1     313     880       0     365       3      97    2027       0       0
   96    1     333     772       0     352       6      82    1993       1       0
   97    1     343     872       0     350       3     100    2016       0       0
   98    1     311     863       0     394       2     109    2075       0       0
   99    1     360     816       0     339       2     109    2006       0       0
  100    1     323     794       0     341       6     101    1963       0       0
  101    1     348     803       0     370       3     107    1995       2       1
  102    1     321     834       0     393       3     104    1995       1       0
  103    1     322     827       0     370       3     105    1977       0       2
  104    1     337     884       0     391       3     107    1978       0       0
  105    1     332     870       0     368       7     113    2068       0       1
  106    1     326     834       0     374       1     107    2077       0       0
  107    1     319     807       0     352       2     114    2074       0       0
  108    1     324     789       0     354       4     105    1977       0       0
  109    1     313     796       0     375       4     104    1977       0       1
  110    1     331     790       1     343       2     103    2106       0       0
  111    1     310     818       0     344       4      98    1953       0       0
  112    1     362     849       0     326       3     111    2078       1       0
  113    1     345     887       0     361       4      90    2013       0       0
  114    1     345     839       0     363       3     104    1941       0       0
  115    1     311     803       0     349       4     100    1968       1       0
  116    1     307     765       0     387       3      99    2097       0       0
  117    1     314     848       0     363       8      96    2002       0       0
  118    1     314     776       0     367       6      93    2000       0       0
  119    1     318     804       0     348       2     103    2120       0       0
  120    1     302     851       0     368       3      92    1967       0       0
  121    1     298     820       0     351       3     109    2028       0       0
  122    1     282     837       0     352       2     110    2022       0       1
  123    1     295     795       0     356       2     130    1983       0       0
  124    1     287     786       0     388       7     103    2053       0       1
  125    1     304     814       0     389       5     105    2061       0       0
  126    1     305     798       0     373       3      92    2048       0       0
  127    1     301     875       0     328       1     107    2048       0       0
  128    1     289     818       0     357       4     105    1986       1       1
  129    1     307     825       1     324       1      92    1982       0       1
  130    1     307     789       0     342       5     105    2026       1       0
  131    1     300     845       0     379       6      91    2089       0       0
  132    1     293     818       1     406       0      93    2018       0       0
  133    1     323     807       0     390       2     118    2034       1       0
  134    1     331     807       0     351       4     120    1947       1       0
  135    1     328     852       0     380       3      92    1984       1       0
  136    1     335     862       1     360       1     113    2055       0       0
  137    1     314     798       0     364       2     103    2055       0       0
  138    1     312     817       1     298       3      99    2072       1       0
  139    1     313     856       0     372       3     115    2086       0       0
  140    1     321     800       0     373       4     111    2058       0       0
  141    1     316     816       1     346       3     100    2064       0       0
  142    1     318     770       0     351       3     109    2075       0       0
  143    1     318     806       0     380       4     109    2084       0       1
  144    1     289     841       0     371       1     105    2089       1       0
  145    1     307     829       0     390       3     113    2062       0       0
  146    1     316     815       1     371       1      91    1989       1       0
  147    1     317     825       0     356       3     112    2019       0       0
  148    1     296     811       0     363       6     100    2013       1       0
  149    1     306     778       0     325      10     104    2105       0       0
  150    1     289     853       1     370       1      85    2115       0       0
  151    1     305     780       0     357       3     104    1983       0       0
  152    1     342     816       0     374       6     127    1995       0       1
  153    1     315     820       0     350       1     105    1998       1       0
  154    1     298     848       0     347       6      81    2017       0       0
  155    1     314     779       0     335       3     108    2053       0       1
  156    1     323     833       0     379       2     101    2120       0       1
  157    1     307     750       0     368       3     120    2087       1       0
  158    1     303     809       0     360       4     106    1987       1       0
  159    1     307     793       0     383       5     102    1934       0       0
  160    1     315     836       0     342       1     104    2040       0       1
  161    1     308     787       0     365       4      96    1982       0       0
  162    1     297     877       0     362       3     101    2012       0       0
  163    1     326     831       0     342       5      99    2085       0       1
  164    1     302     806       0     390       3     105    2163       0       0
  165    1     346     725       0     343       2     109    2024       0       0
  166    1     295     818       0     336       5      88    2066       0       0
  167    1     309     822       0     330       1     103    2041       0       0
  168    1     304     791       0     365       4     121    2036       0       0
  169    1     307     824       0     382       3     103    1995       0       0
  170    1     271     784       1     331       5     111    2048       2       0
  171    1     290     824       0     333       2      88    2013       1       0
  172    1     302     798       0     370       3     103    2044       0       1
  173    1     323     820       1     407       0     116    1951       0       0
  174    1     286     799       0     354       1      95    2077       0       1
  175    1     328     811       0     320       1     105    2076       1       0
  176    1     316     778       0     369       2     102    2010       1       0
  177    1     292     759       0     377       2     107    2056       0       1
  178    1     304     797       0     339       1     109    2086       0       0
  179    1     287     805       0     380       2      95    2071       0       1
  180    1     301     843       0     356       3      72    2064       0       0
  181    1     289     780       0     364       5     112    2047       0       1
  182    1     285     789       0     338       7     107    2048       0       0
  183    1     309     797       0     393       8     107    2030       1       1
  184    1     266     801       0     358       2      92    2019       0       1
  185    1     262     845       1     362       3      96    2092       0       0
  186    1     298     765       0     344       6     102    1975       1       0
  187    1     309     769       0     344       4      94    1992       0       0
  188    1     295     807       0     379       2     110    2061       0       0
  189    1     299     777       0     385       0     111    1945       1       0
  190    1     274     785       0     383       1     106    2105       1       0
  191    1     309     763       0     376       4     129    2131       0       1
  192    1     322     826       0     348       1      91    2077       2       1
  193    1     285     779       0     373       0     114    2137       0       0
  194    1     309     839       0     363       4     102    2054       1       0
  195    1     285     769       0     341       5     108    2030       1       1
  196    1     258     798       0     336       3     112    2099       1       1
  197    1     278     775       0     326       3     115    2008       0       1
  198    1     284     805       0     318       3     101    2120       1       0
  199    1     293     757       1     327       4     116    2035       0       1
  200    1     312     765       0     377       3     119    1980       0       0
  201    1     280     743       0     380       2     106    2024       1       0
  202    1     306     750       0     360       5      86    2007       0       0
  203    1     310     784       0     295       0     116    2013       0       1
  204    1     285     757       0     370       6     107    2060       0       0
  205    1     291     788       0     362       2     121    2000       0       1
  206    1     285     783       0     356       6     110    1998       0       0
  207    1     306     725       0     368       1     101    2109       0       0
  208    1     288     769       0     380       5      99    2063       0       1
  209    1     272     786       0     372       3      99    2064       1       1
  210    1     305     760       0     369       1     103    2024       1       0
  211    1     266     788       0     358       5     115    2103       0       1
  212    1     291     754       0     384       7     102    2143       1       1
  213    1     280     754       0     382       6      97    2017       1       0
  214    1     278     749       0     356       3     101    2154       0       1
  215    1     276     821       0     386       3      91    2148       0       0
  216    1     272     736       0     388       0     124    2101       0       1
  217    1     252     765       0     369       2     112    2198       0       0
  218    1     266     787       0     359       2     123    2157       0       0
  219    1     250     738       0     374       2     119    2184       0       1
  220    1     299     792       0     354       4      91    2091       1       0
  221    1     265     749       0     393       3     113    2126       1       1
  222    1     268     808       0     394       5     100    2141       1       0
  223    1     271     751       0     382       5     110    2179       1       0
  224    1     261     723       0     330       5     114    2111       0       0
  225    1     288     713       0     342       5     103    2140       0       0
  226    1     269     761       0     356       7      96    2141       0       3
  227    1     262     760       0     387       2     125    2179       1       1
  228    1     210     718       0     378       4      96    2179       0       1
  229    1     261     715       0     365       5     112    2143       0       0
  230    1     299     692       0     342       3      94    2240       0       0
  231    1     260     774       1     383       4      94    2182       0       1
  232    1     262     745       0     376       3     119    2147       1       0
  233    1     261     713       0     335       1     114    2208       1       1
  234    1     247     715       0     367       3     109    2241       0       0
  235    1     243     681       0     419       5     115    2131       0       1
  236    1     268     734       0     371       4     105    2173       0       0
  237    1     251     790       0     405       1     101    2207       1       1
  238    1     225     751       0     401       1     120    2247       0       1
  239    1     242     692       0     418       3     114    2222       2       0
  240    1     264     706       0     360       5     117    2164       0       0
  241    1     255     734       0     377       3      90    2287       0       1
  242    1     229     698       0     349       7     111    2259       0       0
  243    1     235     701       0     412       3     111    2376       0       0
  244    1     240     722       0     388       2     104    2280       0       0
  245    1     251     729       0     436       5     126    2375       1       0
  246    1     245     677       0     361       3     116    2398       0       0
  247    1     252     703       0     386       1     119    2371       1       0
  248    1     228     670       0     385       2     123    2469       0       1
  249    1     221     681       0     422       1     129    2526       0       0
  250    1     210     639       0     424       0     132    2578       1       1
  251    1     227     656       0     405       2     124    2484       2       0
  252    1     221     654       0     440       2     116    2611       0       3
  253    1     218     603       0     413       1     139    2656       1       1
  254    1     210     609       0     417       4     124    2675       0       0
  255    1     218     565       0     434       2     114    2774       1       0
  256    1     221     592       0     445       4     147    2852       0       1
  257    1     198     574       0     437       5     115    2868       0       0
  258    1     175     539       0     496       1     153    2944       0       0
  259    1     188     539       0     437       0     132    2832       1       0
  260    1     183     482       0     417       2     149    2940       1       1
  261    1     160     468       0     452       3     132    3112       0       1
  262    1     124     464       0     408       2     155    3194       0       0
  263    1     139     438       0     414       1     139    3267       3       1
  264    1     106     427       1     405       0     145    3308       1       0
  265    1     107     400       0     422       1     168    3388       1       0
  266    1      89     334       0     387       1     146    3550       0       3
  267    1      65     343       0     367       1     161    3640       1       0
  268    1      53     272       0     362       0     177    3654       2       1
  269    1      33     217       0     315       0     153    3747       1       1
  270    1      27     204       0     248       0     162    3858       2       2
  271    1      17     173       0     206       0     135    3807       0       1
  272    1      15     132       0     212       0     125    3699       0       2
  273    1       8      95       0     181       0      99    3566       0       4
  274    1       3      58       0     165       0      76    3186       4       3
  275    1       5      46       0     155       0      51    2939       3       7
  276    1       4      40       0     149       0      40    2290       1       3
  277    1       3      24       0     123       0      23    1859       3       1
  278    1       3      19       0      97       0      11    1378       1       4
  279    1       0      12       0      99       0      12     864       5       4
  280    1       3      23       0      66       0       5     516       1       2
  281    1       2      24       0      43       0       5     296       5       0
  282    1       0      21       0      29       0       3     216       3       0
  283    1       3      26       0      22       0       2     122       1       1
  284    1       1      13       0      13       0       0      87       1       0
  285    1       4      25       0       9       0       1      92       0       0
  286    1       1      16       0       8       0       1      81       0       0
  287    1       3      16       0       5       0       1      68       0       0
  288    1       2      22       0       6       0       0      78       0       0
  289    1       4      16       0       5       0       1      86       0       0
  290    1       3      20       0       5       0       3      71       0       0
  291    1       4      26       0       9       0       3      69       0       0
  292    1       2      20       0      10       0       1      61       0       0
  293    1       4      21       0      10       0       3      80       0       0
  294    1       2      12       0       7       0       2      59       0       0
  295    1       1      11       0       8       0       0      62       0       0
  296    1       5      18       0       7       0       2      68       0       0
  297    1       3      18       0       8       0       2      62       0       0
  298    1       1      14       0       0       0       0      74       0       0
  299    1       2      24       0       6       0       0      61       0       0
  300    1       1      13       0       7       0       0      62       0       0
  301    0       0       0       0       0       0       0       0       0       0
   SUM ==>   79869  211078      23   99944     871   29530  598028     128     126
