5000000
300
 ZONE MED   LOSS(MEV)      (MEV)    EXCITATION    PI0   (MEV)        PI+     K+    MU-    MU+     PROT    DEUT    TRIT     HE3    ALPH     ELSC    INEL    FISS
   1   1  0.225032E+07 0.318295E+03 0.0000E+00      0 0.0000E+00       0      0      0      0     2396     474     121     309    1348     1755    5618       0
   2   1  0.227398E+07 0.318349E+03 0.0000E+00      0 0.0000E+00       0      0      0      0     3131     567     123     327    1339     1822    5614       0
   3   1  0.229410E+07 0.315747E+03 0.0000E+00      0 0.0000E+00       0      0      0      0     3694     571     149     327    1530     1798    5724       0
   4   1  0.230822E+07 0.324614E+03 0.7210E+01      1 0.2040E+02       0      0      0      0     3908     586     207     351    1402     1906    5779       0
   5   1  0.232001E+07 0.319211E+03 0.0000E+00      1 0.1045E+02       0      0      0      0     4199     642     173     334    1344     1858    5668       0
   6   1  0.233583E+07 0.329128E+03 0.1124E+01      1 0.9527E+01       0      0      0      0     4598     635     190     347    1469     1866    5889       0
   7   1  0.234795E+07 0.337571E+03 0.2886E+02      0 0.0000E+00       0      0      0      0     4769     647     164     353    1506     1897    5909       0
   8   1  0.235622E+07 0.341436E+03 0.1492E+02      2 0.2881E+02       0      0      0      0     4820     621     155     335    1519     1970    5925       0
   9   1  0.236272E+07 0.332302E+03 0.1734E+01      0 0.0000E+00       0      0      0      0     4813     644     156     371    1464     1963    5742       0
  10   1  0.237151E+07 0.342337E+03 0.1925E+02      0 0.0000E+00       0      0      0      0     5100     605     163     327    1386     2043    5944       0
  11   1  0.237887E+07 0.344848E+03 0.4875E+01      2 0.4192E+02       0      0      0      0     5144     617     164     302    1467     2027    6079       0
  12   1  0.238707E+07 0.355909E+03 0.1311E+02      1 0.5311E+01       0      0      0      0     5228     586     159     330    1425     2070    5915       0
  13   1  0.239542E+07 0.357688E+03 0.4923E+01      1 0.1101E+02       0      0      0      0     5281     627     147     333    1521     2111    5939       0
  14   1  0.240792E+07 0.358670E+03 0.2168E+02      0 0.0000E+00       0      0      0      0     5414     622     155     362    1563     2075    6021       0
  15   1  0.241108E+07 0.352663E+03 0.1272E+02      1 0.3292E+01       0      0      0      0     5642     641     170     312    1370     2094    6034       0
  16   1  0.241943E+07 0.360684E+03 0.5848E+01      1 0.2087E+01       0      0      0      0     5703     669     138     314    1415     2181    5981       0
  17   1  0.242543E+07 0.369352E+03 0.6720E+01      1 0.2025E+01       0      0      0      0     5715     643     159     325    1439     2188    5915       0
  18   1  0.243255E+07 0.371531E+03 0.1425E+02      1 0.1661E+02       0      0      0      0     5885     643     156     332    1451     2170    6127       0
  19   1  0.243893E+07 0.367126E+03 0.4459E+01      1 0.3591E+02       0      0      0      0     5773     624     163     324    1559     2180    6066       0
  20   1  0.244346E+07 0.374757E+03 0.0000E+00      0 0.0000E+00       0      0      0      0     5872     627     148     337    1428     2265    6057       0
  21   1  0.245001E+07 0.356540E+03 0.1517E+02      0 0.0000E+00       0      0      0      0     5880     614     164     360    1404     2230    5920       0
  22   1  0.245996E+07 0.365598E+03 0.2690E+01      0 0.0000E+00       0      0      0      0     6092     605     154     323    1582     2190    6038       0
  23   1  0.246440E+07 0.376335E+03 0.0000E+00      2 0.2821E+02       0      0      0      0     5915     628     161     340    1477     2271    6122       0
  24   1  0.247228E+07 0.362812E+03 0.2048E+02      0 0.0000E+00       0      0      0      0     6315     671     159     318    1455     2243    6184       0
  25   1  0.247746E+07 0.392639E+03 0.0000E+00      0 0.0000E+00       0      0      0      0     6246     680     160     341    1561     2347    6154       0
  26   1  0.248340E+07 0.386771E+03 0.2874E+02      0 0.0000E+00       0      0      0      0     6452     557     132     323    1489     2382    6169       0
  27   1  0.249338E+07 0.383919E+03 0.1078E+02      0 0.0000E+00       0      0      0      0     6428     614     145     327    1532     2407    6230       0
  28   1  0.249557E+07 0.394071E+03 0.3446E+02      0 0.0000E+00       0      0      0      0     6417     665     144     342    1473     2376    6216       0
  29   1  0.250170E+07 0.391174E+03 0.9115E+01      0 0.0000E+00       0      0      0      0     6411     611     163     324    1423     2476    6048       0
  30   1  0.250887E+07 0.377883E+03 0.1034E+02      1 0.1714E+02       0      0      0      0     6462     621     173     342    1463     2400    6124       0
  31   1  0.251380E+07 0.375535E+03 0.7633E+01      0 0.0000E+00       0      0      0      0     6579     599     194     314    1427     2379    6108       0
  32   1  0.252392E+07 0.395445E+03 0.1557E+02      0 0.0000E+00       0      0      0      0     6795     619     150     324    1516     2460    6302       0
  33   1  0.252866E+07 0.397697E+03 0.2303E+02      0 0.0000E+00       0      0      0      0     6702     602     153     331    1535     2403    6307       0
  34   1  0.253268E+07 0.401270E+03 0.9355E+01      0 0.0000E+00       0      0      0      0     6949     639     144     318    1512     2480    6188       0
  35   1  0.253961E+07 0.400232E+03 0.1249E+02      1 0.1295E+01       0      0      0      0     6844     602     176     325    1631     2485    6422       0
  36   1  0.254534E+07 0.391990E+03 0.1099E+02      1 0.2577E+02       0      0      0      0     6863     640     159     348    1491     2464    6167       0
  37   1  0.255084E+07 0.410397E+03 0.6756E+01      1 0.1750E+01       0      0      0      0     6993     669     164     321    1570     2470    6459       0
  38   1  0.255604E+07 0.415780E+03 0.2618E+02      0 0.0000E+00       0      0      0      0     6878     623     176     335    1579     2594    6312       0
  39   1  0.256267E+07 0.406033E+03 0.1088E+02      1 0.1218E+00       0      0      0      0     6957     660     160     298    1545     2508    6387       0
  40   1  0.256564E+07 0.423086E+03 0.1758E+02      0 0.0000E+00       0      0      0      0     7219     635     154     323    1493     2545    6395       0
  41   1  0.257074E+07 0.397926E+03 0.2221E+02      0 0.0000E+00       0      0      0      0     6966     597     159     323    1461     2497    6346       0
  42   1  0.257923E+07 0.429797E+03 0.1029E+02      1 0.1064E+02       0      0      0      0     7212     628     174     308    1485     2672    6446       0
  43   1  0.258405E+07 0.411901E+03 0.6366E+01      0 0.0000E+00       0      0      0      0     7438     582     159     322    1516     2523    6448       0
  44   1  0.258788E+07 0.417531E+03 0.0000E+00      0 0.0000E+00       0      0      0      0     7319     568     170     326    1484     2616    6306       0
  45   1  0.259555E+07 0.413233E+03 0.1546E+02      0 0.0000E+00       0      0      0      0     7386     656     168     350    1560     2604    6425       0
  46   1  0.260065E+07 0.423746E+03 0.2273E+02      0 0.0000E+00       0      0      0      0     7368     645     135     350    1540     2670    6491       0
  47   1  0.260576E+07 0.426148E+03 0.1015E+02      0 0.0000E+00       0      0      0      0     7483     635     163     323    1585     2605    6562       0
  48   1  0.261173E+07 0.445143E+03 0.5561E+01      0 0.0000E+00       0      0      0      0     7572     645     148     348    1516     2705    6501       0
  49   1  0.261421E+07 0.429472E+03 0.2139E+02      1 0.3057E+01       0      0      0      0     7400     595     151     349    1433     2695    6398       0
  50   1  0.261860E+07 0.424948E+03 0.0000E+00      0 0.0000E+00       0      0      0      0     7483     622     164     317    1553     2685    6305       0
  51   1  0.262399E+07 0.451528E+03 0.1824E+02      0 0.0000E+00       0      0      0      0     7454     665     177     344    1484     2786    6493       0
  52   1  0.262844E+07 0.445010E+03 0.1213E+02      0 0.0000E+00       0      0      0      0     7497     700     149     306    1510     2792    6594       0
  53   1  0.263393E+07 0.429122E+03 0.6850E+01      0 0.0000E+00       0      0      0      0     7658     613     156     345    1597     2697    6542       0
  54   1  0.264071E+07 0.459721E+03 0.1502E+02      0 0.0000E+00       0      0      0      0     7683     649     159     358    1510     2902    6617       0
  55   1  0.264608E+07 0.441242E+03 0.1912E+02      1 0.4531E+01       0      0      0      0     7794     703     162     316    1494     2794    6508       0
  56   1  0.265077E+07 0.471842E+03 0.1329E+02      1 0.9509E+01       0      0      0      0     7923     647     172     308    1539     2848    6614       0
  57   1  0.265643E+07 0.452257E+03 0.3243E+02      0 0.0000E+00       0      0      0      0     7902     620     170     328    1522     2829    6628       0
  58   1  0.266313E+07 0.451175E+03 0.9692E+01      0 0.0000E+00       0      0      0      0     7858     654     178     386    1592     2776    6723       0
  59   1  0.266510E+07 0.438117E+03 0.4281E+01      0 0.0000E+00       0      0      0      0     8029     637     167     355    1496     2820    6628       0
  60   1  0.266983E+07 0.446781E+03 0.1187E+02      0 0.0000E+00       0      0      0      0     7812     647     190     332    1517     2853    6479       0
  61   1  0.267547E+07 0.442157E+03 0.1413E+02      0 0.0000E+00       0      0      0      0     7980     667     167     310    1625     2775    6687       0
  62   1  0.268088E+07 0.450354E+03 0.4940E+02      0 0.0000E+00       0      0      0      0     8167     730     160     334    1489     2816    6664       0
  63   1  0.268291E+07 0.464429E+03 0.2353E+02      0 0.0000E+00       0      0      0      0     8023     637     153     310    1524     2905    6536       0
  64   1  0.268646E+07 0.449080E+03 0.0000E+00      0 0.0000E+00       0      0      0      0     8056     678     142     341    1601     2924    6556       0
  65   1  0.269304E+07 0.452893E+03 0.1688E+01      0 0.0000E+00       0      0      0      0     8103     661     161     297    1586     2947    6807       0
  66   1  0.269833E+07 0.444742E+03 0.2527E+02      2 0.1213E+02       0      0      0      0     8129     642     189     332    1565     2874    6632       0
  67   1  0.270188E+07 0.463057E+03 0.6438E+01      0 0.0000E+00       0      0      0      0     8127     623     166     319    1612     2972    6530       0
  68   1  0.270548E+07 0.446780E+03 0.7406E+01      0 0.0000E+00       0      0      0      0     8137     674     145     321    1650     2828    6604       0
  69   1  0.270879E+07 0.451726E+03 0.6397E+01      0 0.0000E+00       0      0      0      0     8085     627     178     327    1569     2865    6632       0
  70   1  0.271453E+07 0.470155E+03 0.1475E+02      0 0.0000E+00       0      0      0      0     8198     580     163     326    1548     2972    6640       0
  71   1  0.271910E+07 0.462958E+03 0.1947E+02      0 0.0000E+00       0      0      0      0     8101     666     150     299    1524     2988    6534       0
  72   1  0.272512E+07 0.458075E+03 0.5307E+01      0 0.0000E+00       0      0      0      0     8214     658     163     321    1534     2993    6620       0
  73   1  0.272925E+07 0.480746E+03 0.2011E+01      0 0.0000E+00       0      0      0      0     8509     638     164     326    1576     3116    6577       0
  74   1  0.273032E+07 0.488473E+03 0.2021E+02      0 0.0000E+00       0      0      0      0     8289     579     147     337    1445     3043    6587       0
  75   1  0.273581E+07 0.486572E+03 0.1143E+01      0 0.0000E+00       0      0      0      0     8164     637     147     308    1575     3094    6518       0
  76   1  0.274338E+07 0.475601E+03 0.6913E+01      0 0.0000E+00       0      0      0      0     8416     659     162     314    1644     2991    6659       0
  77   1  0.274862E+07 0.486596E+03 0.1743E+02      0 0.0000E+00       0      0      0      0     8500     614     163     351    1656     3116    6779       0
  78   1  0.275166E+07 0.470019E+03 0.1051E+02      0 0.0000E+00       0      0      0      0     8486     620     162     348    1592     3046    6668       0
  79   1  0.275520E+07 0.459894E+03 0.0000E+00      0 0.0000E+00       0      0      0      0     8394     670     173     320    1495     3082    6617       0
  80   1  0.276038E+07 0.466470E+03 0.9567E+01      0 0.0000E+00       0      0      0      0     8399     664     168     329    1516     3116    6628       0
  81   1  0.276255E+07 0.457293E+03 0.9377E-01      0 0.0000E+00       0      0      0      0     8375     641     171     328    1487     3052    6515       0
  82   1  0.276976E+07 0.492067E+03 0.2010E+01      0 0.0000E+00       0      0      0      0     8660     603     145     316    1555     3179    6752       0
  83   1  0.277514E+07 0.485779E+03 0.2101E+02      0 0.0000E+00       0      0      0      0     8569     659     162     341    1598     3186    6812       0
  84   1  0.277790E+07 0.487905E+03 0.3816E+01      0 0.0000E+00       0      0      0      0     8653     647     179     346    1564     3136    6743       0
  85   1  0.278217E+07 0.493684E+03 0.1308E+02      0 0.0000E+00       0      0      0      0     8630     670     154     329    1656     3137    6709       0
  86   1  0.278715E+07 0.481500E+03 0.6823E+01      0 0.0000E+00       0      0      0      0     8541     663     171     330    1626     3225    6778       0
  87   1  0.278972E+07 0.508373E+03 0.2659E+02      0 0.0000E+00       0      0      0      0     8768     657     166     313    1531     3287    6735       0
  88   1  0.279703E+07 0.483737E+03 0.6446E+01      0 0.0000E+00       0      0      0      0     8878     585     160     346    1580     3193    6754       0
  89   1  0.279828E+07 0.478115E+03 0.3178E+02      0 0.0000E+00       0      0      0      0     8739     687     158     298    1585     3186    6617       0
  90   1  0.280225E+07 0.510771E+03 0.0000E+00      0 0.0000E+00       0      0      0      0     8637     643     161     325    1539     3309    6743       0
  91   1  0.280689E+07 0.491213E+03 0.7559E+01      0 0.0000E+00       0      0      0      0     8755     628     154     315    1541     3205    6707       0
  92   1  0.281217E+07 0.470393E+03 0.1559E+01      0 0.0000E+00       0      0      0      0     8833     638     176     379    1523     3197    6744       0
  93   1  0.281609E+07 0.493547E+03 0.1007E+02      0 0.0000E+00       0      0      0      0     8912     649     136     316    1558     3295    6723       0
  94   1  0.281727E+07 0.488168E+03 0.0000E+00      0 0.0000E+00       0      0      0      0     8710     635     140     313    1564     3268    6648       0
  95   1  0.282391E+07 0.521459E+03 0.0000E+00      0 0.0000E+00       0      0      0      0     8851     667     166     358    1538     3310    6554       0
  96   1  0.282736E+07 0.517966E+03 0.1696E+02      0 0.0000E+00       0      0      0      0     8924     659     181     304    1496     3409    6724       0
  97   1  0.283243E+07 0.491946E+03 0.1241E+02      0 0.0000E+00       0      0      0      0     8922     676     145     368    1590     3268    6586       0
  98   1  0.283609E+07 0.491623E+03 0.1551E+02      0 0.0000E+00       0      0      0      0     8859     608     143     337    1594     3335    6765       0
  99   1  0.283928E+07 0.534349E+03 0.0000E+00      0 0.0000E+00       0      0      0      0     8881     615     176     324    1598     3482    6716       0
 100   1  0.284127E+07 0.519831E+03 0.3520E+01      0 0.0000E+00       0      0      0      0     8951     584     156     337    1581     3433    6638       0
 101   1  0.284997E+07 0.528765E+03 0.6393E+01      0 0.0000E+00       0      0      0      0     9012     663     150     312    1621     3458    6860       0
 102   1  0.285146E+07 0.505713E+03 0.7504E+01      0 0.0000E+00       0      0      0      0     8724     669     161     352    1623     3408    6601       0
 103   1  0.285459E+07 0.522097E+03 0.3416E+02      0 0.0000E+00       0      0      0      0     8918     652     144     321    1574     3500    6580       0
 104   1  0.285935E+07 0.508573E+03 0.0000E+00      0 0.0000E+00       0      0      0      0     9127     653     168     319    1525     3425    6712       0
 105   1  0.286540E+07 0.524900E+03 0.1075E+02      0 0.0000E+00       0      0      0      0     8972     661     161     347    1714     3588    6949       0
 106   1  0.286803E+07 0.528437E+03 0.2839E+02      0 0.0000E+00       0      0      0      0     9255     644     155     322    1592     3493    6769       0
 107   1  0.287038E+07 0.541744E+03 0.0000E+00      0 0.0000E+00       0      0      0      0     9140     623     129     328    1561     3536    6820       0
 108   1  0.287267E+07 0.541894E+03 0.6189E+01      0 0.0000E+00       0      0      0      0     9047     623     129     328    1477     3571    6759       0
 109   1  0.287771E+07 0.523836E+03 0.1348E+02      0 0.0000E+00       0      0      0      0     9027     617     146     278    1534     3506    6703       0
 110   1  0.288218E+07 0.529654E+03 0.1839E+02      0 0.0000E+00       0      0      0      0     9101     600     145     294    1492     3452    6687       0
 111   1  0.288690E+07 0.542500E+03 0.0000E+00      0 0.0000E+00       0      0      0      0     9076     639     155     303    1558     3601    6656       0
 112   1  0.289175E+07 0.533189E+03 0.1536E+02      0 0.0000E+00       0      0      0      0     9266     596     154     328    1595     3579    6838       0
 113   1  0.289722E+07 0.531315E+03 0.1221E+02      0 0.0000E+00       0      0      0      0     9252     624     164     334    1597     3568    6706       0
 114   1  0.289647E+07 0.543161E+03 0.1559E+02      0 0.0000E+00       0      0      0      0     9221     599     160     319    1514     3601    6716       0
 115   1  0.290263E+07 0.557195E+03 0.3258E+02      0 0.0000E+00       0      0      0      0     9188     627     142     326    1568     3749    6820       0
 116   1  0.290500E+07 0.535451E+03 0.0000E+00      0 0.0000E+00       0      0      0      0     9087     628     147     320    1558     3651    6671       0
 117   1  0.291138E+07 0.540475E+03 0.4317E+00      0 0.0000E+00       0      0      0      0     9284     649     150     325    1572     3730    6675       0
 118   1  0.291254E+07 0.563330E+03 0.2069E+02      0 0.0000E+00       0      0      0      0     9150     650     161     291    1503     3756    6777       0
 119   1  0.291730E+07 0.543854E+03 0.0000E+00      0 0.0000E+00       0      0      0      0     9209     605     145     282    1590     3642    6697       0
 120   1  0.291886E+07 0.568362E+03 0.2525E+01      0 0.0000E+00       0      0      0      0     9162     619     143     284    1481     3858    6691       0
 121   1  0.292352E+07 0.543568E+03 0.1775E+02      0 0.0000E+00       0      0      0      0     9226     598     145     298    1477     3791    6610       0
 122   1  0.292754E+07 0.551050E+03 0.8479E+00      0 0.0000E+00       0      0      0      0     9063     582     151     321    1539     3830    6564       0
 123   1  0.293497E+07 0.555462E+03 0.1921E+02      0 0.0000E+00       0      0      0      0     9280     614     155     323    1662     3886    6794       0
 124   1  0.293859E+07 0.541071E+03 0.1152E+02      0 0.0000E+00       0      0      0      0     9273     624     161     321    1641     3827    6802       0
 125   1  0.294246E+07 0.579752E+03 0.1916E+02      0 0.0000E+00       0      0      0      0     9196     641     131     295    1586     3914    6719       0
 126   1  0.294938E+07 0.571904E+03 0.2226E+02      0 0.0000E+00       0      0      0      0     9347     616     146     298    1553     3919    6872       0
 127   1  0.295440E+07 0.570547E+03 0.1391E+02      0 0.0000E+00       0      0      0      0     9550     663     139     312    1538     3908    6723       0
 128   1  0.295755E+07 0.569236E+03 0.4233E+01      0 0.0000E+00       0      0      0      0     9466     604     148     290    1534     3964    6618       0
 129   1  0.295912E+07 0.581115E+03 0.0000E+00      0 0.0000E+00       0      0      0      0     9183     611     129     286    1581     3914    6591       0
 130   1  0.296554E+07 0.575800E+03 0.2057E+02      0 0.0000E+00       0      0      0      0     9461     588     152     340    1570     3957    6655       0
 131   1  0.297097E+07 0.587572E+03 0.5492E+01      0 0.0000E+00       0      0      0      0     9559     599     150     315    1584     3993    6820       0
 132   1  0.297458E+07 0.581327E+03 0.1756E+02      0 0.0000E+00       0      0      0      0     9342     644     143     366    1628     3976    6750       0
 133   1  0.298061E+07 0.608649E+03 0.1287E+02      0 0.0000E+00       0      0      0      0     9626     647     164     320    1551     3981    6837       0
 134   1  0.298453E+07 0.601128E+03 0.2158E+02      0 0.0000E+00       0      0      0      0     9597     616     149     294    1630     4074    6840       0
 135   1  0.298684E+07 0.608595E+03 0.1368E+02      0 0.0000E+00       0      0      0      0     9561     630     144     292    1502     4016    6713       0
 136   1  0.298726E+07 0.588483E+03 0.0000E+00      0 0.0000E+00       0      0      0      0     9401     573     133     297    1495     4083    6533       0
 137   1  0.299469E+07 0.589089E+03 0.1811E+02      0 0.0000E+00       0      0      0      0     9407     590     124     294    1607     4053    6635       0
 138   1  0.300161E+07 0.588541E+03 0.1493E+02      0 0.0000E+00       0      0      0      0     9630     625     154     334    1651     4143    6660       0
 139   1  0.300524E+07 0.576146E+03 0.9294E+01      0 0.0000E+00       0      0      0      0     9772     646     175     314    1612     4090    6784       0
 140   1  0.300680E+07 0.617476E+03 0.1674E+02      0 0.0000E+00       0      0      0      0     9623     608     134     287    1503     4144    6691       0
 141   1  0.301166E+07 0.588589E+03 0.0000E+00      0 0.0000E+00       0      0      0      0     9742     648     145     331    1524     4091    6765       0
 142   1  0.301213E+07 0.606122E+03 0.8879E+01      0 0.0000E+00       0      0      0      0     9632     589     142     302    1521     4144    6696       0
 143   1  0.301729E+07 0.601310E+03 0.1872E+02      0 0.0000E+00       0      0      0      0     9575     624     153     311    1661     4197    6769       0
 144   1  0.302209E+07 0.590134E+03 0.1171E+02      0 0.0000E+00       0      0      0      0     9714     591     157     344    1620     4098    6754       0
 145   1  0.302385E+07 0.618161E+03 0.3751E+01      0 0.0000E+00       0      0      0      0     9724     560     152     311    1599     4276    6735       0
 146   1  0.302551E+07 0.607356E+03 0.2437E+02      0 0.0000E+00       0      0      0      0     9420     665     161     294    1611     4272    6726       0
 147   1  0.303222E+07 0.620443E+03 0.1164E+02      0 0.0000E+00       0      0      0      0     9913     651     148     323    1587     4267    7025       0
 148   1  0.303532E+07 0.610562E+03 0.5906E+01      0 0.0000E+00       0      0      0      0     9831     594     134     299    1526     4233    6731       0
 149   1  0.303949E+07 0.630914E+03 0.1250E+02      0 0.0000E+00       0      0      0      0     9854     553     165     311    1548     4418    6673       0
 150   1  0.304473E+07 0.608113E+03 0.2567E+02      0 0.0000E+00       0      0      0      0    10079     593     162     307    1603     4235    6855       0
 151   1  0.304977E+07 0.606771E+03 0.2130E+02      0 0.0000E+00       0      0      0      0     9931     647     135     291    1682     4357    6861       0
 152   1  0.305367E+07 0.610702E+03 0.1492E+02      0 0.0000E+00       0      0      0      0     9936     576     161     292    1536     4319    6797       0
 153   1  0.306255E+07 0.622931E+03 0.1441E+02      0 0.0000E+00       0      0      0      0     9849     578     135     315    1581     4545    6722       0
 154   1  0.307231E+07 0.639568E+03 0.2057E+02      0 0.0000E+00       0      0      0      0     9716     602     154     307    1543     4355    6711       0
 155   1  0.308430E+07 0.631040E+03 0.0000E+00      0 0.0000E+00       0      0      0      0     9892     652     160     290    1485     4492    6692       0
 156   1  0.309858E+07 0.649260E+03 0.1547E+02      0 0.0000E+00       0      0      0      0     9894     590     141     357    1635     4613    6876       0
 157   1  0.310883E+07 0.642253E+03 0.6625E+01      0 0.0000E+00       0      0      0      0    10004     585     148     286    1543     4510    6680       0
 158   1  0.311641E+07 0.670136E+03 0.1136E+02      0 0.0000E+00       0      0      0      0     9842     664     158     299    1488     4696    6895       0
 159   1  0.312410E+07 0.646683E+03 0.4025E+01      0 0.0000E+00       0      0      0      0     9894     594     145     314    1588     4625    6799       0
 160   1  0.312791E+07 0.653030E+03 0.2031E+02      0 0.0000E+00       0      0      0      0     9855     585     127     324    1450     4610    6619       0
 161   1  0.313755E+07 0.653727E+03 0.2374E+02      0 0.0000E+00       0      0      0      0    10143     632     134     304    1535     4601    6889       0
 162   1  0.314503E+07 0.671954E+03 0.4034E+02      0 0.0000E+00       0      0      0      0     9949     602     140     298    1568     4722    6816       0
 163   1  0.315095E+07 0.652288E+03 0.2567E+02      0 0.0000E+00       0      0      0      0    10028     628     123     316    1569     4723    6859       0
 164   1  0.315726E+07 0.663601E+03 0.0000E+00      0 0.0000E+00       0      0      0      0    10200     583     159     325    1564     4825    6730       0
 165   1  0.315911E+07 0.665967E+03 0.2111E+02      0 0.0000E+00       0      0      0      0    10080     607     140     287    1472     4743    6711       0
 166   1  0.316710E+07 0.666916E+03 0.3929E+01      0 0.0000E+00       0      0      0      0     9828     602     161     325    1580     4779    6707       0
 167   1  0.317420E+07 0.673965E+03 0.1568E+02      0 0.0000E+00       0      0      0      0    10125     599     135     326    1547     4749    6751       0
 168   1  0.318022E+07 0.674822E+03 0.1746E+02      0 0.0000E+00       0      0      0      0     9990     622     138     298    1611     4997    6756       0
 169   1  0.318526E+07 0.674844E+03 0.6678E+01      0 0.0000E+00       0      0      0      0     9986     553     178     300    1547     4978    6708       0
 170   1  0.319242E+07 0.703843E+03 0.9595E+01      0 0.0000E+00       0      0      0      0    10187     568     121     308    1526     4966    6824       0
 171   1  0.319912E+07 0.682072E+03 0.0000E+00      0 0.0000E+00       0      0      0      0    10095     560     134     306    1497     4968    6691       0
 172   1  0.320448E+07 0.703150E+03 0.1308E+02      0 0.0000E+00       0      0      0      0    10198     577     125     283    1560     5121    6634       0
 173   1  0.321132E+07 0.692938E+03 0.2453E+02      0 0.0000E+00       0      0      0      0    10136     601     145     317    1585     5155    6824       0
 174   1  0.322031E+07 0.698626E+03 0.6431E+01      0 0.0000E+00       0      0      0      0    10077     576     153     304    1565     5021    6840       0
 175   1  0.322634E+07 0.703068E+03 0.6949E+01      0 0.0000E+00       0      0      0      0    10171     549     159     320    1502     5169    6753       0
 176   1  0.323421E+07 0.709409E+03 0.1158E+02      0 0.0000E+00       0      0      0      0    10054     647     147     283    1504     5198    6727       0
 177   1  0.324384E+07 0.732083E+03 0.6771E+01      0 0.0000E+00       0      0      0      0    10421     599     139     287    1573     5320    6750       0
 178   1  0.324907E+07 0.735284E+03 0.3261E+02      0 0.0000E+00       0      0      0      0    10241     569     123     309    1532     5430    6700       0
 179   1  0.325659E+07 0.742094E+03 0.3767E+01      0 0.0000E+00       0      0      0      0    10207     601     137     303    1566     5319    6841       0
 180   1  0.326235E+07 0.735562E+03 0.1331E+02      0 0.0000E+00       0      0      0      0    10348     614     150     265    1495     5384    6903       0
 181   1  0.327063E+07 0.728270E+03 0.3712E+01      0 0.0000E+00       0      0      0      0    10427     573     145     297    1548     5334    6787       0
 182   1  0.327674E+07 0.741907E+03 0.7907E+01      0 0.0000E+00       0      0      0      0    10312     559     146     290    1533     5471    6598       0
 183   1  0.328403E+07 0.741029E+03 0.2035E-01      0 0.0000E+00       0      0      0      0    10118     581     141     283    1574     5469    6713       0
 184   1  0.329273E+07 0.733747E+03 0.1938E+02      0 0.0000E+00       0      0      0      0    10317     584     155     271    1588     5443    6656       0
 185   1  0.330077E+07 0.753532E+03 0.6964E+01      0 0.0000E+00       0      0      0      0    10397     579     153     318    1556     5515    6678       0
 186   1  0.330986E+07 0.747636E+03 0.7311E+01      0 0.0000E+00       0      0      0      0    10628     569     139     300    1503     5419    6701       0
 187   1  0.331475E+07 0.778256E+03 0.3034E+02      0 0.0000E+00       0      0      0      0    10306     551     127     303    1492     5687    6701       0
 188   1  0.332477E+07 0.747004E+03 0.5639E+01      0 0.0000E+00       0      0      0      0    10486     579     144     323    1619     5605    6744       0
 189   1  0.333150E+07 0.765443E+03 0.2468E+02      0 0.0000E+00       0      0      0      0    10514     549     152     274    1541     5658    6889       0
 190   1  0.333691E+07 0.781036E+03 0.1189E+02      0 0.0000E+00       0      0      0      0    10340     570     144     275    1455     5664    6565       0
 191   1  0.334672E+07 0.772210E+03 0.7292E+01      0 0.0000E+00       0      0      0      0    10272     593     143     288    1553     5696    6845       0
 192   1  0.335768E+07 0.810342E+03 0.3385E+02      0 0.0000E+00       0      0      0      0    10425     574     124     289    1527     5844    6776       0
 193   1  0.336727E+07 0.820355E+03 0.2252E+02      0 0.0000E+00       0      0      0      0    10608     562     101     328    1490     6029    6824       0
 194   1  0.337578E+07 0.791955E+03 0.7690E+01      0 0.0000E+00       0      0      0      0    10617     543     131     336    1530     5831    6850       0
 195   1  0.338181E+07 0.794581E+03 0.1059E+02      0 0.0000E+00       0      0      0      0    10461     583     118     286    1441     5923    6614       0
 196   1  0.339190E+07 0.790549E+03 0.2269E+02      0 0.0000E+00       0      0      0      0    10557     542     124     268    1513     5887    6671       0
 197   1  0.339925E+07 0.809854E+03 0.3275E+01      0 0.0000E+00       0      0      0      0    10522     576     116     273    1558     6120    6676       0
 198   1  0.340906E+07 0.830358E+03 0.2166E+02      0 0.0000E+00       0      0      0      0    10625     556     134     296    1488     6158    6800       0
 199   1  0.341824E+07 0.848829E+03 0.0000E+00      0 0.0000E+00       0      0      0      0    10750     545     143     273    1522     6254    6785       0
 200   1  0.342521E+07 0.851431E+03 0.3508E+01      0 0.0000E+00       0      0      0      0    10602     553     106     282    1544     6170    6690       0
 201   1  0.343511E+07 0.830212E+03 0.1557E+02      0 0.0000E+00       0      0      0      0    10728     543     130     286    1522     6108    6776       0
 202   1  0.344359E+07 0.848700E+03 0.5965E+01      0 0.0000E+00       0      0      0      0    10789     568     141     264    1563     6371    6679       0
 203   1  0.345419E+07 0.835859E+03 0.8731E+01      0 0.0000E+00       0      0      0      0    10788     586     140     303    1569     6308    6827       0
 204   1  0.346231E+07 0.852571E+03 0.4047E+02      0 0.0000E+00       0      0      0      0    10727     633     132     287    1450     6490    6756       0
 205   1  0.347260E+07 0.856845E+03 0.2052E+02      0 0.0000E+00       0      0      0      0    10755     531     122     245    1592     6481    6752       0
 206   1  0.348459E+07 0.876221E+03 0.2227E+02      0 0.0000E+00       0      0      0      0    10814     559     122     313    1522     6509    6727       0
 207   1  0.349873E+07 0.868378E+03 0.0000E+00      0 0.0000E+00       0      0      0      0    10780     568     117     276    1583     6393    6857       0
 208   1  0.351226E+07 0.873189E+03 0.1279E+02      0 0.0000E+00       0      0      0      0    10901     545     118     256    1436     6525    6672       0
 209   1  0.353028E+07 0.847099E+03 0.1808E+02      0 0.0000E+00       0      0      0      0    10856     559     137     306    1670     6616    6783       0
 210   1  0.354382E+07 0.883724E+03 0.1543E+02      0 0.0000E+00       0      0      0      0    10978     531     115     275    1533     6789    6643       0
 211   1  0.355870E+07 0.897831E+03 0.1035E+02      0 0.0000E+00       0      0      0      0    10933     588     113     262    1547     6769    7040       0
 212   1  0.357427E+07 0.942141E+03 0.1516E+02      0 0.0000E+00       0      0      0      0    10979     508     133     283    1580     6832    6817       0
 213   1  0.358864E+07 0.874079E+03 0.3981E+01      0 0.0000E+00       0      0      0      0    11171     593     130     274    1555     6828    6834       0
 214   1  0.360298E+07 0.897617E+03 0.1064E+02      0 0.0000E+00       0      0      0      0    11126     523     138     302    1533     6807    6804       0
 215   1  0.361539E+07 0.938283E+03 0.3531E+02      0 0.0000E+00       0      0      0      0    11099     552     107     263    1564     7165    6750       0
 216   1  0.363104E+07 0.955745E+03 0.1489E+02      0 0.0000E+00       0      0      0      0    11124     528     130     267    1529     7151    6914       0
 217   1  0.364561E+07 0.927387E+03 0.2957E+02      0 0.0000E+00       0      0      0      0    11110     578     112     308    1542     7124    6807       0
 218   1  0.366160E+07 0.938740E+03 0.0000E+00      0 0.0000E+00       0      0      0      0    11108     578     117     263    1554     7236    6822       0
 219   1  0.367822E+07 0.959547E+03 0.8730E+01      0 0.0000E+00       0      0      0      0    11291     581     124     278    1595     7291    7018       0
 220   1  0.369787E+07 0.971929E+03 0.2101E+02      0 0.0000E+00       0      0      0      0    11065     500     131     308    1703     7403    6907       0
 221   1  0.371535E+07 0.983556E+03 0.2888E+02      0 0.0000E+00       0      0      0      0    11468     553     130     259    1605     7424    7028       0
 222   1  0.373178E+07 0.983843E+03 0.0000E+00      0 0.0000E+00       0      0      0      0    11373     607     135     266    1638     7493    7007       0
 223   1  0.374750E+07 0.100360E+04 0.1055E+02      0 0.0000E+00       0      0      0      0    11260     535     135     252    1583     7683    6892       0
 224   1  0.376416E+07 0.102203E+04 0.9614E+01      0 0.0000E+00       0      0      0      0    11317     541     100     268    1493     7809    6983       0
 225   1  0.377904E+07 0.100441E+04 0.7393E+01      0 0.0000E+00       0      0      0      0    11345     549     124     284    1570     7802    6828       0
 226   1  0.379559E+07 0.102756E+04 0.1382E+02      0 0.0000E+00       0      0      0      0    11425     544     113     249    1515     7924    6860       0
 227   1  0.381046E+07 0.103989E+04 0.1787E+02      0 0.0000E+00       0      0      0      0    11366     551     124     282    1560     8081    6907       0
 228   1  0.382950E+07 0.103333E+04 0.1450E+02      0 0.0000E+00       0      0      0      0    11348     559     121     249    1483     8084    6852       0
 229   1  0.385420E+07 0.106573E+04 0.2699E+01      0 0.0000E+00       0      0      0      0    11564     579     129     277    1649     8273    7068       0
 230   1  0.387367E+07 0.106100E+04 0.2929E+01      0 0.0000E+00       0      0      0      0    11516     551     101     251    1476     8216    6935       0
 231   1  0.389797E+07 0.110457E+04 0.1788E+02      0 0.0000E+00       0      0      0      0    11650     513      97     253    1638     8514    6983       0
 232   1  0.392231E+07 0.111281E+04 0.8876E+01      0 0.0000E+00       0      0      0      0    11605     538     122     263    1540     8480    7128       0
 233   1  0.394740E+07 0.110918E+04 0.7786E+01      0 0.0000E+00       0      0      0      0    11423     527      96     261    1519     8727    6805       0
 234   1  0.397341E+07 0.114412E+04 0.7645E+01      0 0.0000E+00       0      0      0      0    11555     529     117     261    1554     8994    6930       0
 235   1  0.399938E+07 0.113292E+04 0.4611E+01      0 0.0000E+00       0      0      0      0    11554     520     101     233    1521     8795    6840       0
 236   1  0.403133E+07 0.114209E+04 0.6887E+01      0 0.0000E+00       0      0      0      0    11718     543     105     272    1635     8939    7065       0
 237   1  0.405970E+07 0.116504E+04 0.3528E+02      0 0.0000E+00       0      0      0      0    11772     538     100     290    1616     9132    6929       0
 238   1  0.409035E+07 0.117268E+04 0.6429E+01      0 0.0000E+00       0      0      0      0    11615     552     121     265    1562     9030    7062       0
 239   1  0.412307E+07 0.120266E+04 0.1845E+02      0 0.0000E+00       0      0      0      0    11691     523      89     209    1524     9264    7063       0
 240   1  0.415943E+07 0.118735E+04 0.2832E+02      0 0.0000E+00       0      0      0      0    11740     508     129     247    1613     9238    7108       0
 241   1  0.419428E+07 0.118539E+04 0.9590E+01      0 0.0000E+00       0      0      0      0    11933     541     116     231    1606     9255    7131       0
 242   1  0.423106E+07 0.119651E+04 0.1758E+02      0 0.0000E+00       0      0      0      0    11836     547     106     242    1513     9457    7070       0
 243   1  0.427156E+07 0.125169E+04 0.1235E+02      0 0.0000E+00       0      0      0      0    11709     579      90     243    1600     9712    7290       0
 244   1  0.431391E+07 0.121733E+04 0.3483E+02      0 0.0000E+00       0      0      0      0    12105     508     107     249    1621     9692    7184       0
 245   1  0.435853E+07 0.124935E+04 0.1306E+02      0 0.0000E+00       0      0      0      0    12209     571     114     245    1689     9795    7320       0
 246   1  0.439908E+07 0.126519E+04 0.2028E+02      0 0.0000E+00       0      0      0      0    12045     512      99     246    1651     9945    7267       0
 247   1  0.444943E+07 0.127208E+04 0.0000E+00      0 0.0000E+00       0      0      0      0    12040     504     110     236    1633    10035    7404       0
 248   1  0.450019E+07 0.128363E+04 0.1283E+02      0 0.0000E+00       0      0      0      0    12299     561     110     239    1653    10126    7556       0
 249   1  0.455165E+07 0.130382E+04 0.9880E+01      0 0.0000E+00       0      0      0      0    12322     568     100     217    1523    10243    7437       0
 250   1  0.460859E+07 0.134068E+04 0.2413E+02      0 0.0000E+00       0      0      0      0    12514     569     122     276    1655    10445    7645       0
 251   1  0.466789E+07 0.132853E+04 0.1846E+02      0 0.0000E+00       0      0      0      0    12693     562     104     235    1701    10348    7695       0
 252   1  0.472959E+07 0.134876E+04 0.4104E+02      0 0.0000E+00       0      0      0      0    12692     541     106     252    1620    10466    7570       0
 253   1  0.479615E+07 0.139428E+04 0.1804E+02      0 0.0000E+00       0      0      0      0    12819     559      90     234    1599    10850    7831       0
 254   1  0.486679E+07 0.139838E+04 0.1941E+02      0 0.0000E+00       0      0      0      0    12920     508     116     239    1718    10881    7994       0
 255   1  0.494291E+07 0.141406E+04 0.2061E+01      0 0.0000E+00       0      0      0      0    13021     595      95     259    1653    11116    7883       0
 256   1  0.502190E+07 0.143945E+04 0.1824E+02      0 0.0000E+00       0      0      0      0    12940     570     123     264    1735    11257    8012       0
 257   1  0.510582E+07 0.150214E+04 0.4163E+02      0 0.0000E+00       0      0      0      0    13063     611      91     213    1684    11577    8038       0
 258   1  0.520059E+07 0.146946E+04 0.3266E+02      0 0.0000E+00       0      0      0      0    13111     546      97     246    1752    11677    7997       0
 259   1  0.529970E+07 0.151261E+04 0.2511E+02      0 0.0000E+00       0      0      0      0    13714     537      96     216    1716    11916    8224       0
 260   1  0.540979E+07 0.156665E+04 0.1202E+02      0 0.0000E+00       0      0      0      0    13953     580     109     239    1783    12197    8522       0
 261   1  0.552531E+07 0.158294E+04 0.2642E+02      0 0.0000E+00       0      0      0      0    14200     588     120     194    1646    12331    8488       0
 262   1  0.565440E+07 0.158069E+04 0.1140E+02      0 0.0000E+00       0      0      0      0    14519     571      91     230    1792    12591    8570       0
 263   1  0.579941E+07 0.160363E+04 0.1752E+02      0 0.0000E+00       0      0      0      0    15214     617     117     211    1855    12699    8785       0
 264   1  0.595822E+07 0.165159E+04 0.2473E+02      0 0.0000E+00       0      0      0      0    15849     590     127     247    1858    12882    9100       0
 265   1  0.613696E+07 0.167855E+04 0.0000E+00      0 0.0000E+00       0      0      0      0    16824     603     109     269    1961    13123    9444       0
 266   1  0.633557E+07 0.168364E+04 0.3610E+02      0 0.0000E+00       0      0      0      0    18004     580     106     208    2049    13140    9535       0
 267   1  0.656403E+07 0.170105E+04 0.1374E+02      0 0.0000E+00       0      0      0      0    19756     644     104     223    1914    13415    9699       0
 268   1  0.682851E+07 0.168225E+04 0.2754E+01      0 0.0000E+00       0      0      0      0    22324     625     110     169    2015    13406   10109       0
 269   1  0.713105E+07 0.174441E+04 0.6971E+01      0 0.0000E+00       0      0      0      0    25850     576     102     200    1958    13617   10255       0
 270   1  0.749253E+07 0.173869E+04 0.1394E+02      0 0.0000E+00       0      0      0      0    32201     594      95     165    2173    13594   10943       0
 271   1  0.792216E+07 0.175667E+04 0.3366E+02      0 0.0000E+00       0      0      0      0    42911     665      96     173    2075    13768   11659       0
 272   1  0.842447E+07 0.176059E+04 0.4594E+02      0 0.0000E+00       0      0      0      0    61305     623      90     139    1975    13534   12710       0
 273   1  0.900144E+07 0.169536E+04 0.4482E+02      0 0.0000E+00       0      0      0      0    92142     583      68     146    1878    13216   14057       0
 274   1  0.961139E+07 0.163529E+04 0.1288E+03      0 0.0000E+00       0      0      0      0   140049     565      66     106    1823    12725   16147       0
 275   1  0.101622E+08 0.150992E+04 0.9281E+02      0 0.0000E+00       0      0      0      0   208150     532      38      67    1620    11823   18712       0
 276   1  0.105129E+08 0.136611E+04 0.9494E+02      0 0.0000E+00       0      0      0      0   294856     410      44      33    1352    10664   21510       0
 277   1  0.104775E+08 0.117481E+04 0.1241E+03      0 0.0000E+00       0      0      0      0   384472     366      17      38    1039     9298   23900       0
 278   1  0.990841E+07 0.934031E+03 0.8549E+02      0 0.0000E+00       0      0      0      0   460225     248      36      25     883     7409   25485       0
 279   1  0.874117E+07 0.754804E+03 0.1200E+03      0 0.0000E+00       0      0      0      0   495407     179      20      16     596     5899   24891       0
 280   1  0.711948E+07 0.556280E+03 0.8652E+02      0 0.0000E+00       0      0      0      0   476639     129      15      12     428     4283   22043       0
 281   1  0.527904E+07 0.365329E+03 0.3697E+02      0 0.0000E+00       0      0      0      0   408950     102      13      13     311     2907   17753       0
 282   1  0.353871E+07 0.258983E+03 0.4814E+02      0 0.0000E+00       0      0      0      0   309738      69      19       7     253     2003   12920       0
 283   1  0.212605E+07 0.192538E+03 0.3043E+02      0 0.0000E+00       0      0      0      0   208276      62      14       7     194     1450    8770       0
 284   1  0.113622E+07 0.144146E+03 0.0000E+00      0 0.0000E+00       0      0      0      0   121630      54       9       7     162     1068    5247       0
 285   1  0.545498E+06 0.117897E+03 0.0000E+00      0 0.0000E+00       0      0      0      0    62850      50      15      12     154      838    3012       0
 286   1  0.234908E+06 0.102101E+03 0.1085E+02      0 0.0000E+00       0      0      0      0    28476      32      15      13     139      773    1837       0
 287   1  0.954604E+05 0.104845E+03 0.1160E+02      0 0.0000E+00       0      0      0      0    11284      38      11       6     124      772    1249       0
 288   1  0.432013E+05 0.997383E+02 0.1108E+00      0 0.0000E+00       0      0      0      0     4247      51       8       4     178      714    1056       0
 289   1  0.249268E+05 0.986396E+02 0.0000E+00      0 0.0000E+00       0      0      0      0     1742      48      16       7     148      723     957       0
 290   1  0.202238E+05 0.958076E+02 0.0000E+00      0 0.0000E+00       0      0      0      0      902      44      19       7     119      729    1023       0
 291   1  0.190578E+05 0.924688E+02 0.0000E+00      0 0.0000E+00       0      0      0      0      811      50       8       9     138      692     911       0
 292   1  0.194015E+05 0.983320E+02 0.1208E+02      0 0.0000E+00       0      0      0      0      740      51      21       7     148      741     977       0
 293   1  0.186439E+05 0.102761E+03 0.0000E+00      0 0.0000E+00       0      0      0      0      737      46      18      13     137      701     927       0
 294   1  0.181353E+05 0.846719E+02 0.0000E+00      0 0.0000E+00       0      0      0      0      708      45      14       8     126      672     871       0
 295   1  0.177650E+05 0.967910E+02 0.0000E+00      0 0.0000E+00       0      0      0      0      653      42      11       8     130      686     883       0
 296   1  0.179335E+05 0.829004E+02 0.0000E+00      0 0.0000E+00       0      0      0      0      736      34      20       7     127      672     851       0
 297   1  0.177837E+05 0.968057E+02 0.0000E+00      0 0.0000E+00       0      0      0      0      670      44      14      11     149      720     932       0
 298   1  0.175642E+05 0.791855E+02 0.5324E+01      0 0.0000E+00       0      0      0      0      677      39      13      12     131      622     904       0
 299   1  0.172225E+05 0.888896E+02 0.6752E+01      0 0.0000E+00       0      0      0      0      679      33      13       6     121      684     852       0
 300   1  0.172188E+05 0.884326E+02 0.0000E+00      0 0.0000E+00       0      0      0      0      684      43      16       4     107      682     898       0
 301   0  0.000000E+00 0.000000E+00 0.0000E+00      0 0.0000E+00       0      0      0      0        0       0       0       0       0        0       0       0
  SUMM:   0.981197E+09 0.205601E+06 0.4498E+04     27 0.3015E+03       0      0      0      0  6415522  167948   39242   82321  439151  1487460 2090346       0
 ZONE  MED     C10     C11     N12     N13     O13     O14     O15     F17     F18
    1    1     168     414       0     174       0      48     928       0       0
    2    1     178     400       0     159       1      42     908       1       0
    3    1     180     405       0     179       1      44     916       0       0
    4    1     172     410       0     165       0      45     963       0       0
    5    1     159     418       0     165       1      48     901       0       0
    6    1     164     402       0     178       1      45    1016       0       0
    7    1     152     420       0     175       4      31     953       1       0
    8    1     184     412       0     190       1      41     916       0       0
    9    1     166     404       0     165       2      46     929       1       0
   10    1     166     407       0     196       1      50     979       0       0
   11    1     180     402       0     167       0      54     958       0       0
   12    1     157     389       0     184       4      47     943       0       0
   13    1     165     413       0     169       2      39     899       0       0
   14    1     165     431       0     189       3      45     937       0       0
   15    1     152     417       0     173       0      56     955       0       0
   16    1     154     368       0     181       4      61     918       0       0
   17    1     175     387       0     157       2      45    1009       0       1
   18    1     165     433       0     179       3      50    1037       0       0
   19    1     157     411       0     202       2      36     971       1       1
   20    1     181     424       0     165       3      31     970       0       0
   21    1     185     403       1     185       2      64     957       0       0
   22    1     169     418       0     177       4      52     924       0       0
   23    1     185     432       0     175       1      45     943       0       0
   24    1     169     419       0     181       2      51     988       0       0
   25    1     158     414       0     155       2      47     974       1       0
   26    1     167     405       0     163       1      50     972       1       0
   27    1     172     421       0     179       5      56     927       0       0
   28    1     153     413       0     159       0      49     965       1       0
   29    1     140     424       0     152       2      65     952       0       0
   30    1     163     429       0     176       0      51     920       0       0
   31    1     165     405       0     182       0      54     900       0       0
   32    1     185     415       0     184       0      40     922       1       0
   33    1     172     352       0     177       5      41     966       0       0
   34    1     161     380       0     177       5      43     942       0       0
   35    1     195     445       0     171       0      46    1000       0       0
   36    1     158     424       0     181       0      59     878       1       0
   37    1     166     427       0     169       0      56    1009       1       0
   38    1     151     416       0     151       2      49    1014       0       0
   39    1     150     437       0     150       4      56    1008       0       0
   40    1     177     370       0     184       1      76    1031       1       0
   41    1     180     408       0     197       0      61    1024       0       0
   42    1     170     411       0     176       1      52    1025       0       0
   43    1     157     381       0     195       0      50     987       0       0
   44    1     171     418       0     162       1      40     982       0       0
   45    1     168     402       0     180       2      48     953       0       0
   46    1     156     414       0     158       0      57     947       0       0
   47    1     179     418       0     180       1      50    1013       0       0
   48    1     141     465       0     181       1      39    1001       0       0
   49    1     173     397       0     174       1      51    1035       1       0
   50    1     177     438       0     179       2      41     923       0       1
   51    1     169     441       0     182       2      50    1005       1       0
   52    1     166     427       0     162       1      58    1036       0       0
   53    1     158     418       0     162       3      48     968       2       1
   54    1     154     417       0     193       0      52    1013       0       0
   55    1     156     424       0     173       2      67     979       0       0
   56    1     171     427       0     191       0      58    1001       0       0
   57    1     180     411       0     183       0      60    1001       0       0
   58    1     171     412       0     186       3      52    1120       0       0
   59    1     161     453       0     192       1      53     995       1       0
   60    1     169     434       0     168       2      52     966       0       0
   61    1     161     404       0     173       2      47     999       0       0
   62    1     161     447       0     206       2      60    1026       0       0
   63    1     174     421       0     169       1      54    1018       0       1
   64    1     157     395       0     156       2      48     995       0       0
   65    1     193     400       0     210       1      63    1034       0       0
   66    1     147     409       0     181       0      60    1034       0       0
   67    1     154     427       0     184       3      51    1066       0       0
   68    1     197     419       0     164       1      61    1040       0       0
   69    1     182     415       0     158       1      48    1007       0       0
   70    1     168     431       0     178       2      49     995       0       0
   71    1     165     402       0     177       2      57    1000       0       0
   72    1     150     393       0     180       1      51    1029       0       0
   73    1     164     425       0     180       1      55    1011       0       0
   74    1     149     401       0     169       3      47    1028       0       0
   75    1     172     412       0     193       1      48     971       0       0
   76    1     168     428       0     190       2      56    1020       0       0
   77    1     168     409       0     184       0      49    1055       1       0
   78    1     154     420       0     177       0      48    1062       1       0
   79    1     170     418       0     180       2      56    1012       0       0
   80    1     165     438       0     176       0      58     987       0       0
   81    1     135     445       0     182       0      58     981       0       0
   82    1     152     424       0     184       1      57    1075       2       0
   83    1     169     433       0     178       0      67    1019       0       0
   84    1     161     432       0     175       2      53    1037       0       0
   85    1     154     446       0     178       5      38     983       0       0
   86    1     188     446       0     175       1      52    1018       1       0
   87    1     143     403       0     187       2      53    1025       0       2
   88    1     181     427       0     183       3      58     997       0       0
   89    1     150     413       0     185       2      47    1011       0       0
   90    1     167     404       0     173       4      44     988       0       0
   91    1     168     435       0     163       1      46    1029       0       0
   92    1     186     443       0     193       4      47     987       0       0
   93    1     167     408       0     154       2      45     993       0       0
   94    1     127     437       0     163       3      47    1007       0       0
   95    1     137     434       0     184       3      38     934       0       0
   96    1     162     434       0     213       1      43    1056       0       0
   97    1     165     388       1     179       2      47     943       0       0
   98    1     168     458       0     186       4      61    1004       0       0
   99    1     148     444       0     163       1      48    1040       0       0
  100    1     180     370       0     174       0      40    1012       0       0
  101    1     164     422       0     174       1      57     990       0       1
  102    1     162     413       0     179       4      57    1021       0       0
  103    1     142     441       0     173       0      56     959       0       0
  104    1     138     403       0     198       1      51    1014       0       0
  105    1     154     439       0     188       1      43    1052       0       0
  106    1     175     417       1     199       2      52    1011       0       0
  107    1     167     389       0     170       0      54    1063       0       0
  108    1     169     397       0     170       0      35     998       0       0
  109    1     149     427       0     194       4      44     985       0       1
  110    1     181     385       0     185       3      37    1017       0       1
  111    1     161     374       0     179       1      54    1054       0       0
  112    1     166     431       0     194       0      57    1004       1       1
  113    1     155     442       0     177       3      56     994       1       0
  114    1     160     374       0     172       0      64    1015       0       0
  115    1     172     400       0     173       3      44    1061       0       0
  116    1     141     414       0     176       0      76     986       0       0
  117    1     145     422       0     156       1      58    1032       1       0
  118    1     160     398       0     190       2      52    1041       0       0
  119    1     148     444       0     175       2      69    1030       1       0
  120    1     160     389       0     185       0      40     962       0       0
  121    1     146     417       0     152       3      45    1036       0       0
  122    1     156     410       0     174       3      49    1005       0       0
  123    1     189     400       0     199       1      57     994       0       0
  124    1     182     429       0     188       2      48    1026       0       0
  125    1     162     412       0     192       1      50    1037       0       0
  126    1     144     419       0     152       1      41    1051       0       0
  127    1     180     411       0     184       6      54     975       0       0
  128    1     162     402       0     164       2      51     980       0       0
  129    1     160     418       0     162       0      53    1000       2       0
  130    1     145     405       0     176       2      28     983       0       1
  131    1     150     420       0     197       0      50     989       1       1
  132    1     142     418       0     197       1      54    1018       1       1
  133    1     183     410       0     190       0      42    1035       0       0
  134    1     139     419       0     186       2      53    1077       2       0
  135    1     159     424       0     200       3      42    1098       0       1
  136    1     140     384       0     184       1      53     980       0       0
  137    1     136     410       0     168       0      49     961       1       0
  138    1     151     381       0     166       0      48     937       0       1
  139    1     148     405       0     175       2      42    1060       1       0
  140    1     138     394       0     174       2      44    1070       0       0
  141    1     151     393       0     182       1      62     998       0       0
  142    1     163     396       0     167       4      50    1007       1       0
  143    1     142     422       1     195       0      40    1019       0       0
  144    1     177     429       0     173       1      53     966       0       0
  145    1     152     425       0     151       1      51    1019       0       0
  146    1     154     411       0     175       2      43     962       0       0
  147    1     167     411       0     171       2      62    1111       1       0
  148    1     159     436       0     179       4      61    1031       1       1
  149    1     151     404       0     177       1      49     973       0       0
  150    1     165     439       0     182       2      60    1008       0       0
  151    1     158     440       0     152       0      55    1014       1       0
  152    1     144     405       0     178       0      39    1004       0       0
  153    1     153     393       0     194       2      55     998       0       1
  154    1     161     420       0     195       0      54    1012       0       0
  155    1     144     411       0     185       4      52     997       0       0
  156    1     157     439       0     174       3      46     969       0       0
  157    1     149     435       0     182       2      55    1022       0       0
  158    1     174     435       0     163       0      60    1044       0       0
  159    1     157     420       0     197       0      64    1028       0       0
  160    1     162     392       0     194       0      52    1021       0       0
  161    1     165     414       0     172       0      42    1026       0       1
  162    1     149     414       0     191       1      46    1006       0       0
  163    1     163     406       0     184       4      52    1032       0       0
  164    1     138     429       0     197       1      49     943       0       0
  165    1     157     375       0     178       2      55    1127       0       0
  166    1     156     409       0     176       0      43    1046       0       0
  167    1     159     417       0     168       1      53    1009       1       0
  168    1     151     385       0     159       2      49     992       0       0
  169    1     164     417       0     168       1      51    1014       0       0
  170    1     144     390       0     179       2      59    1017       0       0
  171    1     158     408       0     160       4      51     992       1       0
  172    1     154     387       0     195       3      45    1001       0       1
  173    1     131     409       0     201       0      49    1014       0       0
  174    1     156     386       0     158       2      56    1038       0       0
  175    1     153     417       0     170       3      57    1050       0       0
  176    1     158     359       0     163       2      67     967       1       0
  177    1     133     413       0     164       1      32    1002       1       0
  178    1     130     416       0     173       1      45    1034       0       0
  179    1     183     401       0     183       3      48    1070       0       0
  180    1     149     404       0     187       1      51    1044       1       0
  181    1     157     426       0     202       5      48     977       0       0
  182    1     136     374       0     179       1      48     982       1       0
  183    1     152     427       0     198       2      38    1046       0       1
  184    1     158     367       0     143       1      52    1029       1       0
  185    1     154     371       0     185       1      50     989       0       0
  186    1     134     394       0     167       1      46    1021       0       0
  187    1     164     408       0     174       1      54    1040       0       0
  188    1     167     407       0     203       1      53    1022       0       0
  189    1     161     401       0     154       2      53    1053       0       0
  190    1     141     377       0     184       3      42     968       0       0
  191    1     155     398       0     189       2      55    1063       0       1
  192    1     159     394       0     187       2      47    1031       0       1
  193    1     149     395       0     180       0      48    1084       0       1
  194    1     126     430       0     190       3      45    1031       0       0
  195    1     145     406       0     175       3      57     999       0       0
  196    1     157     390       0     175       1      58    1029       1       0
  197    1     147     381       0     170       2      53     978       0       0
  198    1     133     373       0     180       3      36    1045       0       0
  199    1     147     382       0     202       2      54    1041       0       0
  200    1     141     421       0     195       0      55    1022       0       0
  201    1     130     404       0     181       1      55    1069       0       0
  202    1     156     372       0     157       1      55    1049       0       0
  203    1     133     404       0     165       1      55    1033       0       0
  204    1     141     359       0     182       0      33     999       0       2
  205    1     135     386       0     178       3      52    1082       0       1
  206    1     141     398       0     171       2      41    1027       0       1
  207    1     167     349       0     170       0      48    1079       0       0
  208    1     143     356       0     215       3      47    1035       0       0
  209    1     131     360       0     170       3      63     988       0       0
  210    1     133     371       0     187       1      47     977       0       0
  211    1     117     403       0     215       2      52    1096       0       1
  212    1     145     394       0     188       1      58    1040       0       0
  213    1     146     355       0     169       4      57    1053       0       0
  214    1     144     405       0     179       1      54    1059       0       0
  215    1     116     403       0     159       1      54    1039       0       1
  216    1     137     376       0     199       1      59    1116       1       0
  217    1     152     380       0     166       1      57    1110       0       0
  218    1     129     425       0     180       2      46    1026       0       0
  219    1     134     376       0     192       4      58    1107       0       0
  220    1     151     425       0     173       3      72    1073       0       0
  221    1     136     340       0     198       2      57    1088       0       0
  222    1     123     382       0     216       0      54    1088       0       0
  223    1     145     405       0     207       0      52    1078       0       0
  224    1     132     386       0     202       2      53    1093       0       0
  225    1     123     371       0     168       1      44    1014       0       0
  226    1     119     370       0     183       2      56    1024       0       0
  227    1     127     383       0     195       4      42    1030       0       0
  228    1     128     394       0     196       3      61    1012       0       0
  229    1     154     378       0     175       2      61    1098       0       2
  230    1     127     404       0     160       5      68    1090       1       0
  231    1     134     390       0     192       1      53    1073       0       2
  232    1     142     335       0     181       4      48    1127       1       0
  233    1     112     339       0     191       1      63    1060       1       0
  234    1     139     361       0     177       2      58    1082       0       1
  235    1     129     334       0     164       1      53    1102       0       0
  236    1     135     371       0     166       1      53    1110       0       0
  237    1     107     380       0     177       2      53    1080       0       0
  238    1     130     368       1     189       0      54    1090       2       0
  239    1     106     380       0     187       0      49    1079       0       0
  240    1     120     357       0     191       2      68    1100       0       0
  241    1     125     347       0     178       1      58    1129       1       0
  242    1     109     361       0     190       4      51    1136       0       0
  243    1     116     373       0     191       1      64    1211       0       0
  244    1     132     360       0     201       0      56    1102       0       0
  245    1     107     352       0     204       4      58    1211       0       2
  246    1     108     350       0     170       0      66    1151       0       0
  247    1     131     312       1     183       1      63    1179       0       0
  248    1     132     344       0     206       2      56    1245       0       0
  249    1     110     338       0     204       2      71    1241       0       1
  250    1     121     318       0     180       4      54    1312       0       1
  251    1     107     328       0     190       2      62    1270       1       0
  252    1     109     321       0     219       1      71    1273       0       0
  253    1     114     322       0     210       1      58    1330       0       0
  254    1     102     331       0     189       0      64    1346       0       0
  255    1     101     296       0     219       0      65    1362       0       0
  256    1     109     281       0     232       2      73    1422       0       0
  257    1     116     254       0     183       0      72    1471       0       0
  258    1      93     274       0     206       2      62    1427       0       0
  259    1      79     247       0     191       2      60    1449       0       0
  260    1      88     218       0     236       0      69    1513       0       1
  261    1      71     250       0     207       0      78    1606       0       0
  262    1      81     231       0     203       1      79    1575       0       0
  263    1      76     232       0     206       0      70    1574       1       0
  264    1      55     197       0     211       0      97    1670       0       1
  265    1      38     182       0     174       1      87    1735       1       0
  266    1      47     174       0     184       0      90    1721       0       0
  267    1      28     178       0     187       0      97    1781       0       1
  268    1      23     146       0     176       0      78    1921       0       0
  269    1      14     108       0     155       0      80    1856       1       0
  270    1       7      97       0     128       0      60    1912       1       0
  271    1       3      97       0     132       0      80    1912       3       0
  272    1       3      53       0      94       0      53    1908       2       0
  273    1       1      33       0      95       0      54    1775       1       2
  274    1       3      39       0      98       0      44    1606       2       2
  275    1       1      23       0      73       0      30    1426       0       3
  276    1       3      16       0      79       0      24    1112       1       3
  277    1       5       9       0      54       0      13     885       5       1
  278    1       2      14       0      67       0      14     637       2       1
  279    1       0      11       0      35       0       4     421       2       0
  280    1       0       8       0      33       0       1     279       3       2
  281    1       4       9       0      27       0       1     158       3       1
  282    1       1       9       0      14       0       2      82       1       0
  283    1       3      13       0       8       0       1      63       1       1
  284    1       2       9       0       6       0       0      65       0       0
  285    1       0       6       0       4       0       3      45       0       0
  286    1       0       8       0       6       0       1      33       0       0
  287    1       1       7       0       2       0       0      49       0       0
  288    1       2      11       0       3       0       1      36       0       0
  289    1       1      12       0       5       0       0      23       0       0
  290    1       1       5       0       1       0       0      41       0       0
  291    1       2       9       0       4       0       0      35       0       0
  292    1       3       8       0       4       0       1      44       0       0
  293    1       1       3       0       3       0       1      30       0       0
  294    1       2       4       0       1       0       0      32       0       0
  295    1       0      14       0       1       0       0      37       0       0
  296    1       3       7       0       5       0       2      34       0       0
  297    1       0       8       0       3       0       0      35       0       0
  298    1       2       9       0       1       0       1      40       0       0
  299    1       0       7       0       3       0       1      36       0       0
  300    1       0       5       0       6       0       0      41       0       0
  301    0       0       0       0       0       0       0       0       0       0
   SUM ==>   40037  106130       6   49573     422   14676  299004      83      58
