10000000
300
 ZONE MED   LOSS(MEV)      (MEV)    EXCITATION    PI0   (MEV)        PI+     K+    MU-    MU+     PROT    DEUT    TRIT     HE3    ALPH     ELSC    INEL    FISS
   1   1  0.449889E+07 0.647536E+03 0.2720E+02      1 0.1319E+01       0      0      0      0     4697     974     266     627    2672     3638   10964       0
   2   1  0.454709E+07 0.640256E+03 0.1139E+02      1 0.9760E+01       0      0      0      0     6176    1133     308     683    2692     3605   11161       0
   3   1  0.458327E+07 0.652259E+03 0.2654E+02      4 0.5114E+02       0      0      0      0     7094    1125     301     630    2853     3700   11160       0
   4   1  0.461507E+07 0.643210E+03 0.2042E+02      0 0.0000E+00       0      0      0      0     7833    1218     326     640    2800     3755   11532       0
   5   1  0.463870E+07 0.653780E+03 0.6369E+01      0 0.0000E+00       0      0      0      0     8412    1215     295     625    2738     3739   11295       0
   6   1  0.466325E+07 0.671230E+03 0.2529E+02      3 0.5272E+02       0      0      0      0     8753    1244     311     655    2786     3815   11543       0
   7   1  0.468109E+07 0.668495E+03 0.1297E+02      3 0.3172E+02       0      0      0      0     9013    1256     317     710    2817     3884   11551       0
   8   1  0.470281E+07 0.688221E+03 0.1518E+02      3 0.4410E+02       0      0      0      0     9266    1228     370     693    2882     4015   11556       0
   9   1  0.472036E+07 0.669646E+03 0.1344E+02      0 0.0000E+00       0      0      0      0     9575    1189     303     633    2808     3915   11662       0
  10   1  0.474266E+07 0.703984E+03 0.1214E+02      2 0.1237E+02       0      0      0      0    10009    1250     310     663    2822     4116   11761       0
  11   1  0.475818E+07 0.681510E+03 0.1222E+02      2 0.3263E+02       0      0      0      0    10139    1195     304     624    2906     4152   11802       0
  12   1  0.477188E+07 0.699494E+03 0.2680E+02      1 0.1244E+02       0      0      0      0    10473    1213     316     636    2887     4157   11862       0
  13   1  0.478844E+07 0.722914E+03 0.3014E+01      1 0.2805E+02       0      0      0      0    10599    1214     316     629    2907     4240   11870       0
  14   1  0.480780E+07 0.719033E+03 0.1458E+02      0 0.0000E+00       0      0      0      0    10860    1261     343     625    2880     4263   11811       0
  15   1  0.482212E+07 0.693261E+03 0.9065E+01      1 0.2513E+02       0      0      0      0    10974    1222     304     648    2879     4256   11956       0
  16   1  0.483399E+07 0.708507E+03 0.3150E+02      3 0.2978E+02       0      0      0      0    11245    1260     311     655    2859     4295   11939       0
  17   1  0.484718E+07 0.740602E+03 0.6768E+01      1 0.2163E+01       0      0      0      0    11310    1161     318     658    2832     4359   11863       0
  18   1  0.486413E+07 0.733568E+03 0.6200E+01      0 0.0000E+00       0      0      0      0    11525    1264     300     635    3082     4348   12184       0
  19   1  0.488078E+07 0.725639E+03 0.3679E+02      0 0.0000E+00       0      0      0      0    11666    1239     337     638    2972     4458   12161       0
  20   1  0.489349E+07 0.740147E+03 0.4842E+02      2 0.3272E+02       0      0      0      0    11912    1240     335     631    3028     4441   12117       0
  21   1  0.490786E+07 0.742889E+03 0.1668E+02      0 0.0000E+00       0      0      0      0    12240    1201     328     630    2872     4528   12140       0
  22   1  0.491967E+07 0.760292E+03 0.3835E+02      0 0.0000E+00       0      0      0      0    12173    1225     324     658    2966     4511   12277       0
  23   1  0.493096E+07 0.758647E+03 0.1625E+02      0 0.0000E+00       0      0      0      0    12318    1272     309     655    2920     4574   12172       0
  24   1  0.494271E+07 0.758669E+03 0.3220E+01      2 0.1461E+02       0      0      0      0    12356    1241     317     644    3042     4707   12071       0
  25   1  0.495808E+07 0.749455E+03 0.1506E+02      1 0.2571E+01       0      0      0      0    12578    1282     313     659    2908     4521   12338       0
  26   1  0.497477E+07 0.753415E+03 0.3089E+02      1 0.3895E+01       0      0      0      0    12652    1299     305     681    2946     4580   12520       0
  27   1  0.499244E+07 0.770838E+03 0.2632E+02      0 0.0000E+00       0      0      0      0    13138    1282     359     691    3067     4780   12635       0
  28   1  0.499861E+07 0.798005E+03 0.3673E+02      2 0.1507E+02       0      0      0      0    12921    1226     334     639    3107     4749   12567       0
  29   1  0.501087E+07 0.788547E+03 0.2235E+02      1 0.3713E+02       0      0      0      0    13019    1376     285     646    2897     4707   12494       0
  30   1  0.502191E+07 0.766507E+03 0.9132E+01      1 0.7039E+01       0      0      0      0    12946    1305     305     683    3009     4722   12540       0
  31   1  0.503294E+07 0.793126E+03 0.1136E+02      0 0.0000E+00       0      0      0      0    13594    1272     343     577    2976     4815   12396       0
  32   1  0.504679E+07 0.786790E+03 0.6975E+01      0 0.0000E+00       0      0      0      0    13377    1260     300     725    2866     4793   12614       0
  33   1  0.506015E+07 0.817240E+03 0.8991E+01      0 0.0000E+00       0      0      0      0    13706    1250     293     642    3028     5047   12611       0
  34   1  0.506706E+07 0.825242E+03 0.2765E+02      0 0.0000E+00       0      0      0      0    13580    1313     312     684    2926     5033   12545       0
  35   1  0.507986E+07 0.825919E+03 0.3203E+02      1 0.4873E+01       0      0      0      0    13705    1215     333     704    2985     4983   12597       0
  36   1  0.508926E+07 0.798479E+03 0.1254E+02      1 0.2886E+02       0      0      0      0    13662    1342     291     661    2979     4907   12512       0
  37   1  0.510627E+07 0.811147E+03 0.3571E+02      3 0.5711E+01       0      0      0      0    13995    1303     295     681    3066     4975   12682       0
  38   1  0.511564E+07 0.817574E+03 0.2852E+02      0 0.0000E+00       0      0      0      0    13852    1324     342     689    3022     5095   12826       0
  39   1  0.512478E+07 0.819218E+03 0.2982E+02      1 0.1187E+02       0      0      0      0    14009    1254     336     657    3074     5114   12623       0
  40   1  0.513597E+07 0.826605E+03 0.5582E+01      0 0.0000E+00       0      0      0      0    14132    1308     326     658    3001     5132   12712       0
  41   1  0.515055E+07 0.813945E+03 0.6303E+02      1 0.2788E+01       0      0      0      0    14319    1250     357     651    3100     5036   12786       0
  42   1  0.516133E+07 0.859921E+03 0.2436E+02      0 0.0000E+00       0      0      0      0    14264    1311     329     682    3127     5371   12700       0
  43   1  0.517196E+07 0.821258E+03 0.3654E+02      0 0.0000E+00       0      0      0      0    14487    1269     336     687    3021     5151   12815       0
  44   1  0.518138E+07 0.827963E+03 0.2638E+02      1 0.4633E+01       0      0      0      0    14557    1284     325     655    3012     5216   12680       0
  45   1  0.519067E+07 0.876308E+03 0.1143E+02      0 0.0000E+00       0      0      0      0    14657    1302     318     617    3122     5541   12717       0
  46   1  0.519934E+07 0.845685E+03 0.7429E+01      3 0.1685E+02       0      0      0      0    14760    1244     295     619    3082     5281   12748       0
  47   1  0.521124E+07 0.838619E+03 0.2272E+02      0 0.0000E+00       0      0      0      0    14788    1250     307     663    3311     5239   13118       0
  48   1  0.522522E+07 0.877005E+03 0.5168E+02      0 0.0000E+00       0      0      0      0    15028    1272     331     669    3216     5414   12931       0
  49   1  0.523164E+07 0.868139E+03 0.3972E+00      0 0.0000E+00       0      0      0      0    15048    1259     337     661    3127     5404   12881       0
  50   1  0.524241E+07 0.839420E+03 0.2889E+02      0 0.0000E+00       0      0      0      0    15159    1239     306     658    3032     5228   12934       0
  51   1  0.525022E+07 0.865262E+03 0.3887E+01      0 0.0000E+00       0      0      0      0    15221    1253     309     659    3088     5437   13098       0
  52   1  0.526000E+07 0.867871E+03 0.5789E+01      0 0.0000E+00       0      0      0      0    15197    1269     305     641    3139     5373   12824       0
  53   1  0.527067E+07 0.872175E+03 0.3794E+02      0 0.0000E+00       0      0      0      0    15239    1305     329     667    3138     5567   12995       0
  54   1  0.528092E+07 0.889111E+03 0.2620E+02      0 0.0000E+00       0      0      0      0    15440    1299     328     648    3175     5469   13153       0
  55   1  0.528943E+07 0.887596E+03 0.3138E+02      0 0.0000E+00       0      0      0      0    15535    1202     307     668    3090     5540   13012       0
  56   1  0.530181E+07 0.885426E+03 0.2533E+02      0 0.0000E+00       0      0      0      0    15634    1315     336     601    3183     5597   13100       0
  57   1  0.531095E+07 0.874598E+03 0.2479E+02      1 0.4272E+01       0      0      0      0    15706    1325     336     628    3106     5450   13186       0
  58   1  0.532026E+07 0.909581E+03 0.2453E+02      0 0.0000E+00       0      0      0      0    15689    1231     328     672    3092     5738   13074       0
  59   1  0.532781E+07 0.890979E+03 0.3271E+02      0 0.0000E+00       0      0      0      0    15869    1237     333     657    3054     5669   13093       0
  60   1  0.533612E+07 0.901473E+03 0.2184E+02      1 0.1112E+02       0      0      0      0    15629    1292     339     668    3145     5630   13107       0
  61   1  0.534470E+07 0.908507E+03 0.7003E+01      0 0.0000E+00       0      0      0      0    15876    1258     302     639    2988     5696   13083       0
  62   1  0.535537E+07 0.897862E+03 0.1491E+02      0 0.0000E+00       0      0      0      0    15892    1256     328     661    3093     5696   12920       0
  63   1  0.536443E+07 0.926126E+03 0.1010E+02      0 0.0000E+00       0      0      0      0    15968    1359     319     674    3129     5825   13347       0
  64   1  0.537686E+07 0.893981E+03 0.8237E+01      0 0.0000E+00       0      0      0      0    16203    1321     304     647    3162     5684   13104       0
  65   1  0.538220E+07 0.915412E+03 0.1201E+02      0 0.0000E+00       0      0      0      0    15913    1176     326     657    3111     5728   13209       0
  66   1  0.539362E+07 0.906344E+03 0.3407E+02      0 0.0000E+00       0      0      0      0    16077    1222     318     670    3098     5844   13145       0
  67   1  0.540270E+07 0.919980E+03 0.1223E+02      0 0.0000E+00       0      0      0      0    16465    1258     279     577    3257     5839   13222       0
  68   1  0.541246E+07 0.927060E+03 0.0000E+00      0 0.0000E+00       0      0      0      0    16311    1202     306     653    3074     5821   13138       0
  69   1  0.542030E+07 0.931454E+03 0.2663E+02      0 0.0000E+00       0      0      0      0    16332    1237     311     658    3137     5940   13138       0
  70   1  0.542952E+07 0.941831E+03 0.4799E+00      0 0.0000E+00       0      0      0      0    16375    1221     322     657    3091     5999   13104       0
  71   1  0.543865E+07 0.905858E+03 0.1643E+02      0 0.0000E+00       0      0      0      0    16669    1231     299     639    3047     6017   13238       0
  72   1  0.545006E+07 0.927540E+03 0.1661E+02      0 0.0000E+00       0      0      0      0    16621    1272     324     664    3169     5943   13343       0
  73   1  0.545523E+07 0.921467E+03 0.9720E+01      0 0.0000E+00       0      0      0      0    16474    1369     301     650    3160     6014   13363       0
  74   1  0.546577E+07 0.924838E+03 0.1622E+02      0 0.0000E+00       0      0      0      0    16710    1295     340     611    3173     6026   13262       0
  75   1  0.547475E+07 0.932717E+03 0.2269E+02      0 0.0000E+00       0      0      0      0    16711    1360     324     625    3138     6121   13182       0
  76   1  0.548358E+07 0.936049E+03 0.1691E+02      0 0.0000E+00       0      0      0      0    16716    1319     326     625    3152     6078   13290       0
  77   1  0.548926E+07 0.949825E+03 0.3837E+02      0 0.0000E+00       0      0      0      0    16842    1254     312     613    3124     6123   13205       0
  78   1  0.549787E+07 0.943601E+03 0.2557E+02      0 0.0000E+00       0      0      0      0    16761    1224     303     681    3013     6102   13175       0
  79   1  0.550713E+07 0.966072E+03 0.2831E+02      0 0.0000E+00       0      0      0      0    16808    1232     315     664    3014     6198   13402       0
  80   1  0.551886E+07 0.981960E+03 0.4944E+02      0 0.0000E+00       0      0      0      0    16824    1309     342     691    3026     6330   13426       0
  81   1  0.552695E+07 0.972011E+03 0.8742E+01      0 0.0000E+00       0      0      0      0    16808    1246     326     676    3109     6263   13277       0
  82   1  0.553844E+07 0.972749E+03 0.2643E+02      0 0.0000E+00       0      0      0      0    17264    1236     317     671    3120     6286   13504       0
  83   1  0.554498E+07 0.962246E+03 0.3956E+02      0 0.0000E+00       0      0      0      0    17155    1203     298     620    3039     6339   13266       0
  84   1  0.555519E+07 0.946427E+03 0.1091E+02      0 0.0000E+00       0      0      0      0    17123    1250     334     664    2979     6117   13298       0
  85   1  0.556556E+07 0.963379E+03 0.1211E+02      0 0.0000E+00       0      0      0      0    17389    1261     336     667    3157     6362   13381       0
  86   1  0.557182E+07 0.973370E+03 0.2099E+02      0 0.0000E+00       0      0      0      0    17436    1309     324     629    3098     6383   13318       0
  87   1  0.558002E+07 0.100274E+04 0.1253E+02      0 0.0000E+00       0      0      0      0    17320    1280     304     654    3056     6410   13400       0
  88   1  0.558826E+07 0.984064E+03 0.1633E+02      0 0.0000E+00       0      0      0      0    17500    1295     325     654    3215     6460   13324       0
  89   1  0.560065E+07 0.977179E+03 0.3475E+02      0 0.0000E+00       0      0      0      0    17568    1380     269     618    3226     6421   13510       0
  90   1  0.560657E+07 0.969051E+03 0.1562E+02      0 0.0000E+00       0      0      0      0    17530    1274     319     694    3124     6511   13536       0
  91   1  0.561241E+07 0.977067E+03 0.1348E+02      0 0.0000E+00       0      0      0      0    17539    1264     290     605    3163     6370   13459       0
  92   1  0.561976E+07 0.102891E+04 0.3212E+02      0 0.0000E+00       0      0      0      0    17487    1303     298     676    3104     6678   13378       0
  93   1  0.563231E+07 0.998639E+03 0.1694E+02      0 0.0000E+00       0      0      0      0    17806    1271     304     632    3195     6576   13708       0
  94   1  0.563789E+07 0.996191E+03 0.2180E+02      0 0.0000E+00       0      0      0      0    17613    1237     337     627    3154     6495   13293       0
  95   1  0.564400E+07 0.100683E+04 0.2908E+02      0 0.0000E+00       0      0      0      0    17445    1258     317     670    3132     6631   13337       0
  96   1  0.565277E+07 0.101604E+04 0.1057E+02      0 0.0000E+00       0      0      0      0    17535    1261     304     607    3041     6736   13289       0
  97   1  0.566384E+07 0.100426E+04 0.2217E+02      0 0.0000E+00       0      0      0      0    17685    1315     314     669    3142     6675   13344       0
  98   1  0.567253E+07 0.994840E+03 0.1867E+02      0 0.0000E+00       0      0      0      0    17715    1315     329     677    3027     6556   13301       0
  99   1  0.568299E+07 0.100283E+04 0.1134E+02      0 0.0000E+00       0      0      0      0    17903    1318     297     649    3161     6606   13684       0
 100   1  0.568908E+07 0.102216E+04 0.2212E+02      0 0.0000E+00       0      0      0      0    17958    1219     284     593    3107     6907   13302       0
 101   1  0.569729E+07 0.100225E+04 0.3237E+02      0 0.0000E+00       0      0      0      0    17964    1264     304     633    3132     6737   13403       0
 102   1  0.570681E+07 0.103607E+04 0.1422E+02      0 0.0000E+00       0      0      0      0    17992    1268     303     650    3227     6817   13568       0
 103   1  0.571358E+07 0.101370E+04 0.2172E+02      0 0.0000E+00       0      0      0      0    17946    1235     320     655    3169     6756   13421       0
 104   1  0.571912E+07 0.103222E+04 0.2565E+02      0 0.0000E+00       0      0      0      0    18013    1262     323     649    3060     6938   13333       0
 105   1  0.572635E+07 0.104980E+04 0.3181E+02      0 0.0000E+00       0      0      0      0    18126    1282     274     639    3065     6935   13500       0
 106   1  0.573629E+07 0.105568E+04 0.1383E+02      0 0.0000E+00       0      0      0      0    18168    1193     325     632    3009     6930   13505       0
 107   1  0.574495E+07 0.107181E+04 0.6432E+02      0 0.0000E+00       0      0      0      0    18400    1216     299     633    3196     7072   13583       0
 108   1  0.575059E+07 0.104192E+04 0.3164E+02      0 0.0000E+00       0      0      0      0    18028    1230     326     666    3150     6936   13381       0
 109   1  0.575998E+07 0.102170E+04 0.3825E+02      0 0.0000E+00       0      0      0      0    18305    1268     309     633    3186     6905   13478       0
 110   1  0.576694E+07 0.103337E+04 0.3369E+02      0 0.0000E+00       0      0      0      0    18220    1259     310     680    3169     6966   13487       0
 111   1  0.577788E+07 0.105923E+04 0.2825E+02      0 0.0000E+00       0      0      0      0    18177    1220     308     673    3268     7096   13463       0
 112   1  0.578519E+07 0.106971E+04 0.2058E+02      0 0.0000E+00       0      0      0      0    18357    1326     315     646    3210     6990   13540       0
 113   1  0.579034E+07 0.109303E+04 0.1189E+02      0 0.0000E+00       0      0      0      0    18498    1175     304     617    3183     7251   13578       0
 114   1  0.579878E+07 0.107131E+04 0.3639E+02      0 0.0000E+00       0      0      0      0    18217    1273     303     676    3084     7258   13588       0
 115   1  0.580851E+07 0.107899E+04 0.2528E+02      0 0.0000E+00       0      0      0      0    18659    1226     304     623    3215     7283   13474       0
 116   1  0.581141E+07 0.108979E+04 0.3395E+02      0 0.0000E+00       0      0      0      0    18488    1273     304     631    3172     7413   13380       0
 117   1  0.582170E+07 0.110087E+04 0.1384E+02      0 0.0000E+00       0      0      0      0    18328    1299     310     679    3235     7444   13666       0
 118   1  0.582953E+07 0.107721E+04 0.2299E+02      0 0.0000E+00       0      0      0      0    18446    1241     312     651    3250     7236   13508       0
 119   1  0.583499E+07 0.108967E+04 0.1151E+02      0 0.0000E+00       0      0      0      0    18482    1229     289     628    3131     7478   13614       0
 120   1  0.584671E+07 0.109351E+04 0.1527E+02      0 0.0000E+00       0      0      0      0    18913    1315     289     671    3084     7499   13481       0
 121   1  0.585246E+07 0.111642E+04 0.1660E+02      0 0.0000E+00       0      0      0      0    18815    1225     345     630    3360     7710   13612       0
 122   1  0.586178E+07 0.110791E+04 0.1790E+02      0 0.0000E+00       0      0      0      0    18525    1382     322     662    3198     7621   13425       0
 123   1  0.586588E+07 0.112373E+04 0.5169E+01      0 0.0000E+00       0      0      0      0    18730    1263     316     627    3139     7705   13505       0
 124   1  0.587472E+07 0.113571E+04 0.1916E+02      0 0.0000E+00       0      0      0      0    18710    1244     277     659    3081     7701   13436       0
 125   1  0.588264E+07 0.110728E+04 0.1762E+02      0 0.0000E+00       0      0      0      0    18524    1195     298     637    2981     7671   13374       0
 126   1  0.589376E+07 0.112538E+04 0.1101E+02      0 0.0000E+00       0      0      0      0    18778    1279     277     626    3158     7732   13479       0
 127   1  0.590198E+07 0.114592E+04 0.2436E+02      0 0.0000E+00       0      0      0      0    18864    1175     283     618    3193     7848   13428       0
 128   1  0.591045E+07 0.115737E+04 0.1537E+02      0 0.0000E+00       0      0      0      0    18745    1207     289     595    3055     7980   13417       0
 129   1  0.592112E+07 0.112004E+04 0.2106E+02      0 0.0000E+00       0      0      0      0    18895    1211     296     640    3105     7644   13518       0
 130   1  0.592963E+07 0.116853E+04 0.4337E+02      0 0.0000E+00       0      0      0      0    19124    1211     301     644    2971     7938   13326       0
 131   1  0.593935E+07 0.114878E+04 0.7614E+01      0 0.0000E+00       0      0      0      0    19006    1285     314     678    3142     7879   13486       0
 132   1  0.594463E+07 0.116297E+04 0.4322E+02      0 0.0000E+00       0      0      0      0    18798    1260     285     582    3144     8008   13583       0
 133   1  0.595348E+07 0.111392E+04 0.9163E+01      0 0.0000E+00       0      0      0      0    18965    1223     309     649    3092     7841   13589       0
 134   1  0.596466E+07 0.116976E+04 0.2621E+02      0 0.0000E+00       0      0      0      0    18758    1260     317     623    3093     7967   13576       0
 135   1  0.597572E+07 0.116771E+04 0.2146E+02      0 0.0000E+00       0      0      0      0    19228    1228     305     627    3227     8088   13763       0
 136   1  0.598226E+07 0.116728E+04 0.3136E+02      0 0.0000E+00       0      0      0      0    19069    1178     318     626    3106     8064   13386       0
 137   1  0.598726E+07 0.118146E+04 0.4807E+02      0 0.0000E+00       0      0      0      0    19135    1182     281     608    3090     8086   13346       0
 138   1  0.599890E+07 0.118288E+04 0.2218E+02      0 0.0000E+00       0      0      0      0    18999    1167     283     655    3200     8231   13507       0
 139   1  0.600914E+07 0.120380E+04 0.2623E+02      0 0.0000E+00       0      0      0      0    19514    1252     287     622    3221     8310   13553       0
 140   1  0.601343E+07 0.118818E+04 0.3768E+02      0 0.0000E+00       0      0      0      0    19173    1261     264     632    3141     8257   13315       0
 141   1  0.601879E+07 0.117706E+04 0.1003E+02      0 0.0000E+00       0      0      0      0    19118    1244     304     636    3079     8106   13376       0
 142   1  0.602572E+07 0.117095E+04 0.4675E+01      0 0.0000E+00       0      0      0      0    19343    1268     288     660    3010     8169   13354       0
 143   1  0.603313E+07 0.119323E+04 0.2455E+02      0 0.0000E+00       0      0      0      0    19190    1168     305     629    3207     8397   13388       0
 144   1  0.603738E+07 0.116814E+04 0.7219E+01      0 0.0000E+00       0      0      0      0    18901    1144     273     650    3199     8240   13204       0
 145   1  0.604897E+07 0.123905E+04 0.1586E+02      0 0.0000E+00       0      0      0      0    19346    1163     283     599    3197     8525   13489       0
 146   1  0.605847E+07 0.120653E+04 0.1758E+02      0 0.0000E+00       0      0      0      0    19661    1249     287     651    3241     8433   13503       0
 147   1  0.606076E+07 0.122923E+04 0.2810E+02      0 0.0000E+00       0      0      0      0    19627    1230     277     618    3001     8557   13547       0
 148   1  0.606918E+07 0.122840E+04 0.7338E+01      0 0.0000E+00       0      0      0      0    19270    1182     303     605    3159     8655   13559       0
 149   1  0.607490E+07 0.122542E+04 0.2991E+02      0 0.0000E+00       0      0      0      0    19511    1184     280     638    3128     8624   13252       0
 150   1  0.608334E+07 0.124418E+04 0.1646E+02      0 0.0000E+00       0      0      0      0    19654    1208     286     607    3119     8735   13562       0
 151   1  0.609669E+07 0.126112E+04 0.2335E+02      0 0.0000E+00       0      0      0      0    19687    1211     291     641    3115     8648   13810       0
 152   1  0.611199E+07 0.127038E+04 0.4041E+02      0 0.0000E+00       0      0      0      0    19746    1332     321     647    3202     8831   13587       0
 153   1  0.612699E+07 0.123357E+04 0.2869E+02      0 0.0000E+00       0      0      0      0    19577    1214     283     657    3002     8753   13390       0
 154   1  0.614544E+07 0.126099E+04 0.7245E+01      0 0.0000E+00       0      0      0      0    19539    1167     281     615    3133     8911   13471       0
 155   1  0.617154E+07 0.126391E+04 0.2421E+02      0 0.0000E+00       0      0      0      0    19646    1212     325     648    3234     8865   13597       0
 156   1  0.619554E+07 0.130990E+04 0.3957E+02      0 0.0000E+00       0      0      0      0    19731    1213     296     629    3147     9148   13637       0
 157   1  0.621424E+07 0.129879E+04 0.2480E+02      0 0.0000E+00       0      0      0      0    19878    1163     298     595    3138     9108   13621       0
 158   1  0.623487E+07 0.128814E+04 0.1819E+02      0 0.0000E+00       0      0      0      0    19784    1182     315     621    3117     9164   13717       0
 159   1  0.624826E+07 0.130097E+04 0.1083E+02      0 0.0000E+00       0      0      0      0    19832    1180     298     619    3105     9120   13326       0
 160   1  0.626454E+07 0.131382E+04 0.3628E+02      0 0.0000E+00       0      0      0      0    20170    1206     308     631    3110     9252   13625       0
 161   1  0.627704E+07 0.130750E+04 0.3571E+02      0 0.0000E+00       0      0      0      0    19855    1173     290     622    3341     9427   13476       0
 162   1  0.628881E+07 0.130871E+04 0.3626E+02      0 0.0000E+00       0      0      0      0    19906    1226     288     594    3250     9534   13502       0
 163   1  0.630298E+07 0.131895E+04 0.4372E+02      0 0.0000E+00       0      0      0      0    20273    1231     302     634    3277     9443   13585       0
 164   1  0.631098E+07 0.133162E+04 0.1432E+02      0 0.0000E+00       0      0      0      0    20095    1121     276     580    3112     9634   13344       0
 165   1  0.632339E+07 0.135670E+04 0.3403E+02      0 0.0000E+00       0      0      0      0    20223    1113     277     661    2996     9802   13614       0
 166   1  0.633565E+07 0.136218E+04 0.2449E+02      0 0.0000E+00       0      0      0      0    20179    1174     269     622    3088     9724   13568       0
 167   1  0.634860E+07 0.135604E+04 0.2772E+02      0 0.0000E+00       0      0      0      0    20185    1185     265     646    3178     9661   13453       0
 168   1  0.636296E+07 0.136510E+04 0.0000E+00      0 0.0000E+00       0      0      0      0    20477    1274     302     630    3129     9818   13634       0
 169   1  0.637153E+07 0.138797E+04 0.2723E+02      0 0.0000E+00       0      0      0      0    20260    1242     287     624    3102     9981   13467       0
 170   1  0.638378E+07 0.139500E+04 0.3478E+02      0 0.0000E+00       0      0      0      0    20295    1180     306     583    3097     9990   13363       0
 171   1  0.639546E+07 0.139532E+04 0.4395E+02      0 0.0000E+00       0      0      0      0    20332    1168     259     573    3037    10014   13552       0
 172   1  0.640984E+07 0.141169E+04 0.1095E+02      0 0.0000E+00       0      0      0      0    20434    1121     297     624    3086    10088   13515       0
 173   1  0.642273E+07 0.138938E+04 0.2928E+02      0 0.0000E+00       0      0      0      0    20392    1170     275     603    3066    10130   13603       0
 174   1  0.643200E+07 0.137843E+04 0.2340E+02      0 0.0000E+00       0      0      0      0    20088    1091     308     571    3084    10200   13347       0
 175   1  0.644858E+07 0.143357E+04 0.6070E+01      0 0.0000E+00       0      0      0      0    20452    1163     279     638    3037    10314   13510       0
 176   1  0.646064E+07 0.139965E+04 0.2306E+02      0 0.0000E+00       0      0      0      0    20235    1143     279     593    2987    10267   13448       0
 177   1  0.647781E+07 0.145712E+04 0.2426E+02      0 0.0000E+00       0      0      0      0    20388    1139     272     608    3195    10560   13590       0
 178   1  0.649396E+07 0.144572E+04 0.3438E+02      0 0.0000E+00       0      0      0      0    20365    1242     277     607    3167    10525   13765       0
 179   1  0.650916E+07 0.145627E+04 0.3616E+02      0 0.0000E+00       0      0      0      0    20639    1164     300     611    3093    10606   13559       0
 180   1  0.652252E+07 0.149592E+04 0.2913E+02      0 0.0000E+00       0      0      0      0    20609    1214     284     587    3096    10706   13539       0
 181   1  0.653420E+07 0.148671E+04 0.1202E+02      0 0.0000E+00       0      0      0      0    20625    1187     281     587    3069    10726   13470       0
 182   1  0.655605E+07 0.148202E+04 0.2377E+02      0 0.0000E+00       0      0      0      0    20696    1169     278     657    3114    10792   13819       0
 183   1  0.657025E+07 0.149579E+04 0.1666E+02      0 0.0000E+00       0      0      0      0    20818    1175     248     631    3140    10937   13637       0
 184   1  0.658288E+07 0.151225E+04 0.1980E+02      0 0.0000E+00       0      0      0      0    20974    1174     255     556    3105    11049   13532       0
 185   1  0.659563E+07 0.154067E+04 0.8243E+01      0 0.0000E+00       0      0      0      0    20809    1132     240     580    3001    11215   13282       0
 186   1  0.661306E+07 0.151595E+04 0.1299E+02      0 0.0000E+00       0      0      0      0    20630    1163     235     607    3149    11109   13484       0
 187   1  0.663041E+07 0.150478E+04 0.3510E+02      0 0.0000E+00       0      0      0      0    20730    1129     275     607    3153    11234   13500       0
 188   1  0.664519E+07 0.152767E+04 0.1849E+02      0 0.0000E+00       0      0      0      0    21046    1130     254     601    3004    11305   13491       0
 189   1  0.665971E+07 0.158258E+04 0.3969E+02      0 0.0000E+00       0      0      0      0    20699    1084     267     588    3043    11464   13597       0
 190   1  0.667698E+07 0.155474E+04 0.2369E+02      0 0.0000E+00       0      0      0      0    20608    1154     256     584    3208    11459   13517       0
 191   1  0.669351E+07 0.154344E+04 0.2705E+02      0 0.0000E+00       0      0      0      0    20971    1115     262     581    3048    11340   13387       0
 192   1  0.671180E+07 0.158485E+04 0.3337E+02      0 0.0000E+00       0      0      0      0    20987    1092     267     597    3073    11841   13450       0
 193   1  0.673112E+07 0.160262E+04 0.2106E+02      0 0.0000E+00       0      0      0      0    21028    1161     272     538    3207    11868   13641       0
 194   1  0.674785E+07 0.164828E+04 0.2787E+02      0 0.0000E+00       0      0      0      0    21078    1099     248     597    3059    11838   13448       0
 195   1  0.676385E+07 0.158475E+04 0.1840E+02      0 0.0000E+00       0      0      0      0    21095    1184     237     586    3082    11765   13514       0
 196   1  0.678131E+07 0.159509E+04 0.4396E+02      0 0.0000E+00       0      0      0      0    21143    1140     277     571    3069    11882   13430       0
 197   1  0.679811E+07 0.161466E+04 0.3603E+02      0 0.0000E+00       0      0      0      0    21237    1111     259     590    3054    12024   13593       0
 198   1  0.681616E+07 0.160067E+04 0.4243E+02      0 0.0000E+00       0      0      0      0    21032    1145     235     566    3099    12006   13691       0
 199   1  0.683508E+07 0.163881E+04 0.3320E+01      0 0.0000E+00       0      0      0      0    21162    1156     255     597    2980    12349   13622       0
 200   1  0.685628E+07 0.163385E+04 0.2579E+02      0 0.0000E+00       0      0      0      0    21584    1137     262     587    3236    12190   13779       0
 201   1  0.686968E+07 0.165898E+04 0.1804E+02      0 0.0000E+00       0      0      0      0    21575    1147     273     551    3173    12408   13496       0
 202   1  0.688555E+07 0.168547E+04 0.3620E+02      0 0.0000E+00       0      0      0      0    21191    1115     251     529    3059    12611   13600       0
 203   1  0.690578E+07 0.171386E+04 0.4038E+02      0 0.0000E+00       0      0      0      0    21365    1109     259     550    3091    12639   13426       0
 204   1  0.692708E+07 0.170323E+04 0.6982E+01      0 0.0000E+00       0      0      0      0    21556    1217     258     570    3150    12710   13495       0
 205   1  0.694286E+07 0.170733E+04 0.3122E+02      0 0.0000E+00       0      0      0      0    21435    1087     247     538    2974    12889   13484       0
 206   1  0.696921E+07 0.175920E+04 0.3020E+02      0 0.0000E+00       0      0      0      0    21589    1142     227     581    3086    13112   13481       0
 207   1  0.699532E+07 0.176411E+04 0.2253E+02      0 0.0000E+00       0      0      0      0    21779    1129     263     533    3146    13064   13677       0
 208   1  0.702854E+07 0.174897E+04 0.1985E+02      0 0.0000E+00       0      0      0      0    21666    1104     238     583    3136    13227   13589       0
 209   1  0.705739E+07 0.176776E+04 0.8057E+01      0 0.0000E+00       0      0      0      0    21504    1102     235     631    3161    13352   13667       0
 210   1  0.708910E+07 0.177264E+04 0.1024E+02      0 0.0000E+00       0      0      0      0    21862    1173     238     589    3314    13322   13810       0
 211   1  0.712121E+07 0.179646E+04 0.4222E+02      0 0.0000E+00       0      0      0      0    22025    1117     250     584    3071    13440   13814       0
 212   1  0.715100E+07 0.181170E+04 0.3010E+02      0 0.0000E+00       0      0      0      0    21946    1161     263     608    3086    13577   13898       0
 213   1  0.717670E+07 0.183532E+04 0.3138E+02      0 0.0000E+00       0      0      0      0    22106    1117     238     547    3000    13721   13645       0
 214   1  0.720470E+07 0.182766E+04 0.5439E+02      0 0.0000E+00       0      0      0      0    22018    1093     263     546    3081    13817   13551       0
 215   1  0.723338E+07 0.184119E+04 0.1451E+02      0 0.0000E+00       0      0      0      0    22043    1151     242     530    3172    13939   13742       0
 216   1  0.726449E+07 0.187012E+04 0.6360E+01      0 0.0000E+00       0      0      0      0    22412    1085     263     563    3120    14183   13887       0
 217   1  0.729335E+07 0.185553E+04 0.2107E+02      0 0.0000E+00       0      0      0      0    22233    1113     216     559    3218    14272   13701       0
 218   1  0.732216E+07 0.191391E+04 0.3083E+02      0 0.0000E+00       0      0      0      0    22067    1018     230     531    3018    14377   13623       0
 219   1  0.735826E+07 0.190422E+04 0.2312E+02      0 0.0000E+00       0      0      0      0    22061    1112     237     526    3099    14745   13656       0
 220   1  0.739818E+07 0.194656E+04 0.4348E+02      0 0.0000E+00       0      0      0      0    22612    1095     285     547    3176    14669   13792       0
 221   1  0.743103E+07 0.200346E+04 0.2761E+02      0 0.0000E+00       0      0      0      0    22680    1102     237     548    3206    15074   13833       0
 222   1  0.746224E+07 0.196879E+04 0.3385E+02      0 0.0000E+00       0      0      0      0    22495    1017     229     541    3029    15183   13676       0
 223   1  0.749458E+07 0.200024E+04 0.2375E+02      0 0.0000E+00       0      0      0      0    22435     996     221     561    3050    15266   13538       0
 224   1  0.752648E+07 0.201708E+04 0.1760E+02      0 0.0000E+00       0      0      0      0    22713    1070     237     525    3035    15475   13773       0
 225   1  0.755655E+07 0.204186E+04 0.4123E+02      0 0.0000E+00       0      0      0      0    22797    1089     231     548    3003    15792   13711       0
 226   1  0.759170E+07 0.209818E+04 0.3023E+02      0 0.0000E+00       0      0      0      0    22730    1094     211     527    3179    16182   13933       0
 227   1  0.762825E+07 0.211231E+04 0.2227E+02      0 0.0000E+00       0      0      0      0    22944    1074     252     574    3181    16126   13973       0
 228   1  0.766303E+07 0.207703E+04 0.3924E+02      0 0.0000E+00       0      0      0      0    22825    1099     220     491    3072    16186   13582       0
 229   1  0.770696E+07 0.213212E+04 0.1144E+02      0 0.0000E+00       0      0      0      0    23133    1051     235     498    3228    16322   13852       0
 230   1  0.774718E+07 0.216782E+04 0.2951E+02      0 0.0000E+00       0      0      0      0    23068    1063     220     503    3068    16593   13987       0
 231   1  0.779487E+07 0.220510E+04 0.3112E+02      0 0.0000E+00       0      0      0      0    23086    1088     220     542    3209    16984   13915       0
 232   1  0.784560E+07 0.222875E+04 0.3041E+02      0 0.0000E+00       0      0      0      0    23022    1053     211     528    3090    17108   14134       0
 233   1  0.789412E+07 0.222760E+04 0.8390E+01      0 0.0000E+00       0      0      0      0    22963    1017     220     526    3025    17027   13723       0
 234   1  0.794871E+07 0.218136E+04 0.2044E+02      0 0.0000E+00       0      0      0      0    23116    1074     240     549    3114    16960   14042       0
 235   1  0.800080E+07 0.227970E+04 0.6500E+01      0 0.0000E+00       0      0      0      0    23096    1038     209     503    3055    17432   13664       0
 236   1  0.806057E+07 0.233099E+04 0.4328E+02      0 0.0000E+00       0      0      0      0    23055    1046     212     480    2998    17929   14081       0
 237   1  0.812028E+07 0.232399E+04 0.2992E+02      0 0.0000E+00       0      0      0      0    23085    1048     215     500    3062    18016   13944       0
 238   1  0.818188E+07 0.234188E+04 0.2528E+02      0 0.0000E+00       0      0      0      0    23225    1084     232     458    3104    18202   13850       0
 239   1  0.824710E+07 0.233619E+04 0.2372E+02      0 0.0000E+00       0      0      0      0    23216    1021     192     532    3103    18135   14000       0
 240   1  0.831469E+07 0.239430E+04 0.2410E+02      0 0.0000E+00       0      0      0      0    23636    1012     203     453    2987    18558   13674       0
 241   1  0.838849E+07 0.242703E+04 0.6187E+02      0 0.0000E+00       0      0      0      0    23906    1100     176     474    3011    18873   14197       0
 242   1  0.846179E+07 0.241531E+04 0.4353E+02      0 0.0000E+00       0      0      0      0    23649    1034     203     524    3170    18663   14389       0
 243   1  0.854411E+07 0.245778E+04 0.1306E+02      0 0.0000E+00       0      0      0      0    23968     999     230     471    3135    19254   14638       0
 244   1  0.862570E+07 0.248407E+04 0.7132E+01      0 0.0000E+00       0      0      0      0    23806    1057     199     499    3264    19255   14413       0
 245   1  0.871565E+07 0.251998E+04 0.4878E+02      0 0.0000E+00       0      0      0      0    24286    1102     210     528    3262    19625   14842       0
 246   1  0.880487E+07 0.254701E+04 0.4107E+02      0 0.0000E+00       0      0      0      0    24200    1136     196     513    3217    19793   14829       0
 247   1  0.889756E+07 0.261025E+04 0.1848E+02      0 0.0000E+00       0      0      0      0    24189    1109     168     471    3155    20245   14769       0
 248   1  0.900168E+07 0.254147E+04 0.2334E+02      0 0.0000E+00       0      0      0      0    24567    1058     222     476    3256    19899   15005       0
 249   1  0.910598E+07 0.255428E+04 0.2175E+02      0 0.0000E+00       0      0      0      0    24747    1116     214     506    3209    20223   14823       0
 250   1  0.921732E+07 0.265885E+04 0.3932E+02      0 0.0000E+00       0      0      0      0    25030    1130     206     490    3240    20655   15157       0
 251   1  0.933733E+07 0.266644E+04 0.2889E+02      0 0.0000E+00       0      0      0      0    24977    1039     214     440    3358    20672   15538       0
 252   1  0.945961E+07 0.270004E+04 0.3047E+02      0 0.0000E+00       0      0      0      0    24945    1064     197     503    3240    21109   15184       0
 253   1  0.959461E+07 0.275182E+04 0.1388E+02      0 0.0000E+00       0      0      0      0    25107    1128     220     463    3123    21667   15269       0
 254   1  0.973693E+07 0.279807E+04 0.2056E+02      0 0.0000E+00       0      0      0      0    25652    1113     188     489    3310    22129   15407       0
 255   1  0.988452E+07 0.285499E+04 0.2013E+02      0 0.0000E+00       0      0      0      0    25858    1143     184     458    3106    22189   15706       0
 256   1  0.100468E+08 0.290034E+04 0.3925E+02      0 0.0000E+00       0      0      0      0    26041    1108     201     528    3443    22476   16028       0
 257   1  0.102197E+08 0.294262E+04 0.2684E+02      0 0.0000E+00       0      0      0      0    26516    1183     170     424    3402    23169   16076       0
 258   1  0.104053E+08 0.291221E+04 0.1700E+02      0 0.0000E+00       0      0      0      0    27168    1179     205     440    3454    23068   16437       0
 259   1  0.106040E+08 0.305077E+04 0.4702E+02      0 0.0000E+00       0      0      0      0    27355    1201     204     445    3502    23616   16588       0
 260   1  0.108159E+08 0.302806E+04 0.6098E+02      0 0.0000E+00       0      0      0      0    27588    1111     222     438    3420    23954   16566       0
 261   1  0.110539E+08 0.316230E+04 0.6198E+02      0 0.0000E+00       0      0      0      0    28164    1169     222     444    3489    24689   16910       0
 262   1  0.113156E+08 0.317569E+04 0.2412E+02      0 0.0000E+00       0      0      0      0    29260    1190     177     451    3597    24955   17409       0
 263   1  0.116001E+08 0.324506E+04 0.3787E+02      0 0.0000E+00       0      0      0      0    30554    1171     204     437    3697    25456   17783       0
 264   1  0.119135E+08 0.328177E+04 0.3157E+02      0 0.0000E+00       0      0      0      0    31255    1162     233     417    3750    25651   17867       0
 265   1  0.122740E+08 0.334121E+04 0.5057E+02      0 0.0000E+00       0      0      0      0    33426    1204     230     443    3874    26243   18404       0
 266   1  0.126754E+08 0.340904E+04 0.1168E+02      0 0.0000E+00       0      0      0      0    35914    1200     235     426    3969    26577   18905       0
 267   1  0.131345E+08 0.337233E+04 0.4317E+02      0 0.0000E+00       0      0      0      0    39449    1295     245     389    4067    26725   19402       0
 268   1  0.136561E+08 0.343836E+04 0.5242E+02      0 0.0000E+00       0      0      0      0    44083    1209     219     379    4103    26801   19950       0
 269   1  0.142688E+08 0.349608E+04 0.3774E+02      0 0.0000E+00       0      0      0      0    52039    1224     186     389    4089    27225   20751       0
 270   1  0.149897E+08 0.346827E+04 0.6706E+02      0 0.0000E+00       0      0      0      0    64140    1257     191     325    4077    27141   21806       0
 271   1  0.158494E+08 0.345896E+04 0.1134E+03      0 0.0000E+00       0      0      0      0    85643    1304     190     386    4114    27089   23140       0
 272   1  0.168574E+08 0.347202E+04 0.2165E+03      0 0.0000E+00       0      0      0      0   122372    1256     172     294    4136    27063   25454       0
 273   1  0.180090E+08 0.338541E+04 0.1400E+03      0 0.0000E+00       0      0      0      0   183202    1251     160     221    3832    26381   28216       0
 274   1  0.192333E+08 0.321177E+04 0.1682E+03      0 0.0000E+00       0      0      0      0   280019    1161     123     209    3588    25228   32244       0
 275   1  0.203406E+08 0.303126E+04 0.2639E+03      0 0.0000E+00       0      0      0      0   418151    1019     108     151    3144    23805   37515       0
 276   1  0.210425E+08 0.278491E+04 0.1491E+03      0 0.0000E+00       0      0      0      0   590488     844      70     115    2709    21572   43044       0
 277   1  0.209663E+08 0.233902E+04 0.2971E+03      0 0.0000E+00       0      0      0      0   770629     694      56      81    2152    18389   48008       0
 278   1  0.198095E+08 0.190915E+04 0.1766E+03      0 0.0000E+00       0      0      0      0   919712     552      57      56    1713    15054   50383       0
 279   1  0.174935E+08 0.151320E+04 0.1940E+03      0 0.0000E+00       0      0      0      0   989548     409      42      37    1188    11799   49476       0
 280   1  0.142424E+08 0.108662E+04 0.1574E+03      0 0.0000E+00       0      0      0      0   954327     307      33      27     864     8448   44209       0
 281   1  0.105653E+08 0.760367E+03 0.1481E+03      0 0.0000E+00       0      0      0      0   818348     179      44      28     602     5918   35744       0
 282   1  0.707263E+07 0.505591E+03 0.8167E+02      0 0.0000E+00       0      0      0      0   620394     132      33      25     438     3974   25918       0
 283   1  0.425036E+07 0.367295E+03 0.2684E+02      0 0.0000E+00       0      0      0      0   414197     112      39      21     390     2864   17159       0
 284   1  0.227895E+07 0.276372E+03 0.4524E+02      0 0.0000E+00       0      0      0      0   244901     121      36      12     279     2086   10582       0
 285   1  0.108714E+07 0.248747E+03 0.2406E+02      0 0.0000E+00       0      0      0      0   125418     116      30      23     333     1807    6163       0
 286   1  0.471552E+06 0.214181E+03 0.0000E+00      0 0.0000E+00       0      0      0      0    56888     103      35      24     301     1608    3797       0
 287   1  0.193332E+06 0.193121E+03 0.0000E+00      0 0.0000E+00       0      0      0      0    22869      90      32      11     292     1443    2651       0
 288   1  0.856767E+05 0.194351E+03 0.0000E+00      0 0.0000E+00       0      0      0      0     8546      95      28      14     301     1409    2141       0
 289   1  0.490197E+05 0.200393E+03 0.8371E+01      0 0.0000E+00       0      0      0      0     3400      92      25      11     241     1450    1872       0
 290   1  0.397813E+05 0.185780E+03 0.1087E+02      0 0.0000E+00       0      0      0      0     1834      94      35      19     271     1357    1909       0
 291   1  0.372407E+05 0.189376E+03 0.6871E+01      0 0.0000E+00       0      0      0      0     1480      72      33      19     278     1428    1823       0
 292   1  0.370022E+05 0.195533E+03 0.6562E+01      0 0.0000E+00       0      0      0      0     1451      81      28      21     262     1483    1883       0
 293   1  0.362081E+05 0.205913E+03 0.1016E+02      0 0.0000E+00       0      0      0      0     1323      95      28      15     258     1499    1815       0
 294   1  0.369651E+05 0.175237E+03 0.0000E+00      0 0.0000E+00       0      0      0      0     1419      92      22      12     260     1345    1822       0
 295   1  0.365363E+05 0.176075E+03 0.7960E+01      0 0.0000E+00       0      0      0      0     1397     109      33      11     264     1346    1820       0
 296   1  0.370457E+05 0.174200E+03 0.2154E+02      0 0.0000E+00       0      0      0      0     1405      84      35      22     291     1318    1893       0
 297   1  0.356133E+05 0.184086E+03 0.0000E+00      0 0.0000E+00       0      0      0      0     1382      85      29      14     271     1352    1736       0
 298   1  0.360513E+05 0.182294E+03 0.4788E+01      0 0.0000E+00       0      0      0      0     1363      97      25      15     264     1340    1859       0
 299   1  0.357525E+05 0.177676E+03 0.0000E+00      0 0.0000E+00       0      0      0      0     1365      92      31      16     255     1320    1771       0
 300   1  0.347151E+05 0.180590E+03 0.0000E+00      0 0.0000E+00       0      0      0      0     1341      59      18       7     264     1279    1730       0
 301   0  0.000000E+00 0.000000E+00 0.0000E+00      0 0.0000E+00       0      0      0      0        0       0       0       0       0        0       0       0
  SUMM:   0.196249E+10 0.411021E+06 0.8848E+04     49 0.5373E+03       0      0      0      0 12828980  334673   77738  164581  878143  2968935 4178431       0
 ZONE  MED     C10     C11     N12     N13     O13     O14     O15     F17     F18
    1    1     304     797       0     317       2     108    1807       0       0
    2    1     306     772       0     356       3      84    1841       0       0
    3    1     361     817       0     352       5      93    1845       0       0
    4    1     339     791       0     332       4     100    1891       0       0
    5    1     328     780       0     320       1     111    1829       0       0
    6    1     362     835       0     371       5      96    1893       0       0
    7    1     312     849       0     343       7      90    1866       1       1
    8    1     308     817       0     350       4      95    1888       0       0
    9    1     319     805       0     368       3      93    1851       0       0
   10    1     327     802       0     317       1      88    1899       0       0
   11    1     346     826       0     352       1     113    1854       0       0
   12    1     297     762       0     352       1     119    1868       0       1
   13    1     290     793       0     356       2     103    1877       0       1
   14    1     317     795       1     353       5     104    1811       0       0
   15    1     337     814       0     345       5      93    1877       2       2
   16    1     302     813       0     349       1      95    1852       0       1
   17    1     342     733       0     323       4      96    1927       0       0
   18    1     305     801       0     326       3     100    1963       1       0
   19    1     320     857       0     323       7     101    1879       1       0
   20    1     324     806       0     332       5      99    1911       0       0
   21    1     323     784       0     330       4     117    1879       1       0
   22    1     312     840       0     360       4      98    1909       3       0
   23    1     293     847       0     373       1      94    1782       1       0
   24    1     312     798       0     342       4     106    1897       1       0
   25    1     304     787       0     364       5     116    1942       1       0
   26    1     338     815       0     356       1      75    2041       0       0
   27    1     335     842       0     363       3     117    1953       1       0
   28    1     335     861       0     349       2      83    1981       2       1
   29    1     346     811       0     320       4     111    2008       0       0
   30    1     325     848       0     376       3      99    1918       0       0
   31    1     342     762       0     367       0      97    1894       0       0
   32    1     316     852       0     378       7      88    2018       1       0
   33    1     333     810       0     355       6      83    1979       0       0
   34    1     351     853       0     374       8     107    1998       1       0
   35    1     301     847       0     366       3      98    1980       0       0
   36    1     345     826       0     321       7     129    1881       1       0
   37    1     326     852       0     342       2     115    1930       0       1
   38    1     319     852       0     363       0     100    2055       0       0
   39    1     335     790       0     360       6     104    1924       1       0
   40    1     338     874       0     332       3     102    2017       0       0
   41    1     344     849       0     389       5     114    1966       0       0
   42    1     352     861       0     327       3     102    1970       1       0
   43    1     333     809       0     370       5     108    1944       1       0
   44    1     333     800       0     372       2     109    1867       0       1
   45    1     330     803       0     339       1     111    1988       1       0
   46    1     319     817       0     361       4     110    1949       0       0
   47    1     323     864       0     345       4      98    1985       1       0
   48    1     332     813       0     336       3      76    1964       0       0
   49    1     342     862       1     331       2      75    1940       0       0
   50    1     314     806       0     384       1     117    2006       1       1
   51    1     315     837       0     403       3     110    1977       0       0
   52    1     325     817       0     302       0      94    1956       0       0
   53    1     324     813       0     361       7     109    1973       0       1
   54    1     354     800       0     388       2      92    2049       0       0
   55    1     329     800       1     361       4      98    1951       2       0
   56    1     325     838       0     394       6     116    1999       0       1
   57    1     356     856       0     358       1     112    1977       0       0
   58    1     323     873       0     339       4     111    2003       0       1
   59    1     335     894       0     376       6     110    1942       1       0
   60    1     338     841       0     367       3      91    2018       0       0
   61    1     314     822       0     360       2     100    2022       1       0
   62    1     359     870       0     375       3      96    1911       0       1
   63    1     322     776       0     356       1     112    2109       1       0
   64    1     331     801       0     385       2     102    1947       0       0
   65    1     315     857       1     328       5      94    2006       0       0
   66    1     310     812       0     378       1     103    2026       0       0
   67    1     346     815       0     401       2      97    2036       0       0
   68    1     340     810       0     348       5      93    1975       1       0
   69    1     336     789       0     351       4     100    2035       1       2
   70    1     331     808       0     384       0      86    2006       0       0
   71    1     305     829       1     339       7     101    1953       0       0
   72    1     318     859       0     362       4     100    2029       0       0
   73    1     342     825       0     358       3     116    2081       0       0
   74    1     358     812       0     357       3     103    1987       0       0
   75    1     338     812       0     339       4     100    1979       0       0
   76    1     330     780       0     396       2     103    2020       1       2
   77    1     313     853       0     371       2      92    2007       0       0
   78    1     300     821       0     324       1      79    1950       0       0
   79    1     325     811       0     350       4      94    2081       0       0
   80    1     361     845       0     391       2      98    2025       0       0
   81    1     339     842       0     375       5     100    2051       0       0
   82    1     360     839       1     339       4     107    2134       0       0
   83    1     298     854       0     364       5     101    1993       1       0
   84    1     330     818       0     346       1      95    2057       0       0
   85    1     322     831       0     363       5      88    2026       0       0
   86    1     318     853       0     360       9     116    1909       1       0
   87    1     339     800       0     350       3      92    2106       0       1
   88    1     340     803       0     369       3     114    1891       0       0
   89    1     364     823       0     371       4      92    2023       1       0
   90    1     377     849       0     377       1     107    2024       0       0
   91    1     342     832       0     355       4     111    2014       0       0
   92    1     313     839       0     371       5      99    2017       0       0
   93    1     297     855       0     369       3     100    2098       0       0
   94    1     318     835       0     340       4      94    2028       0       0
   95    1     314     819       0     327       4     113    1995       0       0
   96    1     336     787       0     382       5     102    2023       0       0
   97    1     330     871       0     352       1     106    1979       0       0
   98    1     302     850       0     363       7     110    2035       0       0
   99    1     325     857       1     388       2     105    2090       1       0
  100    1     330     809       0     373       1     117    1989       1       0
  101    1     296     851       0     373       4     112    2005       0       0
  102    1     321     867       0     332       4     101    2059       2       1
  103    1     309     858       1     387       5     110    2006       0       0
  104    1     337     826       0     386       0      96    2030       1       1
  105    1     302     827       0     382       4     116    2056       2       0
  106    1     348     849       0     367       1     105    2073       1       0
  107    1     336     804       1     383       2     104    2016       0       1
  108    1     333     833       0     363       4     109    2016       1       1
  109    1     287     802       0     351       1     108    1985       1       0
  110    1     313     776       0     366       4     109    1996       0       0
  111    1     341     843       0     330       2     104    1960       0       2
  112    1     350     850       0     321       7      87    2059       0       0
  113    1     320     808       0     358       3     105    2123       1       0
  114    1     341     858       0     349       3      94    2012       0       2
  115    1     338     848       0     336       2     103    2055       0       0
  116    1     333     786       0     342       1     101    1985       2       1
  117    1     327     837       0     361       4     115    2010       0       0
  118    1     298     762       1     366       4     120    2050       0       1
  119    1     306     795       0     354       6      76    2056       0       0
  120    1     293     797       0     358       2      88    2009       0       0
  121    1     353     840       0     366       5     102    1980       0       0
  122    1     348     955       0     351       8      89    1993       1       2
  123    1     337     867       0     343       0      92    2061       0       0
  124    1     351     821       0     384       4     108    2024       0       0
  125    1     302     812       0     371       3      94    2006       1       1
  126    1     325     843       0     340       4     110    1965       0       0
  127    1     327     798       0     377       0     109    2020       0       0
  128    1     292     807       0     363       2     104    2051       0       1
  129    1     303     822       0     331       0     100    1982       0       0
  130    1     315     841       0     320       3      99    2014       1       0
  131    1     314     833       2     368       4     100    1993       0       0
  132    1     321     775       0     378       4     109    2111       0       2
  133    1     340     826       0     356       3      95    1991       1       0
  134    1     346     853       0     366       3      93    2042       0       0
  135    1     326     837       0     354       6     103    1988       0       0
  136    1     318     817       0     367       1      86    2011       0       1
  137    1     319     792       0     361       2     109    2030       1       1
  138    1     309     817       0     325       3     112    2006       1       0
  139    1     312     790       0     353       1     115    2021       1       0
  140    1     315     849       0     327       1      90    1960       0       0
  141    1     334     799       0     351       3     110    1999       0       0
  142    1     301     863       0     370       3     116    1991       0       0
  143    1     301     768       0     370       7      91    2029       0       0
  144    1     339     823       0     348       6     110    1935       0       0
  145    1     329     757       0     368       1     100    2036       0       0
  146    1     337     790       0     394       1      77    2000       0       0
  147    1     313     810       1     373       0     100    2091       0       0
  148    1     308     835       0     350       0      95    2080       0       0
  149    1     326     798       0     343       3      90    1962       0       0
  150    1     331     813       0     380       5     110    2047       0       0
  151    1     342     824       0     372       3     111    2108       0       0
  152    1     298     848       0     361       4      85    2016       0       1
  153    1     334     841       0     347       5      87    2049       1       1
  154    1     311     837       0     380       2     105    2003       0       0
  155    1     304     828       0     370       3     111    2079       2       1
  156    1     339     804       0     347       2      94    2073       0       0
  157    1     308     815       0     363       2     115    2099       0       1
  158    1     329     844       0     351       4     108    2062       0       0
  159    1     270     829       0     340       3     104    2025       0       0
  160    1     318     827       0     388       0     106    2041       0       0
  161    1     321     830       0     360       3      98    2012       0       1
  162    1     337     833       0     382       2     109    2039       0       0
  163    1     321     836       0     389       6     100    2012       1       0
  164    1     293     858       0     351       2      83    2053       0       0
  165    1     297     830       0     377       6      88    2071       0       0
  166    1     320     821       0     407       0     106    2057       0       0
  167    1     296     789       0     332       4     102    1968       1       0
  168    1     304     782       0     356       2     103    2033       0       0
  169    1     289     785       0     360       4      92    2050       0       0
  170    1     301     775       0     338       2      96    2052       1       1
  171    1     315     786       0     386       3      96    2036       0       0
  172    1     322     760       0     377       2     118    2025       1       0
  173    1     272     842       0     372       1     100    2111       0       2
  174    1     285     820       0     331       2     110    1984       1       0
  175    1     279     811       0     367       1     109    2096       0       0
  176    1     307     755       0     367       4     100    2012       0       0
  177    1     336     838       1     376       2      97    2065       0       0
  178    1     326     833       0     379       1      97    2101       0       0
  179    1     289     828       0     381       2     112    1958       0       0
  180    1     307     802       0     351       5      97    2046       1       0
  181    1     302     800       0     322       3      96    1980       0       0
  182    1     326     834       0     380       1     135    2068       0       0
  183    1     290     764       0     389       5      95    1992       1       0
  184    1     284     782       0     368       1     111    2069       0       0
  185    1     311     747       0     349       1     112    1986       0       0
  186    1     292     825       0     361       7     102    2046       0       0
  187    1     318     786       1     369       2     108    2089       0       2
  188    1     310     785       0     360       4      96    2089       0       1
  189    1     313     776       0     335       2     101    2049       0       3
  190    1     292     760       1     371       2     105    2085       0       0
  191    1     308     798       0     356       5      87    1959       1       1
  192    1     283     763       0     329       3     114    2063       3       0
  193    1     286     784       0     385       5      92    1987       0       1
  194    1     259     774       0     371       5     115    2054       2       0
  195    1     280     824       0     312       1     108    1976       2       0
  196    1     300     791       0     361       2      86    2022       2       0
  197    1     257     818       1     380       3      97    2080       0       1
  198    1     296     812       1     390       0     100    2047       0       1
  199    1     294     743       0     397       3     106    2063       0       0
  200    1     301     808       0     379       3     101    2054       0       0
  201    1     322     771       0     369       5     109    2092       2       0
  202    1     281     775       0     364       4     125    2075       0       0
  203    1     250     759       0     332       2     118    2036       0       1
  204    1     294     778       0     370       0     100    2111       0       0
  205    1     269     771       0     354       4     103    2137       2       0
  206    1     282     782       0     364       5     100    2069       0       0
  207    1     269     773       0     370       5     118    2027       0       2
  208    1     288     819       0     352       4      98    2066       0       0
  209    1     283     795       1     342       3     113    2113       2       0
  210    1     268     793       0     378       2      94    2051       0       0
  211    1     261     751       0     374       3     101    2089       0       0
  212    1     282     772       0     347       4     104    2082       2       0
  213    1     298     725       0     344       3     102    2125       0       1
  214    1     275     785       0     353       4     111    2044       1       0
  215    1     272     744       0     409       3     125    2063       1       0
  216    1     288     825       0     367       6     126    2037       0       1
  217    1     290     774       0     422       4      97    2162       1       1
  218    1     264     710       0     370       3     104    2124       0       1
  219    1     261     726       0     400       2     104    2111       0       0
  220    1     276     774       0     365       4     113    2161       0       1
  221    1     277     767       0     355       5     107    2072       0       0
  222    1     242     744       0     369       5      96    2152       0       0
  223    1     269     746       0     354       1     101    2055       0       0
  224    1     249     743       1     393       3      94    2199       0       0
  225    1     257     721       0     394       2     104    2177       0       0
  226    1     240     786       0     368       0      97    2160       3       0
  227    1     244     763       0     356       4     119    2156       1       0
  228    1     273     736       0     345       5     119    2099       1       0
  229    1     267     735       0     390       6     124    2159       0       2
  230    1     292     715       0     370       5     104    2226       1       0
  231    1     295     745       0     391       3      98    2202       0       0
  232    1     280     729       0     390       6     113    2187       0       1
  233    1     225     725       0     367       1      88    2229       0       1
  234    1     273     724       0     386       2     116    2198       1       0
  235    1     207     731       0     369       2     121    2135       0       0
  236    1     250     696       0     399       3     117    2224       0       1
  237    1     274     688       0     385       4     109    2241       1       0
  238    1     228     715       0     358       2      97    2232       0       2
  239    1     236     683       0     374       3      99    2268       1       1
  240    1     235     675       0     363       5     114    2154       1       0
  241    1     256     690       0     402       4     114    2355       0       2
  242    1     255     693       0     400       5     116    2207       1       0
  243    1     242     747       0     395       1      93    2392       0       0
  244    1     260     676       0     385       5     119    2339       0       0
  245    1     219     690       0     403       5     106    2326       2       0
  246    1     240     722       0     381       3     110    2315       1       2
  247    1     204     675       0     401       3     105    2417       2       0
  248    1     238     639       1     395       3     141    2448       2       0
  249    1     255     712       0     398       4     124    2445       0       1
  250    1     220     644       0     446       4     130    2527       0       1
  251    1     225     658       1     419       1     131    2593       0       2
  252    1     245     619       0     407       1     120    2610       0       0
  253    1     227     572       0     417       1     129    2668       0       0
  254    1     203     593       0     426       1     133    2618       2       1
  255    1     221     579       0     466       2     139    2709       0       2
  256    1     213     558       0     449       5     122    2856       4       0
  257    1     180     563       0     402       1     164    2851       1       0
  258    1     157     565       0     434       1     140    2951       1       0
  259    1     162     505       0     470       1     167    2982       3       2
  260    1     145     482       0     425       3     128    2936       3       2
  261    1     166     490       0     422       2     136    3020       0       0
  262    1     130     426       0     453       2     169    3183       0       0
  263    1     124     440       0     411       1     153    3280       1       2
  264    1     106     400       0     417       0     151    3373       1       0
  265    1     104     356       0     428       0     166    3382       0       0
  266    1      75     353       0     394       0     163    3570       2       1
  267    1      71     319       0     406       1     179    3631       0       1
  268    1      59     294       0     323       0     176    3557       1       1
  269    1      29     242       0     271       0     159    3705       1       0
  270    1      29     181       0     278       1     136    3770       4       3
  271    1      11     171       1     261       0     131    3820       2       2
  272    1      11     107       0     223       0     125    3824       1       2
  273    1       7      83       0     195       0     120    3565       2       3
  274    1       8      55       0     182       0      81    3195       3       3
  275    1       4      37       0     158       0      58    2792       1       5
  276    1       4      25       0     119       0      35    2357       0       8
  277    1       2      16       0     141       0      24    1754       3       6
  278    1       2      22       0     118       0      25    1318       3       3
  279    1       1      19       0      94       0       5     923       3       1
  280    1       2      21       0      68       0       2     599       2       0
  281    1       3      16       0      56       0       5     335       3       0
  282    1       2      16       0      33       0       0     203       1       0
  283    1       0      21       0      12       0       2     121       4       0
  284    1       0      17       0      16       0       1      93       3       0
  285    1       5      20       0       3       0       0      74       1       0
  286    1       1      23       0      10       0       0      73       1       0
  287    1       3      18       0      11       0       1      82       0       0
  288    1       1      16       0       5       0       2      72       0       0
  289    1       2      15       0       7       0       1      73       0       0
  290    1       2      14       0       3       0       0      67       0       0
  291    1       6      15       0       7       0       2      71       0       0
  292    1       1      26       0       6       0       3      79       0       0
  293    1       3      18       0       8       0       2      73       0       0
  294    1       1      14       0       9       0       0      62       0       0
  295    1       4      15       0      13       0       1      73       0       0
  296    1       0      20       0       5       0       1      74       1       0
  297    1       2      20       0       2       0       3      50       0       0
  298    1       3      16       0      10       0       2      69       0       0
  299    1       1      20       0       7       0       2      60       0       0
  300    1       2      11       0       8       0       2      63       0       0
  301    0       0       0       0       0       0       0       0       0       0
   SUM ==>   80142  210714      23  100489     828   29365  596910     162     127
