10000000
300
 ZONE MED   LOSS(MEV)      (MEV)    EXCITATION    PI0   (MEV)        PI+     K+    MU-    MU+     PROT    DEUT    TRIT     HE3    ALPH     ELSC    INEL    FISS
   1   1  0.450064E+07 0.636758E+03 0.3635E+02      3 0.3055E+02       0      0      0      0     4641     975     263     613    2790     3620   11051       0
   2   1  0.454898E+07 0.636346E+03 0.8931E+01      1 0.1082E+01       0      0      0      0     6282    1170     309     632    2871     3647   11205       0
   3   1  0.458405E+07 0.659138E+03 0.1752E+02      0 0.0000E+00       0      0      0      0     7189    1201     304     653    2765     3746   11266       0
   4   1  0.461368E+07 0.652351E+03 0.0000E+00      0 0.0000E+00       0      0      0      0     7829    1269     329     654    2893     3785   11490       0
   5   1  0.463895E+07 0.661901E+03 0.3635E+01      3 0.2588E+02       0      0      0      0     8282    1179     289     702    2937     3814   11514       0
   6   1  0.466040E+07 0.682770E+03 0.6434E+01      1 0.2388E+02       0      0      0      0     8681    1217     318     686    2739     3903   11413       0
   7   1  0.468042E+07 0.672541E+03 0.2074E+02      0 0.0000E+00       0      0      0      0     9128    1230     311     647    2758     3899   11534       0
   8   1  0.470206E+07 0.696862E+03 0.3269E+02      3 0.5105E+02       0      0      0      0     9437    1199     315     619    2759     4085   11607       0
   9   1  0.472545E+07 0.707463E+03 0.1747E+02      1 0.1336E+02       0      0      0      0     9706    1256     290     668    2911     4103   11941       0
  10   1  0.474022E+07 0.674885E+03 0.4882E+02      4 0.3038E+02       0      0      0      0    10035    1238     299     627    2820     4151   11577       0
  11   1  0.475914E+07 0.687863E+03 0.3348E+02      1 0.5728E+01       0      0      0      0    10385    1243     289     671    2791     4075   11724       0
  12   1  0.477252E+07 0.705785E+03 0.1721E+02      4 0.5562E+02       0      0      0      0    10416    1215     341     634    2835     4151   11715       0
  13   1  0.479321E+07 0.706962E+03 0.2847E+01      0 0.0000E+00       0      0      0      0    10680    1220     326     698    2928     4258   12013       0
  14   1  0.481240E+07 0.704530E+03 0.1539E+02      4 0.5368E+02       0      0      0      0    10968    1234     329     708    3003     4200   12044       0
  15   1  0.482597E+07 0.722366E+03 0.1793E+02      3 0.3847E+02       0      0      0      0    11160    1186     307     647    3053     4241   12054       0
  16   1  0.483846E+07 0.721520E+03 0.7413E+01      1 0.5304E+01       0      0      0      0    11201    1296     296     649    2870     4316   11975       0
  17   1  0.485256E+07 0.749776E+03 0.3031E+02      2 0.1870E+02       0      0      0      0    11508    1288     326     654    2926     4322   12071       0
  18   1  0.486878E+07 0.728478E+03 0.9618E+01      3 0.2293E+02       0      0      0      0    11602    1287     335     673    2989     4367   12077       0
  19   1  0.488189E+07 0.735822E+03 0.3956E+02      1 0.1245E+02       0      0      0      0    11807    1247     332     623    2958     4371   12169       0
  20   1  0.489725E+07 0.738584E+03 0.2848E+02      1 0.2422E+02       0      0      0      0    11935    1241     321     689    3082     4489   12242       0
  21   1  0.490947E+07 0.728364E+03 0.1089E+02      1 0.1704E+02       0      0      0      0    12038    1290     329     640    2871     4398   12135       0
  22   1  0.492262E+07 0.732517E+03 0.3417E+02      3 0.3457E+02       0      0      0      0    12322    1324     320     607    2941     4502   12255       0
  23   1  0.493369E+07 0.745722E+03 0.2007E+02      1 0.2261E+02       0      0      0      0    12351    1273     311     694    2967     4530   12133       0
  24   1  0.494650E+07 0.735201E+03 0.1077E+02      2 0.1893E+01       0      0      0      0    12397    1221     307     706    3033     4521   12305       0
  25   1  0.495858E+07 0.755281E+03 0.1026E+02      0 0.0000E+00       0      0      0      0    12527    1205     309     653    3029     4499   12354       0
  26   1  0.497035E+07 0.763524E+03 0.1726E+02      5 0.2603E+02       0      0      0      0    12609    1183     322     647    2983     4696   12156       0
  27   1  0.498702E+07 0.763682E+03 0.2051E+02      0 0.0000E+00       0      0      0      0    12819    1188     328     668    3004     4714   12459       0
  28   1  0.499912E+07 0.780251E+03 0.3859E+02      3 0.3444E+02       0      0      0      0    12939    1284     307     635    3003     4725   12331       0
  29   1  0.500992E+07 0.772833E+03 0.3223E+02      2 0.1870E+02       0      0      0      0    13126    1290     335     598    2952     4747   12272       0
  30   1  0.502333E+07 0.818654E+03 0.1822E+02      0 0.0000E+00       0      0      0      0    13350    1244     335     654    2929     4887   12570       0
  31   1  0.503599E+07 0.793377E+03 0.3375E+02      0 0.0000E+00       0      0      0      0    13567    1309     333     643    2966     4747   12611       0
  32   1  0.504395E+07 0.768688E+03 0.1605E+02      1 0.5582E+01       0      0      0      0    13331    1200     344     642    2980     4811   12604       0
  33   1  0.505602E+07 0.783097E+03 0.3790E+02      0 0.0000E+00       0      0      0      0    13523    1282     331     664    3067     4947   12432       0
  34   1  0.506685E+07 0.801025E+03 0.4180E+02      1 0.1486E+02       0      0      0      0    13577    1184     287     657    2996     4980   12544       0
  35   1  0.508083E+07 0.796012E+03 0.1320E+02      1 0.1314E+02       0      0      0      0    13855    1254     310     721    3082     4923   12618       0
  36   1  0.509067E+07 0.812043E+03 0.8471E+01      0 0.0000E+00       0      0      0      0    13906    1237     335     634    3077     4944   12764       0
  37   1  0.510193E+07 0.829012E+03 0.3391E+02      0 0.0000E+00       0      0      0      0    13966    1286     325     623    2977     4986   12687       0
  38   1  0.511623E+07 0.770745E+03 0.1618E+02      1 0.2126E+02       0      0      0      0    14215    1213     335     668    3006     4923   12669       0
  39   1  0.512598E+07 0.824002E+03 0.4603E+01      0 0.0000E+00       0      0      0      0    14147    1260     307     624    3192     5123   12613       0
  40   1  0.513359E+07 0.830547E+03 0.1922E+02      0 0.0000E+00       0      0      0      0    14149    1300     343     624    2999     5024   12637       0
  41   1  0.514643E+07 0.810688E+03 0.4036E+02      0 0.0000E+00       0      0      0      0    14477    1306     294     666    3053     5102   12720       0
  42   1  0.515313E+07 0.835022E+03 0.2924E+02      0 0.0000E+00       0      0      0      0    14538    1280     333     654    3036     5109   12741       0
  43   1  0.516387E+07 0.818379E+03 0.1491E+02      0 0.0000E+00       0      0      0      0    14154    1291     314     669    3024     5154   12707       0
  44   1  0.517406E+07 0.823490E+03 0.1963E+02      2 0.7302E+01       0      0      0      0    14440    1302     293     687    3039     5140   12714       0
  45   1  0.518408E+07 0.827717E+03 0.1591E+02      0 0.0000E+00       0      0      0      0    14393    1237     300     636    3164     5202   12893       0
  46   1  0.519618E+07 0.847805E+03 0.1424E+02      0 0.0000E+00       0      0      0      0    14680    1288     316     615    2930     5308   12942       0
  47   1  0.520872E+07 0.862287E+03 0.1547E+02      0 0.0000E+00       0      0      0      0    14918    1259     323     579    3017     5342   12756       0
  48   1  0.521976E+07 0.899676E+03 0.1190E+02      1 0.7900E+01       0      0      0      0    14953    1274     334     615    2952     5503   12981       0
  49   1  0.523047E+07 0.859199E+03 0.3604E+02      0 0.0000E+00       0      0      0      0    14953    1292     322     674    3084     5387   13096       0
  50   1  0.523893E+07 0.861329E+03 0.1979E+02      0 0.0000E+00       0      0      0      0    15070    1270     335     676    3073     5365   12978       0
  51   1  0.524732E+07 0.845358E+03 0.1657E+02      0 0.0000E+00       0      0      0      0    15140    1246     323     672    3038     5305   13017       0
  52   1  0.525865E+07 0.864946E+03 0.1111E+02      0 0.0000E+00       0      0      0      0    15014    1252     325     633    2999     5445   12961       0
  53   1  0.526970E+07 0.896245E+03 0.1501E+02      0 0.0000E+00       0      0      0      0    15288    1259     307     659    3182     5617   12962       0
  54   1  0.527921E+07 0.867080E+03 0.0000E+00      1 0.1671E+02       0      0      0      0    15539    1266     333     700    3065     5363   12936       0
  55   1  0.528635E+07 0.862914E+03 0.3294E+02      1 0.2026E+02       0      0      0      0    15274    1207     312     695    3122     5555   13002       0
  56   1  0.529723E+07 0.905761E+03 0.1764E+02      2 0.9620E+01       0      0      0      0    15456    1210     312     661    3094     5535   13080       0
  57   1  0.530737E+07 0.843612E+03 0.3288E+02      0 0.0000E+00       0      0      0      0    15472    1234     313     639    2952     5496   13057       0
  58   1  0.532072E+07 0.891432E+03 0.2842E+02      0 0.0000E+00       0      0      0      0    15734    1227     313     632    3151     5636   13192       0
  59   1  0.532456E+07 0.892902E+03 0.3243E+02      0 0.0000E+00       0      0      0      0    15663    1276     336     674    3142     5745   13039       0
  60   1  0.533721E+07 0.891521E+03 0.1556E+02      0 0.0000E+00       0      0      0      0    15655    1246     310     663    3170     5612   13142       0
  61   1  0.534978E+07 0.913244E+03 0.2970E+02      0 0.0000E+00       0      0      0      0    15896    1257     319     688    3227     5709   13128       0
  62   1  0.535620E+07 0.913912E+03 0.4647E+02      0 0.0000E+00       0      0      0      0    15998    1261     335     697    3221     5891   13065       0
  63   1  0.536614E+07 0.924950E+03 0.8537E+01      0 0.0000E+00       0      0      0      0    16112    1218     312     650    3043     5855   13053       0
  64   1  0.537473E+07 0.933761E+03 0.2541E+02      0 0.0000E+00       0      0      0      0    16066    1262     313     646    2917     5855   13387       0
  65   1  0.538781E+07 0.912493E+03 0.1558E+02      0 0.0000E+00       0      0      0      0    16230    1297     335     637    3110     5867   13326       0
  66   1  0.539677E+07 0.905716E+03 0.3888E+02      0 0.0000E+00       0      0      0      0    16320    1251     302     626    3109     5787   13288       0
  67   1  0.539972E+07 0.905069E+03 0.4324E+00      0 0.0000E+00       0      0      0      0    16440    1266     283     658    3052     5883   13030       0
  68   1  0.541198E+07 0.927452E+03 0.2522E+02      0 0.0000E+00       0      0      0      0    16387    1312     299     693    3120     6015   13270       0
  69   1  0.541963E+07 0.932072E+03 0.1496E+02      0 0.0000E+00       0      0      0      0    16334    1288     322     679    3039     5994   13276       0
  70   1  0.543056E+07 0.937415E+03 0.3182E+02      0 0.0000E+00       0      0      0      0    16182    1297     326     659    3119     5837   13273       0
  71   1  0.543882E+07 0.923432E+03 0.4528E+02      0 0.0000E+00       0      0      0      0    16724    1288     332     613    3144     6022   13367       0
  72   1  0.544914E+07 0.926272E+03 0.0000E+00      1 0.1713E+01       0      0      0      0    16577    1253     336     679    3049     5967   13276       0
  73   1  0.545478E+07 0.920798E+03 0.1590E+02      1 0.4196E+01       0      0      0      0    16490    1254     302     634    3056     6059   13044       0
  74   1  0.546099E+07 0.914540E+03 0.6058E+02      0 0.0000E+00       0      0      0      0    16479    1285     285     649    2915     6006   13093       0
  75   1  0.547207E+07 0.973499E+03 0.3058E+02      0 0.0000E+00       0      0      0      0    16571    1210     319     647    3001     6177   13203       0
  76   1  0.548187E+07 0.939019E+03 0.4101E+01      0 0.0000E+00       0      0      0      0    16663    1195     310     621    3139     6145   13295       0
  77   1  0.549309E+07 0.946475E+03 0.5569E+01      0 0.0000E+00       0      0      0      0    16720    1339     316     702    3234     6278   13225       0
  78   1  0.550028E+07 0.943434E+03 0.1725E+02      0 0.0000E+00       0      0      0      0    17028    1191     309     650    3065     6213   13165       0
  79   1  0.551073E+07 0.964566E+03 0.3147E+02      0 0.0000E+00       0      0      0      0    17025    1294     304     713    3191     6203   13462       0
  80   1  0.551854E+07 0.952487E+03 0.2606E+02      0 0.0000E+00       0      0      0      0    16854    1331     311     635    3134     6187   13234       0
  81   1  0.552840E+07 0.951215E+03 0.1712E+02      0 0.0000E+00       0      0      0      0    16875    1262     289     648    3143     6174   13287       0
  82   1  0.553583E+07 0.942694E+03 0.1456E+02      0 0.0000E+00       0      0      0      0    17294    1252     303     635    3007     6312   13277       0
  83   1  0.554428E+07 0.979509E+03 0.3736E+02      0 0.0000E+00       0      0      0      0    17018    1226     320     624    3126     6362   13238       0
  84   1  0.555537E+07 0.976256E+03 0.3096E+02      0 0.0000E+00       0      0      0      0    17366    1288     326     709    3204     6234   13510       0
  85   1  0.556391E+07 0.100029E+04 0.1659E+02      0 0.0000E+00       0      0      0      0    17215    1335     285     657    3103     6425   13390       0
  86   1  0.556992E+07 0.981264E+03 0.2682E+02      0 0.0000E+00       0      0      0      0    17324    1280     310     646    3072     6413   13191       0
  87   1  0.558095E+07 0.100375E+04 0.3938E+02      0 0.0000E+00       0      0      0      0    17403    1295     304     602    3132     6525   13566       0
  88   1  0.558879E+07 0.100197E+04 0.1065E+02      0 0.0000E+00       0      0      0      0    17530    1328     288     661    3098     6535   13373       0
  89   1  0.559449E+07 0.981025E+03 0.3140E+02      0 0.0000E+00       0      0      0      0    17498    1209     299     645    3079     6441   13380       0
  90   1  0.560055E+07 0.985227E+03 0.2712E+02      0 0.0000E+00       0      0      0      0    17245    1270     292     658    3119     6530   13268       0
  91   1  0.561294E+07 0.100138E+04 0.2257E+02      0 0.0000E+00       0      0      0      0    17449    1334     317     673    3088     6548   13510       0
  92   1  0.562431E+07 0.997137E+03 0.1660E+02      0 0.0000E+00       0      0      0      0    17646    1235     338     695    3329     6647   13554       0
  93   1  0.563097E+07 0.981908E+03 0.2027E+02      0 0.0000E+00       0      0      0      0    17563    1238     343     630    3200     6411   13486       0
  94   1  0.563685E+07 0.100514E+04 0.2002E+02      0 0.0000E+00       0      0      0      0    17635    1268     310     623    2971     6591   13343       0
  95   1  0.564645E+07 0.975194E+03 0.1848E+02      0 0.0000E+00       0      0      0      0    17680    1296     326     692    3110     6537   13466       0
  96   1  0.565417E+07 0.102748E+04 0.1402E+02      0 0.0000E+00       0      0      0      0    17520    1286     303     664    3147     6620   13442       0
  97   1  0.566520E+07 0.101817E+04 0.3972E+02      0 0.0000E+00       0      0      0      0    17592    1328     298     650    3157     6643   13574       0
  98   1  0.567150E+07 0.102240E+04 0.2901E+02      0 0.0000E+00       0      0      0      0    17651    1288     324     676    3092     6729   13353       0
  99   1  0.568341E+07 0.103339E+04 0.6501E+02      0 0.0000E+00       0      0      0      0    17952    1292     327     646    3236     6887   13560       0
 100   1  0.569026E+07 0.103139E+04 0.2152E+02      0 0.0000E+00       0      0      0      0    18037    1281     320     598    3080     6782   13346       0
 101   1  0.569698E+07 0.103733E+04 0.4994E+02      0 0.0000E+00       0      0      0      0    17998    1229     313     585    3135     6802   13480       0
 102   1  0.570608E+07 0.102247E+04 0.3381E+02      0 0.0000E+00       0      0      0      0    17997    1215     294     658    3101     6819   13510       0
 103   1  0.571416E+07 0.102885E+04 0.1974E+02      0 0.0000E+00       0      0      0      0    18116    1228     279     654    3184     6819   13566       0
 104   1  0.572406E+07 0.104822E+04 0.5963E+02      0 0.0000E+00       0      0      0      0    17927    1298     326     637    3219     7031   13572       0
 105   1  0.572607E+07 0.103995E+04 0.1592E+02      0 0.0000E+00       0      0      0      0    18122    1275     320     623    3131     6882   13281       0
 106   1  0.573706E+07 0.105121E+04 0.1438E+02      0 0.0000E+00       0      0      0      0    18172    1186     335     660    3253     6921   13607       0
 107   1  0.574081E+07 0.104399E+04 0.5282E+02      0 0.0000E+00       0      0      0      0    17874    1242     299     661    2973     7028   13257       0
 108   1  0.574966E+07 0.103506E+04 0.4640E+02      0 0.0000E+00       0      0      0      0    18013    1224     297     641    3058     6949   13324       0
 109   1  0.575951E+07 0.104451E+04 0.2776E+02      0 0.0000E+00       0      0      0      0    18159    1236     311     602    3139     6989   13486       0
 110   1  0.577108E+07 0.104081E+04 0.3676E+02      0 0.0000E+00       0      0      0      0    18305    1244     306     645    3149     6903   13486       0
 111   1  0.577879E+07 0.101811E+04 0.3796E+02      0 0.0000E+00       0      0      0      0    18124    1268     311     643    3168     6908   13452       0
 112   1  0.578698E+07 0.107979E+04 0.5161E+02      0 0.0000E+00       0      0      0      0    18540    1228     314     650    3210     7160   13642       0
 113   1  0.579321E+07 0.106967E+04 0.7688E+01      0 0.0000E+00       0      0      0      0    18512    1252     313     605    3214     7130   13371       0
 114   1  0.580727E+07 0.107039E+04 0.1739E+02      0 0.0000E+00       0      0      0      0    18452    1304     316     630    3299     7225   13589       0
 115   1  0.581230E+07 0.107545E+04 0.5235E+02      0 0.0000E+00       0      0      0      0    18473    1248     300     650    3243     7182   13538       0
 116   1  0.581811E+07 0.110238E+04 0.3664E+02      0 0.0000E+00       0      0      0      0    18537    1220     335     673    3221     7362   13370       0
 117   1  0.582455E+07 0.110232E+04 0.2412E+02      0 0.0000E+00       0      0      0      0    18773    1203     317     643    3210     7384   13417       0
 118   1  0.582583E+07 0.107294E+04 0.3200E+01      0 0.0000E+00       0      0      0      0    18374    1235     319     681    2987     7231   13526       0
 119   1  0.583585E+07 0.111293E+04 0.1208E+02      0 0.0000E+00       0      0      0      0    18457    1237     313     623    3177     7553   13549       0
 120   1  0.584584E+07 0.110359E+04 0.2157E+02      0 0.0000E+00       0      0      0      0    18343    1232     311     666    3190     7455   13383       0
 121   1  0.585138E+07 0.107989E+04 0.1991E+02      0 0.0000E+00       0      0      0      0    18438    1207     294     657    3118     7531   13262       0
 122   1  0.585899E+07 0.111365E+04 0.5699E+02      0 0.0000E+00       0      0      0      0    18641    1221     322     642    3081     7660   13310       0
 123   1  0.586830E+07 0.111319E+04 0.2058E+02      0 0.0000E+00       0      0      0      0    18636    1293     314     657    3204     7689   13621       0
 124   1  0.587564E+07 0.112972E+04 0.2107E+02      0 0.0000E+00       0      0      0      0    18640    1266     307     595    3149     7796   13343       0
 125   1  0.588581E+07 0.110888E+04 0.1643E+02      0 0.0000E+00       0      0      0      0    18747    1273     312     606    3122     7641   13509       0
 126   1  0.589221E+07 0.112801E+04 0.1541E+01      0 0.0000E+00       0      0      0      0    18675    1304     303     623    3032     7878   13330       0
 127   1  0.590394E+07 0.113383E+04 0.4010E+02      0 0.0000E+00       0      0      0      0    18941    1224     298     605    3149     7671   13489       0
 128   1  0.591223E+07 0.114188E+04 0.1216E+02      0 0.0000E+00       0      0      0      0    19034    1166     314     629    3087     7883   13483       0
 129   1  0.592033E+07 0.113950E+04 0.3605E+02      0 0.0000E+00       0      0      0      0    19291    1162     318     593    3092     7822   13284       0
 130   1  0.592892E+07 0.116544E+04 0.2052E+02      0 0.0000E+00       0      0      0      0    18509    1275     302     663    3073     8043   13448       0
 131   1  0.593556E+07 0.114068E+04 0.2015E+02      0 0.0000E+00       0      0      0      0    18890    1270     316     629    3122     7835   13505       0
 132   1  0.594517E+07 0.115040E+04 0.1887E+02      0 0.0000E+00       0      0      0      0    18867    1217     285     642    3077     7978   13481       0
 133   1  0.595875E+07 0.114718E+04 0.1539E+02      0 0.0000E+00       0      0      0      0    19172    1301     286     602    3083     7999   13682       0
 134   1  0.596413E+07 0.116547E+04 0.1177E+02      0 0.0000E+00       0      0      0      0    19101    1207     291     676    3091     7947   13460       0
 135   1  0.597456E+07 0.114981E+04 0.1985E+02      0 0.0000E+00       0      0      0      0    19168    1290     295     659    3076     7907   13661       0
 136   1  0.598328E+07 0.117569E+04 0.6740E+01      0 0.0000E+00       0      0      0      0    19340    1263     312     610    3102     8031   13787       0
 137   1  0.599388E+07 0.120643E+04 0.9570E+01      0 0.0000E+00       0      0      0      0    19356    1260     269     672    3343     8161   13512       0
 138   1  0.599711E+07 0.119138E+04 0.1370E+02      0 0.0000E+00       0      0      0      0    19103    1210     295     646    3180     8144   13409       0
 139   1  0.600551E+07 0.118680E+04 0.3198E+02      0 0.0000E+00       0      0      0      0    19213    1255     300     600    3295     8143   13572       0
 140   1  0.601627E+07 0.117145E+04 0.1416E+02      0 0.0000E+00       0      0      0      0    19140    1304     328     599    3170     8244   13645       0
 141   1  0.602312E+07 0.120994E+04 0.3456E+02      0 0.0000E+00       0      0      0      0    19447    1248     323     635    3091     8233   13686       0
 142   1  0.602976E+07 0.120975E+04 0.2371E+02      0 0.0000E+00       0      0      0      0    19318    1187     267     650    3117     8463   13448       0
 143   1  0.603766E+07 0.120615E+04 0.6363E+01      0 0.0000E+00       0      0      0      0    19592    1268     309     621    3250     8528   13359       0
 144   1  0.604072E+07 0.119864E+04 0.2757E+02      0 0.0000E+00       0      0      0      0    19337    1239     305     587    3200     8410   13415       0
 145   1  0.604948E+07 0.121215E+04 0.2414E+02      0 0.0000E+00       0      0      0      0    19526    1229     253     619    3171     8479   13543       0
 146   1  0.605866E+07 0.126186E+04 0.1732E+02      0 0.0000E+00       0      0      0      0    19476    1260     313     667    3179     8689   13623       0
 147   1  0.606315E+07 0.125076E+04 0.5559E+02      0 0.0000E+00       0      0      0      0    19586    1259     309     589    3148     8593   13542       0
 148   1  0.606951E+07 0.122990E+04 0.2897E+02      0 0.0000E+00       0      0      0      0    19694    1201     282     648    3176     8672   13679       0
 149   1  0.607542E+07 0.123851E+04 0.3748E+02      0 0.0000E+00       0      0      0      0    19557    1208     285     590    3121     8661   13552       0
 150   1  0.608283E+07 0.126144E+04 0.4851E+02      0 0.0000E+00       0      0      0      0    19737    1176     299     655    3126     8829   13587       0
 151   1  0.609549E+07 0.125753E+04 0.4453E+00      0 0.0000E+00       0      0      0      0    19515    1175     280     675    3193     8694   13721       0
 152   1  0.610757E+07 0.125795E+04 0.1569E+02      0 0.0000E+00       0      0      0      0    19500    1183     277     655    3221     8880   13371       0
 153   1  0.612452E+07 0.126269E+04 0.1095E+02      0 0.0000E+00       0      0      0      0    19699    1202     268     624    3054     8833   13425       0
 154   1  0.614982E+07 0.130222E+04 0.2086E+02      0 0.0000E+00       0      0      0      0    19773    1228     288     648    3120     9017   13707       0
 155   1  0.617538E+07 0.127763E+04 0.1355E+02      0 0.0000E+00       0      0      0      0    19635    1146     301     635    3272     8976   13704       0
 156   1  0.619629E+07 0.126809E+04 0.1585E+02      0 0.0000E+00       0      0      0      0    19767    1184     284     611    3143     8915   13565       0
 157   1  0.621733E+07 0.127953E+04 0.7141E+01      0 0.0000E+00       0      0      0      0    19781    1196     287     633    3109     9180   13440       0
 158   1  0.623921E+07 0.131182E+04 0.3843E+01      0 0.0000E+00       0      0      0      0    20210    1232     283     695    3298     9198   13680       0
 159   1  0.624709E+07 0.132991E+04 0.2571E+02      0 0.0000E+00       0      0      0      0    19969    1239     299     606    3072     9233   13449       0
 160   1  0.626157E+07 0.132141E+04 0.2783E+02      0 0.0000E+00       0      0      0      0    19772    1199     286     578    3120     9391   13429       0
 161   1  0.627435E+07 0.130741E+04 0.2610E+02      0 0.0000E+00       0      0      0      0    19982    1153     266     604    3161     9390   13493       0
 162   1  0.628673E+07 0.134195E+04 0.2824E+02      0 0.0000E+00       0      0      0      0    20005    1198     278     602    3260     9417   13580       0
 163   1  0.629871E+07 0.131044E+04 0.2601E+02      0 0.0000E+00       0      0      0      0    19960    1230     296     618    3133     9397   13475       0
 164   1  0.631134E+07 0.134454E+04 0.6839E+01      0 0.0000E+00       0      0      0      0    20147    1179     302     604    3065     9631   13813       0
 165   1  0.632263E+07 0.131062E+04 0.1242E+02      0 0.0000E+00       0      0      0      0    19948    1128     293     613    3186     9545   13336       0
 166   1  0.633210E+07 0.136477E+04 0.3335E+02      0 0.0000E+00       0      0      0      0    20088    1201     274     603    3025     9680   13460       0
 167   1  0.634477E+07 0.134702E+04 0.2919E+02      0 0.0000E+00       0      0      0      0    20058    1190     265     585    3054     9706   13452       0
 168   1  0.635827E+07 0.135200E+04 0.3208E+02      0 0.0000E+00       0      0      0      0    20219    1172     243     588    3068     9754   13337       0
 169   1  0.637070E+07 0.136880E+04 0.3455E+02      0 0.0000E+00       0      0      0      0    20267    1159     302     588    3086     9828   13363       0
 170   1  0.638220E+07 0.141634E+04 0.3340E+02      0 0.0000E+00       0      0      0      0    20164    1152     289     578    3118    10023   13550       0
 171   1  0.639924E+07 0.140162E+04 0.1702E+02      0 0.0000E+00       0      0      0      0    20383    1210     299     635    3103     9971   13504       0
 172   1  0.640853E+07 0.141400E+04 0.3039E+02      0 0.0000E+00       0      0      0      0    20322    1180     307     612    3077    10175   13554       0
 173   1  0.642214E+07 0.141183E+04 0.4013E+02      0 0.0000E+00       0      0      0      0    20126    1141     280     556    3104    10141   13653       0
 174   1  0.643734E+07 0.141166E+04 0.1851E+02      0 0.0000E+00       0      0      0      0    20212    1164     268     596    3105    10340   13418       0
 175   1  0.644993E+07 0.140209E+04 0.2460E+02      0 0.0000E+00       0      0      0      0    20466    1181     246     541    3091    10353   13344       0
 176   1  0.646189E+07 0.141355E+04 0.1377E+02      0 0.0000E+00       0      0      0      0    20197    1194     288     587    3136    10377   13522       0
 177   1  0.647722E+07 0.144909E+04 0.1139E+02      0 0.0000E+00       0      0      0      0    20435    1216     260     574    3011    10479   13512       0
 178   1  0.648934E+07 0.146339E+04 0.1041E+02      0 0.0000E+00       0      0      0      0    20422    1199     280     560    3107    10688   13392       0
 179   1  0.650672E+07 0.144905E+04 0.1065E+02      0 0.0000E+00       0      0      0      0    20539    1181     283     610    3082    10741   13501       0
 180   1  0.651885E+07 0.147512E+04 0.2788E+02      0 0.0000E+00       0      0      0      0    20461    1199     241     604    3077    10667   13472       0
 181   1  0.653617E+07 0.144959E+04 0.1840E+02      0 0.0000E+00       0      0      0      0    20562    1134     291     621    3176    10727   13508       0
 182   1  0.655125E+07 0.149283E+04 0.4885E+02      0 0.0000E+00       0      0      0      0    20674    1102     258     565    3100    10829   13482       0
 183   1  0.656273E+07 0.155239E+04 0.5125E+02      0 0.0000E+00       0      0      0      0    20422    1086     268     566    3047    11203   13416       0
 184   1  0.658269E+07 0.151418E+04 0.4037E+02      0 0.0000E+00       0      0      0      0    20797    1130     279     620    3139    11021   13386       0
 185   1  0.659706E+07 0.148715E+04 0.3634E+02      0 0.0000E+00       0      0      0      0    20655    1184     259     591    3078    11000   13566       0
 186   1  0.661262E+07 0.151428E+04 0.2981E+02      0 0.0000E+00       0      0      0      0    20706    1158     266     555    3135    11097   13406       0
 187   1  0.662900E+07 0.157151E+04 0.1628E+02      0 0.0000E+00       0      0      0      0    20792    1160     264     562    3128    11350   13461       0
 188   1  0.664461E+07 0.155596E+04 0.2150E+02      0 0.0000E+00       0      0      0      0    20684    1143     254     605    3118    11457   13502       0
 189   1  0.666182E+07 0.155517E+04 0.7327E+01      0 0.0000E+00       0      0      0      0    20917    1153     251     610    3056    11487   13411       0
 190   1  0.667530E+07 0.156307E+04 0.2182E+02      0 0.0000E+00       0      0      0      0    20760    1141     256     582    2938    11574   13442       0
 191   1  0.669379E+07 0.159013E+04 0.2804E+02      0 0.0000E+00       0      0      0      0    20820    1114     289     564    3249    11603   13556       0
 192   1  0.671232E+07 0.156730E+04 0.5059E+02      0 0.0000E+00       0      0      0      0    20734    1103     272     566    3094    11567   13582       0
 193   1  0.672912E+07 0.157695E+04 0.5497E+01      0 0.0000E+00       0      0      0      0    20942    1156     271     624    3016    11744   13410       0
 194   1  0.674586E+07 0.160700E+04 0.2624E+02      0 0.0000E+00       0      0      0      0    20805    1075     280     611    3090    11724   13284       0
 195   1  0.676462E+07 0.162225E+04 0.3206E+02      0 0.0000E+00       0      0      0      0    21046    1111     240     602    3103    11926   13386       0
 196   1  0.678481E+07 0.162425E+04 0.9862E+01      0 0.0000E+00       0      0      0      0    21268    1217     256     602    3126    12011   13782       0
 197   1  0.679666E+07 0.165675E+04 0.2509E+02      0 0.0000E+00       0      0      0      0    21029    1189     250     573    2985    12321   13361       0
 198   1  0.681673E+07 0.166472E+04 0.6116E+01      0 0.0000E+00       0      0      0      0    21357    1162     256     537    3089    12271   13674       0
 199   1  0.683295E+07 0.166574E+04 0.1657E+02      0 0.0000E+00       0      0      0      0    21208    1131     241     559    3129    12366   13515       0
 200   1  0.685103E+07 0.167643E+04 0.8282E+01      0 0.0000E+00       0      0      0      0    21412    1100     278     607    3104    12486   13445       0
 201   1  0.686827E+07 0.164603E+04 0.3059E+02      0 0.0000E+00       0      0      0      0    21316    1112     244     617    3150    12393   13453       0
 202   1  0.688746E+07 0.171661E+04 0.2147E+02      0 0.0000E+00       0      0      0      0    21650    1102     235     593    3036    12791   13721       0
 203   1  0.690333E+07 0.170360E+04 0.2679E+02      0 0.0000E+00       0      0      0      0    21355    1122     233     584    3010    12686   13325       0
 204   1  0.692478E+07 0.170408E+04 0.5610E+02      0 0.0000E+00       0      0      0      0    21417    1120     252     596    3125    12859   13625       0
 205   1  0.694401E+07 0.172948E+04 0.2695E+02      0 0.0000E+00       0      0      0      0    21271    1185     265     592    3031    13027   13493       0
 206   1  0.696778E+07 0.171137E+04 0.1691E+02      0 0.0000E+00       0      0      0      0    21457    1132     224     560    3082    12877   13482       0
 207   1  0.699700E+07 0.173880E+04 0.9336E+01      0 0.0000E+00       0      0      0      0    21637    1126     261     537    3046    13190   13603       0
 208   1  0.702868E+07 0.176234E+04 0.3295E+02      0 0.0000E+00       0      0      0      0    21459    1112     257     590    3136    13347   13762       0
 209   1  0.705763E+07 0.180335E+04 0.3973E+02      0 0.0000E+00       0      0      0      0    21910    1158     274     582    3065    13502   13620       0
 210   1  0.709034E+07 0.177580E+04 0.1242E+02      0 0.0000E+00       0      0      0      0    21636    1142     250     576    3194    13356   13571       0
 211   1  0.711941E+07 0.182447E+04 0.8024E+01      0 0.0000E+00       0      0      0      0    21704    1121     262     605    3235    13842   13548       0
 212   1  0.714771E+07 0.181837E+04 0.2519E+02      0 0.0000E+00       0      0      0      0    21795    1122     225     569    3007    13701   13574       0
 213   1  0.718060E+07 0.185544E+04 0.1314E+01      0 0.0000E+00       0      0      0      0    22276    1144     247     546    3171    13977   13844       0
 214   1  0.720613E+07 0.183600E+04 0.2862E+02      0 0.0000E+00       0      0      0      0    22080    1079     234     573    3133    13981   13759       0
 215   1  0.723545E+07 0.183895E+04 0.1607E+02      0 0.0000E+00       0      0      0      0    22047    1127     228     548    3111    13944   13671       0
 216   1  0.726379E+07 0.188422E+04 0.2013E+02      0 0.0000E+00       0      0      0      0    21902    1100     255     562    3176    14060   13745       0
 217   1  0.729670E+07 0.187650E+04 0.2937E+02      0 0.0000E+00       0      0      0      0    22302    1136     220     584    3239    14151   13859       0
 218   1  0.732695E+07 0.190643E+04 0.1443E+02      0 0.0000E+00       0      0      0      0    22481    1122     238     556    3098    14502   13729       0
 219   1  0.736059E+07 0.192823E+04 0.3179E+02      0 0.0000E+00       0      0      0      0    22228    1087     245     547    3171    14628   13871       0
 220   1  0.739538E+07 0.197177E+04 0.2052E+02      0 0.0000E+00       0      0      0      0    22544    1106     258     514    3137    14792   13763       0
 221   1  0.742949E+07 0.195555E+04 0.5367E+02      0 0.0000E+00       0      0      0      0    22556    1143     226     528    3020    14925   13627       0
 222   1  0.746618E+07 0.199801E+04 0.2083E+02      0 0.0000E+00       0      0      0      0    22569    1104     250     563    3198    15255   13939       0
 223   1  0.749891E+07 0.199899E+04 0.1322E+02      0 0.0000E+00       0      0      0      0    22752    1144     212     581    3069    15205   13875       0
 224   1  0.752944E+07 0.198783E+04 0.5908E+02      0 0.0000E+00       0      0      0      0    22668    1034     239     565    3148    15260   13877       0
 225   1  0.755577E+07 0.198624E+04 0.3411E+02      0 0.0000E+00       0      0      0      0    22623    1047     209     505    3010    15508   13707       0
 226   1  0.759196E+07 0.203081E+04 0.7904E+01      0 0.0000E+00       0      0      0      0    22794    1040     216     557    3133    15606   13786       0
 227   1  0.762691E+07 0.210027E+04 0.4967E+01      0 0.0000E+00       0      0      0      0    22924    1052     257     523    3185    16000   13926       0
 228   1  0.766378E+07 0.210066E+04 0.3170E+02      0 0.0000E+00       0      0      0      0    22980    1058     238     526    3115    16215   13854       0
 229   1  0.770644E+07 0.214569E+04 0.2892E+02      0 0.0000E+00       0      0      0      0    23075    1105     230     528    3174    16347   13954       0
 230   1  0.774916E+07 0.216348E+04 0.1443E+02      0 0.0000E+00       0      0      0      0    22975    1044     246     491    3113    16633   13805       0
 231   1  0.779728E+07 0.222764E+04 0.3332E+02      0 0.0000E+00       0      0      0      0    23097    1123     208     483    2957    17017   13971       0
 232   1  0.785038E+07 0.219134E+04 0.1367E+02      0 0.0000E+00       0      0      0      0    23096    1045     195     518    3252    17009   13891       0
 233   1  0.789910E+07 0.225951E+04 0.3178E+02      0 0.0000E+00       0      0      0      0    23163    1106     198     509    3059    17379   13816       0
 234   1  0.794939E+07 0.224352E+04 0.3363E+02      0 0.0000E+00       0      0      0      0    23242     983     213     469    3110    17369   13833       0
 235   1  0.800441E+07 0.224906E+04 0.2470E+02      0 0.0000E+00       0      0      0      0    22999     987     201     442    3074    17565   14034       0
 236   1  0.806549E+07 0.228692E+04 0.2096E+02      0 0.0000E+00       0      0      0      0    23624    1067     204     494    2973    17946   14041       0
 237   1  0.812418E+07 0.233704E+04 0.1660E+02      0 0.0000E+00       0      0      0      0    23331    1018     225     489    3169    17967   13855       0
 238   1  0.818813E+07 0.232996E+04 0.4829E+02      0 0.0000E+00       0      0      0      0    23439    1063     196     532    3137    18115   14152       0
 239   1  0.825273E+07 0.238103E+04 0.2773E+02      0 0.0000E+00       0      0      0      0    23931    1037     193     477    3072    18437   14142       0
 240   1  0.832126E+07 0.237156E+04 0.4423E+02      0 0.0000E+00       0      0      0      0    23420    1111     227     472    3109    18503   14238       0
 241   1  0.839288E+07 0.240866E+04 0.2552E+02      0 0.0000E+00       0      0      0      0    23695    1050     200     499    3238    18702   14400       0
 242   1  0.846918E+07 0.245430E+04 0.3190E+02      0 0.0000E+00       0      0      0      0    24095    1104     190     535    3131    18912   14429       0
 243   1  0.854681E+07 0.246782E+04 0.3610E+02      0 0.0000E+00       0      0      0      0    23827    1104     218     488    3161    19215   14461       0
 244   1  0.862800E+07 0.252443E+04 0.3476E+02      0 0.0000E+00       0      0      0      0    24221    1075     195     476    3172    19540   14460       0
 245   1  0.871407E+07 0.252108E+04 0.5505E+02      0 0.0000E+00       0      0      0      0    24029    1011     209     461    3209    19645   14685       0
 246   1  0.880430E+07 0.251697E+04 0.1821E+02      0 0.0000E+00       0      0      0      0    24070    1072     222     482    3094    19623   14586       0
 247   1  0.890328E+07 0.251700E+04 0.4075E+02      0 0.0000E+00       0      0      0      0    24633    1089     236     500    3230    19859   14696       0
 248   1  0.900341E+07 0.256998E+04 0.2191E+02      0 0.0000E+00       0      0      0      0    24561    1093     205     512    3246    19763   14995       0
 249   1  0.910808E+07 0.265484E+04 0.4619E+02      0 0.0000E+00       0      0      0      0    25015    1138     223     471    3166    20487   14852       0
 250   1  0.921679E+07 0.265201E+04 0.3089E+02      0 0.0000E+00       0      0      0      0    24831    1132     199     431    3140    20711   14955       0
 251   1  0.933866E+07 0.264249E+04 0.2917E+02      0 0.0000E+00       0      0      0      0    25262    1134     194     523    3264    20638   15445       0
 252   1  0.946184E+07 0.268899E+04 0.1279E+02      0 0.0000E+00       0      0      0      0    25484    1058     211     521    3174    21187   15275       0
 253   1  0.959401E+07 0.273268E+04 0.1526E+02      0 0.0000E+00       0      0      0      0    25476    1101     198     480    3311    21478   15315       0
 254   1  0.973704E+07 0.281107E+04 0.3953E+02      0 0.0000E+00       0      0      0      0    25553    1104     217     503    3456    21747   15772       0
 255   1  0.988509E+07 0.279015E+04 0.6083E+02      0 0.0000E+00       0      0      0      0    26167    1086     198     476    3322    22077   15727       0
 256   1  0.100449E+08 0.286349E+04 0.1500E+02      0 0.0000E+00       0      0      0      0    26209    1120     206     440    3426    22611   15915       0
 257   1  0.102140E+08 0.294154E+04 0.4977E+02      0 0.0000E+00       0      0      0      0    26305    1128     191     487    3418    22824   16124       0
 258   1  0.104005E+08 0.294389E+04 0.4667E+02      0 0.0000E+00       0      0      0      0    26660    1104     177     469    3483    23093   16290       0
 259   1  0.106018E+08 0.298113E+04 0.4782E+02      0 0.0000E+00       0      0      0      0    27297    1212     209     477    3456    23416   16484       0
 260   1  0.108184E+08 0.305212E+04 0.5516E+02      0 0.0000E+00       0      0      0      0    27731    1193     199     481    3442    24212   16640       0
 261   1  0.110564E+08 0.314535E+04 0.2100E+02      0 0.0000E+00       0      0      0      0    28272    1181     189     474    3590    24841   16986       0
 262   1  0.113141E+08 0.322217E+04 0.6758E+02      0 0.0000E+00       0      0      0      0    29202    1173     187     437    3576    25081   17350       0
 263   1  0.116002E+08 0.321692E+04 0.2997E+02      0 0.0000E+00       0      0      0      0    30677    1173     209     434    3777    25325   17809       0
 264   1  0.119153E+08 0.324986E+04 0.3311E+02      0 0.0000E+00       0      0      0      0    31773    1130     218     425    3728    25621   17944       0
 265   1  0.122696E+08 0.336119E+04 0.2268E+02      0 0.0000E+00       0      0      0      0    33442    1214     208     443    3816    26145   18355       0
 266   1  0.126691E+08 0.340955E+04 0.2330E+02      0 0.0000E+00       0      0      0      0    35874    1156     240     454    3945    26602   18691       0
 267   1  0.131283E+08 0.340518E+04 0.3716E+02      0 0.0000E+00       0      0      0      0    39169    1232     221     410    4061    26774   19233       0
 268   1  0.136571E+08 0.339684E+04 0.3548E+02      0 0.0000E+00       0      0      0      0    44209    1126     194     452    4173    26915   20129       0
 269   1  0.142670E+08 0.348559E+04 0.2016E+02      0 0.0000E+00       0      0      0      0    52004    1233     212     395    4199    27168   20707       0
 270   1  0.149893E+08 0.343581E+04 0.6610E+02      0 0.0000E+00       0      0      0      0    64394    1257     219     343    4302    27054   22011       0
 271   1  0.158485E+08 0.355027E+04 0.1208E+03      0 0.0000E+00       0      0      0      0    86293    1228     196     311    4118    27377   23446       0
 272   1  0.168535E+08 0.346864E+04 0.9269E+02      0 0.0000E+00       0      0      0      0   122508    1318     168     290    4119    27113   25451       0
 273   1  0.180034E+08 0.341641E+04 0.2364E+03      0 0.0000E+00       0      0      0      0   183547    1171     137     274    3913    26348   28355       0
 274   1  0.192231E+08 0.319865E+04 0.1822E+03      0 0.0000E+00       0      0      0      0   280222    1185     135     208    3442    25263   32380       0
 275   1  0.203362E+08 0.302966E+04 0.2382E+03      0 0.0000E+00       0      0      0      0   417226     982     107     156    3241    23490   37773       0
 276   1  0.210339E+08 0.273905E+04 0.2553E+03      0 0.0000E+00       0      0      0      0   589912     830      69     122    2679    21375   43145       0
 277   1  0.209605E+08 0.235381E+04 0.2883E+03      0 0.0000E+00       0      0      0      0   770879     706      63      90    2167    18161   48069       0
 278   1  0.198145E+08 0.194399E+04 0.2313E+03      0 0.0000E+00       0      0      0      0   920151     557      45      56    1659    15101   50792       0
 279   1  0.174865E+08 0.151436E+04 0.3017E+03      0 0.0000E+00       0      0      0      0   991458     381      32      35    1197    11743   49570       0
 280   1  0.142237E+08 0.108744E+04 0.1593E+03      0 0.0000E+00       0      0      0      0   951732     254      41      28     840     8566   43724       0
 281   1  0.105557E+08 0.759628E+03 0.3692E+02      0 0.0000E+00       0      0      0      0   816773     201      27      20     592     5916   35367       0
 282   1  0.708279E+07 0.513427E+03 0.6385E+02      0 0.0000E+00       0      0      0      0   619672     126      37      17     462     4078   26018       0
 283   1  0.425534E+07 0.346847E+03 0.1786E+02      0 0.0000E+00       0      0      0      0   416585     109      26      22     382     2751   17122       0
 284   1  0.227495E+07 0.280476E+03 0.3203E+02      0 0.0000E+00       0      0      0      0   243903     121      30      17     283     2157   10492       0
 285   1  0.108966E+07 0.230377E+03 0.1414E+02      0 0.0000E+00       0      0      0      0   125450      88      27      18     325     1760    6127       0
 286   1  0.469180E+06 0.208614E+03 0.9406E+01      0 0.0000E+00       0      0      0      0    56920      83      30      22     285     1579    3588       0
 287   1  0.189335E+06 0.193432E+03 0.0000E+00      0 0.0000E+00       0      0      0      0    22542      94      30      14     303     1554    2606       0
 288   1  0.848199E+05 0.202608E+03 0.6872E+01      0 0.0000E+00       0      0      0      0     8488      86      33      16     288     1499    2149       0
 289   1  0.497626E+05 0.199666E+03 0.1195E+02      0 0.0000E+00       0      0      0      0     3443     107      38      15     246     1458    1980       0
 290   1  0.392483E+05 0.187956E+03 0.0000E+00      0 0.0000E+00       0      0      0      0     1935      80      14      10     272     1418    1863       0
 291   1  0.371397E+05 0.196620E+03 0.0000E+00      0 0.0000E+00       0      0      0      0     1481     100      31      12     314     1470    1824       0
 292   1  0.363032E+05 0.184666E+03 0.0000E+00      0 0.0000E+00       0      0      0      0     1383     103      36      11     278     1364    1879       0
 293   1  0.367155E+05 0.184178E+03 0.7177E+01      0 0.0000E+00       0      0      0      0     1451      82      21      11     296     1409    1852       0
 294   1  0.362274E+05 0.181085E+03 0.7035E+01      0 0.0000E+00       0      0      0      0     1412      97      22      20     272     1368    1858       0
 295   1  0.356313E+05 0.172921E+03 0.7022E+01      0 0.0000E+00       0      0      0      0     1369      99      32      18     289     1339    1762       0
 296   1  0.350169E+05 0.184079E+03 0.1789E+02      0 0.0000E+00       0      0      0      0     1351      86      35      18     256     1405    1831       0
 297   1  0.348168E+05 0.179415E+03 0.0000E+00      0 0.0000E+00       0      0      0      0     1292      86      29      18     268     1328    1788       0
 298   1  0.351036E+05 0.177088E+03 0.1112E+02      0 0.0000E+00       0      0      0      0     1311      81      33      21     289     1336    1806       0
 299   1  0.350512E+05 0.177291E+03 0.0000E+00      0 0.0000E+00       0      0      0      0     1327     108      17      20     264     1356    1801       0
 300   1  0.347092E+05 0.178934E+03 0.1079E+02      0 0.0000E+00       0      0      0      0     1376      82      24      18     216     1316    1758       0
 301   0  0.000000E+00 0.000000E+00 0.0000E+00      0 0.0000E+00       0      0      0      0        0       0       0       0       0        0       0       0
  SUMM:   0.196246E+10 0.411434E+06 0.9151E+04     66 0.6911E+03       0      0      0      0 12831292  334367   77498  164662  879125  2972595 4178989       0
 ZONE  MED     C10     C11     N12     N13     O13     O14     O15     F17     F18
    1    1     313     821       1     319       5      87    1825       1       0
    2    1     314     813       0     348       5      97    1766       0       0
    3    1     308     789       0     359       7     103    1870       0       0
    4    1     302     780       0     359       5     104    1890       0       0
    5    1     370     805       0     349       1     108    1817       0       0
    6    1     354     798       0     344       0     101    1805       0       0
    7    1     283     706       0     359       4      85    1921       0       1
    8    1     332     828       0     350       2     106    1875       0       1
    9    1     338     833       0     356       2     102    1916       0       0
   10    1     329     785       0     313       2      84    1896       1       1
   11    1     351     787       0     337       4     105    1730       2       0
   12    1     333     820       0     384       5     109    1887       0       0
   13    1     318     795       0     330       5      87    1907       2       0
   14    1     355     801       0     341       5     110    1928       0       0
   15    1     336     825       0     340       0      92    1943       0       0
   16    1     303     819       0     358       5     105    1865       0       0
   17    1     315     848       0     364       4      97    1910       0       0
   18    1     354     852       0     342       3     120    1864       1       0
   19    1     274     800       0     342       7      94    1903       1       0
   20    1     358     815       0     346       3     104    1853       0       0
   21    1     318     782       0     355       7     111    1908       0       0
   22    1     360     817       0     345       4     111    1942       0       0
   23    1     318     821       0     381       7     101    1825       1       0
   24    1     343     798       0     371       5     108    1896       0       0
   25    1     317     790       0     365       4      88    1920       0       0
   26    1     300     867       0     320       5      88    1862       0       0
   27    1     318     842       0     357       7      97    1865       0       0
   28    1     326     874       1     356       2     123    1872       0       0
   29    1     332     748       0     330       2     102    1896       2       0
   30    1     310     853       0     374       3     111    1962       1       0
   31    1     349     839       0     397       0      98    2003       1       0
   32    1     348     804       0     375       1      97    2025       1       0
   33    1     337     799       0     371       9      91    1927       0       2
   34    1     309     814       0     345       1      96    1963       1       1
   35    1     350     820       1     355       2     105    1945       1       1
   36    1     361     871       0     329       7     112    1960       0       0
   37    1     330     839       0     379       4     112    1951       0       0
   38    1     356     790       0     367       1      93    1919       0       0
   39    1     355     775       0     369       4     100    1873       0       0
   40    1     353     819       0     335       2     130    1975       2       0
   41    1     331     828       0     358       4      94    1926       0       0
   42    1     332     813       0     362       4      98    1971       0       0
   43    1     326     816       0     367       2      98    1960       0       0
   44    1     352     803       0     341       3     114    1974       0       1
   45    1     353     811       0     359       2     103    2002       0       0
   46    1     319     817       0     360       2      89    1959       0       0
   47    1     325     804       0     337       2      90    1972       0       0
   48    1     319     749       0     344       3      97    2027       0       0
   49    1     310     835       0     370       7      98    1934       1       1
   50    1     337     801       0     346       4     102    2044       0       0
   51    1     338     846       0     356       6     121    1967       1       0
   52    1     363     811       0     335       4     110    1943       0       0
   53    1     343     786       0     338       1      98    1877       0       0
   54    1     330     828       0     368       2     106    1929       0       0
   55    1     302     828       0     328       5      96    1939       1       0
   56    1     350     828       0     336       7     115    2004       0       0
   57    1     317     854       0     343       3     101    1948       0       0
   58    1     363     795       0     342       3     100    2026       1       0
   59    1     346     857       0     379       0     106    1898       1       0
   60    1     321     843       0     355       4     101    2022       1       0
   61    1     351     852       0     348       4     117    1899       1       1
   62    1     355     823       0     359       5      95    1903       0       0
   63    1     363     802       0     387       1     117    2005       0       0
   64    1     317     839       0     368       2     112    2090       0       0
   65    1     305     802       0     367       4     121    2065       1       0
   66    1     331     792       0     360       1     101    2026       0       1
   67    1     316     795       0     392       6     109    1979       1       0
   68    1     388     882       1     358       3     105    1962       1       1
   69    1     343     807       0     390       5      95    1976       1       0
   70    1     383     821       0     344       0     102    2029       0       0
   71    1     350     811       1     333       3     111    1987       1       0
   72    1     315     852       0     364       3     131    1967       2       0
   73    1     350     809       0     322       4     108    1929       0       0
   74    1     313     763       0     380       3      92    2047       0       1
   75    1     332     812       2     330       1     112    2052       0       0
   76    1     326     824       0     359       1     105    1950       1       0
   77    1     318     833       1     372       6     118    1989       1       0
   78    1     336     822       0     372      11      86    1952       0       1
   79    1     329     872       1     343       1     117    2118       0       1
   80    1     333     810       0     326       2     107    2022       1       1
   81    1     341     825       0     361       4     122    1954       2       0
   82    1     320     843       0     373       2     100    2036       2       0
   83    1     340     813       0     359       4     108    1978       1       1
   84    1     339     875       0     380       1      99    1988       1       1
   85    1     305     884       0     367       5     110    2006       0       1
   86    1     309     823       0     351       3      97    1963       0       2
   87    1     331     817       0     369       7     101    2030       0       2
   88    1     346     807       0     348       1     103    2033       0       0
   89    1     325     841       0     349       4     112    2063       0       0
   90    1     327     845       0     384       2     106    2014       1       0
   91    1     328     858       0     376       0      91    2017       0       0
   92    1     317     841       0     345       3      93    2029       0       0
   93    1     340     778       0     358       3      92    2031       0       0
   94    1     305     830       0     369       5     110    2070       2       0
   95    1     357     823       1     308       6      85    2064       2       2
   96    1     355     826       1     348       2      85    2033       1       0
   97    1     334     847       0     359       4      92    2058       0       1
   98    1     299     849       0     357       7      82    2001       1       0
   99    1     326     845       0     342       2     112    2109       1       0
  100    1     324     836       0     346       3      95    1972       0       0
  101    1     347     807       0     350       3      98    2016       1       0
  102    1     313     883       0     381       0      83    1994       0       0
  103    1     304     794       1     318       1      97    2051       0       1
  104    1     350     845       0     350       1      77    2083       0       0
  105    1     316     824       0     339       5     114    2077       1       0
  106    1     336     859       0     355       3     113    2043       0       0
  107    1     299     776       0     325       2      95    1967       0       1
  108    1     333     785       0     363       3     103    2029       3       0
  109    1     333     812       0     341       4     104    2063       0       0
  110    1     330     848       0     374      10      98    1977       0       1
  111    1     367     788       0     364       7     109    1990       0       1
  112    1     320     825       0     382       4      97    2170       1       1
  113    1     322     841       0     352       1     109    1953       0       0
  114    1     332     812       0     379       4     100    2067       1       1
  115    1     345     869       1     381       7     105    2018       0       0
  116    1     346     808       0     362       4      98    1947       0       0
  117    1     330     817       0     332       4     112    2010       0       0
  118    1     322     794       0     389       2     107    2095       0       0
  119    1     325     829       0     329       3      97    2028       1       0
  120    1     342     827       0     326       4     102    2001       0       0
  121    1     323     852       0     322       7     110    1995       0       0
  122    1     322     824       0     371       1     106    1975       1       1
  123    1     320     848       0     336       1     111    2054       0       0
  124    1     310     799       0     362       4     108    1955       1       0
  125    1     296     874       0     343       4     108    2018       0       0
  126    1     317     826       0     350       5     102    2036       0       0
  127    1     332     799       0     343       4     102    2058       0       0
  128    1     312     816       0     390       3     104    2021       0       0
  129    1     338     781       0     363       1     109    1970       1       1
  130    1     327     874       0     357       4     124    2009       0       0
  131    1     304     846       0     371       0     115    2011       1       2
  132    1     310     836       0     369      10     110    1970       2       0
  133    1     317     846       0     347       4     102    2014       0       1
  134    1     332     845       0     374       2      94    1980       0       0
  135    1     314     856       0     351       2     104    2012       1       1
  136    1     295     848       0     368       3     102    2101       0       0
  137    1     329     866       1     379       1     104    1939       0       0
  138    1     326     827       0     394       3      87    1967       0       0
  139    1     311     849       0     365       0     118    2034       1       1
  140    1     307     817       0     365       4      97    2083       0       0
  141    1     315     814       0     339       4     111    2168       1       0
  142    1     314     791       0     365       3      99    2043       0       0
  143    1     345     781       0     356       6     112    1997       1       0
  144    1     326     791       0     353       3     107    2002       0       0
  145    1     325     827       0     331       2      88    2113       1       0
  146    1     323     784       0     356       6     103    2016       0       0
  147    1     319     863       1     394       3     118    2016       0       0
  148    1     299     852       0     372       8     113    2109       0       0
  149    1     299     870       0     352       3     107    2070       0       1
  150    1     330     837       1     351       5     101    2035       1       1
  151    1     306     793       0     339       2     108    2075       0       0
  152    1     311     780       0     349       3      94    2096       1       1
  153    1     300     810       0     341       5     109    1935       0       0
  154    1     325     865       1     352       2     104    2020       0       1
  155    1     313     820       0     355       4      93    2056       0       0
  156    1     305     844       0     392       6     100    1978       0       0
  157    1     308     806       0     301       5     104    2018       0       0
  158    1     303     854       0     351       5     100    1976       1       0
  159    1     289     817       0     378       2     103    2025       0       0
  160    1     275     758       0     325       1     112    1973       1       1
  161    1     275     844       0     366       2      96    2077       0       2
  162    1     303     786       0     347       5      99    2159       0       0
  163    1     284     801       0     384       4      87    2043       0       0
  164    1     300     807       0     407       2     104    2057       1       0
  165    1     305     778       0     327       6     115    2035       0       1
  166    1     332     829       0     330       5     112    2027       0       0
  167    1     312     867       0     374       4     116    2035       2       0
  168    1     317     764       0     329       1      94    2039       0       0
  169    1     322     752       0     359       7     108    1989       0       1
  170    1     284     821       0     356       4      90    2121       0       0
  171    1     305     783       0     328       4     119    2020       0       0
  172    1     271     782       0     347       4     110    2088       0       0
  173    1     317     845       0     382       2     110    2101       1       0
  174    1     305     849       0     371       3     103    1968       1       0
  175    1     245     815       1     334       3     110    1929       0       0
  176    1     317     794       0     357       1      89    2033       0       1
  177    1     268     813       0     389       4      98    2033       0       0
  178    1     303     738       0     353       1      95    2081       0       0
  179    1     297     767       0     367       3      98    2034       0       0
  180    1     316     830       0     345       0      86    2110       0       0
  181    1     320     849       0     356       2     108    2034       0       0
  182    1     282     791       0     359       3     112    2111       0       0
  183    1     294     796       0     365       5     130    2049       0       3
  184    1     294     780       0     320       3      95    2014       0       1
  185    1     295     820       1     384       1     100    2072       0       0
  186    1     306     791       0     352       1     119    2036       0       0
  187    1     291     793       0     350       4     104    2061       1       0
  188    1     321     835       1     361       5      89    2022       0       0
  189    1     288     854       0     400       4      95    2006       0       0
  190    1     291     776       0     369       4      83    2085       0       1
  191    1     307     761       1     351       3      95    2089       0       1
  192    1     302     772       0     355       5      97    2103       0       1
  193    1     270     806       0     360       3     119    1989       0       0
  194    1     300     758       0     368       4      86    2001       2       0
  195    1     298     799       0     361       6     111    2025       0       0
  196    1     303     836       0     375       5     108    2057       1       0
  197    1     291     780       0     357       1      80    1997       0       0
  198    1     278     794       0     355       4      98    2067       0       0
  199    1     301     779       0     369       4     120    2049       2       0
  200    1     289     822       0     355       3     123    1958       1       1
  201    1     286     749       0     349       3      91    2096       0       0
  202    1     275     753       0     377       2     104    2129       0       0
  203    1     298     753       0     354       2     114    1989       0       1
  204    1     268     737       0     393       9     103    2072       0       0
  205    1     257     824       0     346       2     108    2064       1       0
  206    1     261     774       0     356       1      98    2052       0       1
  207    1     283     772       0     335       3      97    2081       0       0
  208    1     311     766       0     337       4     126    2094       1       0
  209    1     276     756       0     354       5      97    2105       0       2
  210    1     287     843       0     352       2     102    2050       0       0
  211    1     276     760       0     356       5     107    2086       0       1
  212    1     273     780       0     340       3     114    2062       1       0
  213    1     280     794       0     360       6      95    2131       0       0
  214    1     284     739       0     378       4     104    2226       0       0
  215    1     267     802       0     348       3     103    2066       0       0
  216    1     290     762       0     376       6     100    2208       0       0
  217    1     243     806       0     362       4     109    2217       0       0
  218    1     276     764       0     369       1     108    2119       0       0
  219    1     268     721       0     377       5     105    2147       0       0
  220    1     281     773       0     371       4      85    2158       0       0
  221    1     262     759       0     331       4     102    2140       0       1
  222    1     298     798       0     378       4     108    2198       1       1
  223    1     254     800       0     383       2      93    2177       1       1
  224    1     299     751       0     387       3      99    2150       1       0
  225    1     241     711       0     352       6     104    2163       0       1
  226    1     281     799       0     404       7     107    2108       0       0
  227    1     273     777       1     392       2      89    2193       1       0
  228    1     249     770       0     364       1      97    2127       0       0
  229    1     281     724       0     401       1     103    2177       0       2
  230    1     268     695       0     385       2     111    2217       0       0
  231    1     238     696       0     383       4     113    2160       0       1
  232    1     265     718       0     356       2     117    2192       0       0
  233    1     280     721       1     379       5      95    2200       2       0
  234    1     278     703       0     371       1      92    2090       0       0
  235    1     227     711       2     370       2     112    2205       0       0
  236    1     226     673       0     342       1     115    2180       0       0
  237    1     224     748       0     342       3      87    2145       1       0
  238    1     248     771       0     419       3     102    2210       0       0
  239    1     262     741       0     378       3     103    2223       2       0
  240    1     258     733       0     365       4     115    2204       0       0
  241    1     269     731       0     395       6      99    2287       1       2
  242    1     238     698       0     389       7     112    2297       0       0
  243    1     265     677       0     417       2     118    2354       0       0
  244    1     246     666       0     389       4     108    2341       0       1
  245    1     235     691       0     402       3     122    2407       0       0
  246    1     237     626       0     381       3     131    2405       0       1
  247    1     209     702       0     429       4     123    2418       1       1
  248    1     239     734       0     442       3     112    2466       1       0
  249    1     220     684       0     415       4     131    2442       0       1
  250    1     216     611       0     438       3     139    2532       2       1
  251    1     217     622       0     475       5     123    2568       1       0
  252    1     221     627       0     447       1     135    2589       0       0
  253    1     249     614       0     405       2     113    2589       1       1
  254    1     224     657       0     447       4     140    2640       0       1
  255    1     197     568       0     452       2     123    2724       1       1
  256    1     219     570       0     408       0     134    2768       1       0
  257    1     179     589       0     473       2     149    2881       1       0
  258    1     182     579       0     409       2     143    2914       1       0
  259    1     189     574       0     456       0     146    2883       0       0
  260    1     185     468       0     405       1     126    2876       2       1
  261    1     155     532       0     395       2     156    3022       1       1
  262    1     127     400       0     375       2     167    3140       1       1
  263    1     139     420       0     453       0     147    3306       1       1
  264    1     109     411       0     386       1     166    3259       0       1
  265    1      88     400       0     433       0     143    3477       1       1
  266    1      82     329       0     382       0     179    3550       2       0
  267    1      64     318       0     355       0     150    3571       0       0
  268    1      44     284       0     335       0     173    3674       0       1
  269    1      35     243       0     311       0     157    3659       0       2
  270    1      29     196       0     278       0     141    3745       2       1
  271    1      11     160       0     232       0     133    3746       0       2
  272    1      13     110       0     195       0     125    3679       2       0
  273    1      10      86       0     196       0      96    3509       4       2
  274    1       2      59       0     154       0      90    3273       4       3
  275    1       1      41       0     169       0      68    2762       0       5
  276    1       4      35       0     139       0      42    2343       3       7
  277    1       2      16       0     135       0      25    1863       4       1
  278    1       0      16       0      98       0      20    1354       2       3
  279    1       2      17       0      77       0      13     922       3       6
  280    1       3       9       0      61       0       2     492       3       1
  281    1       2      22       0      47       0       1     346       5       2
  282    1       5      15       0      20       0       2     187       4       0
  283    1       3      21       0      18       0       2     130       1       0
  284    1       1       9       0      15       0       3      98       0       0
  285    1       1      20       0       7       0       2     108       1       0
  286    1       2      29       0       5       0       1      75       1       0
  287    1       2      15       0       3       0       0      94       0       0
  288    1       2      20       0       6       0       3      76       0       0
  289    1       3      18       0       8       0       1      82       0       0
  290    1       1      25       0       6       0       5      80       0       0
  291    1       6      18       0       2       0       0      70       0       0
  292    1       1      12       0      10       0       2      79       0       0
  293    1       3      10       0       4       0       2      62       0       0
  294    1       3      17       0       6       0       2      75       0       0
  295    1       5      19       0       7       0       3      74       0       0
  296    1       6      18       0       5       0       1      68       0       0
  297    1       1      11       0       4       0       1      75       0       0
  298    1       4      18       0       4       0       1      69       0       0
  299    1       5      12       0       6       0       0      60       0       0
  300    1       1      17       0      13       0       0      75       0       0
  301    0       0       0       0       0       0       0       0       0       0
   SUM ==>   80477  210893      25   99702     898   29485  596205     154     121
