10000000
300
ZONE	MED	LOSS(MEV)	(MEV)	EXCITATION	PI0	(MEV)	PI+	K+	MU-	MU+	PROT	DEUT	TRIT	HE3	ALPH	ELSC	INEL	FISS
1	1	4498740	626,547	14,97	1	2,66	0	0	0	0	4697	925	266	596	2716	3583	11182	0
2	1	4548530	627,044	12,72	4	40,54	0	0	0	0	6358	1137	302	659	2833	3547	11040	0
3	1	4579490	649,493	8,875	0	0	0	0	0	0	7080	1167	302	622	2691	3645	11171	0
4	1	4610090	655,568	17,95	0	0	0	0	0	0	7573	1183	333	676	2788	3892	11310	0
5	1	4638900	636,073	29,01	0	0	0	0	0	0	8370	1236	305	671	2915	3724	11440	0
6	1	4663820	654,454	13,63	1	35,36	0	0	0	0	8666	1171	334	659	2840	3867	11476	0
7	1	4685510	670,165	26,7	4	37,97	0	0	0	0	9303	1212	279	649	2838	3893	11560	0
8	1	4705340	703,729	11,59	1	8,99	0	0	0	0	9577	1251	321	635	3008	4016	11818	0
9	1	4722400	682,028	10,58	0	0	0	0	0	0	9710	1262	305	676	2884	3935	11673	0
10	1	4739400	692,353	22,76	0	0	0	0	0	0	9994	1232	259	607	2879	4053	11676	0
11	1	4760180	694,183	32,92	2	34,37	0	0	0	0	10348	1225	339	652	2924	4145	11817	0
12	1	4776330	694,971	18,85	1	10,63	0	0	0	0	10515	1280	314	686	3008	4047	11891	0
13	1	4789720	693,166	0	2	29,11	0	0	0	0	10604	1206	279	642	2879	4142	11685	0
14	1	4804340	718,641	7,924	0	0	0	0	0	0	10955	1222	277	638	2835	4305	11810	0
15	1	4818690	729,822	15,4	0	0	0	0	0	0	10811	1225	323	667	2867	4249	11814	0
16	1	4835040	710,159	31,26	0	0	0	0	0	0	11193	1195	313	647	2885	4271	11915	0
17	1	4845250	726,207	4,831	3	8,585	0	0	0	0	11291	1191	299	609	2774	4423	11711	0
18	1	4861320	731,141	16,62	1	4,414	0	0	0	0	11346	1193	300	653	3026	4374	12103	0
19	1	4879460	754,561	4,943	0	0	0	0	0	0	11688	1219	333	669	2950	4519	12066	0
20	1	4895410	710,469	9,525	2	18,67	0	0	0	0	11986	1284	306	651	2955	4290	12294	0
21	1	4908380	732,32	44,37	1	26,48	0	0	0	0	12111	1239	314	645	3077	4444	12278	0
22	1	4919030	754,632	25,86	0	0	0	0	0	0	12216	1211	338	615	3063	4463	12218	0
23	1	4932230	751,422	19,38	4	30,88	0	0	0	0	12216	1254	313	643	2943	4550	12273	0
24	1	4948120	749,472	31,65	1	16,86	0	0	0	0	12554	1236	315	633	3051	4600	12319	0
25	1	4963350	767,532	32,63	1	1,59	0	0	0	0	12705	1281	287	665	3071	4679	12407	0
26	1	4971610	768,113	33,07	0	0	0	0	0	0	12770	1217	324	644	2848	4582	12377	0
27	1	4987620	785,932	7,461	0	0	0	0	0	0	12861	1302	312	705	2931	4812	12361	0
28	1	4997150	779,115	19,78	1	11,37	0	0	0	0	12993	1252	311	615	2983	4652	12463	0
29	1	5008930	816,023	31,29	0	0	0	0	0	0	12948	1270	309	687	2965	4823	12405	0
30	1	5025540	787,169	6,398	0	0	0	0	0	0	13359	1277	344	702	2968	4832	12604	0
31	1	5037510	783,448	23,11	0	0	0	0	0	0	13498	1275	339	649	3064	4828	12490	0
32	1	5048340	780,631	0,5744	0	0	0	0	0	0	13494	1278	329	671	3044	4872	12593	0
33	1	5057580	817,104	23,81	0	0	0	0	0	0	13469	1260	339	656	2910	5003	12410	0
34	1	5070500	788,797	63,68	3	27,01	0	0	0	0	13539	1257	294	648	3042	4877	12553	0
35	1	5078850	829,546	11,89	1	4,844	0	0	0	0	13673	1295	339	654	2878	5024	12430	0
36	1	5094510	820,38	26,31	1	28,86	0	0	0	0	13811	1233	310	678	3033	5047	12623	0
37	1	5103330	777,458	28,69	0	0	0	0	0	0	14053	1277	288	666	3064	4902	12720	0
38	1	5114090	833,235	28,7	0	0	0	0	0	0	14122	1300	303	626	3070	5156	12798	0
39	1	5126530	835,785	26,35	0	0	0	0	0	0	14365	1274	328	665	3021	5124	12808	0
40	1	5133970	822,956	6,647	0	0	0	0	0	0	14194	1280	318	634	3039	5101	12523	0
41	1	5144110	835,449	39,17	1	13,65	0	0	0	0	14271	1305	306	619	2968	5222	12738	0
42	1	5154860	817,876	27,48	0	0	0	0	0	0	14390	1189	334	626	2972	5133	12535	0
43	1	5166640	821,642	0	1	12,06	0	0	0	0	14150	1242	293	678	3136	5140	12850	0
44	1	5180480	833,997	15,67	1	8,27	0	0	0	0	14560	1296	312	658	3143	5183	12819	0
45	1	5191200	835,746	22,56	1	10,29	0	0	0	0	14951	1289	302	684	3042	5258	12890	0
46	1	5196410	843,729	28,52	0	0	0	0	0	0	14721	1311	345	673	2997	5158	12698	0
47	1	5207940	870,182	11,3	1	4,584	0	0	0	0	14825	1249	320	647	3083	5458	12804	0
48	1	5217760	896,815	16,73	0	0	0	0	0	0	14885	1229	295	672	2941	5332	12837	0
49	1	5227330	865,317	20,71	0	0	0	0	0	0	14938	1274	334	592	3036	5274	12972	0
50	1	5238860	865,638	15,22	0	0	0	0	0	0	14869	1299	297	697	2948	5421	12676	0
51	1	5251900	844,71	19,41	1	2,863	0	0	0	0	15158	1294	318	674	3097	5345	12907	0
52	1	5259550	861,278	16,11	1	11,67	0	0	0	0	15246	1289	267	641	3140	5366	13038	0
53	1	5271530	866,364	15,83	0	0	0	0	0	0	15245	1281	301	730	3123	5466	13066	0
54	1	5278680	854,008	16,01	0	0	0	0	0	0	15260	1279	291	661	3209	5465	13044	0
55	1	5289160	874,977	33,06	0	0	0	0	0	0	15259	1294	330	660	3073	5451	12875	0
56	1	5299000	865,392	9,708	0	0	0	0	0	0	15431	1268	323	645	3160	5583	13156	0
57	1	5312870	871,636	10,69	1	2,135	0	0	0	0	15766	1269	348	655	3197	5475	13275	0
58	1	5316820	877,471	19,99	0	0	0	0	0	0	15639	1227	314	657	2968	5505	12902	0
59	1	5330090	888,389	0	0	0	0	0	0	0	15779	1308	331	632	3023	5515	13086	0
60	1	5335970	909,986	10,95	0	0	0	0	0	0	15693	1218	310	665	3092	5740	13031	0
61	1	5345900	924,763	17,9	0	0	0	0	0	0	15870	1283	342	638	3007	5844	13073	0
62	1	5358710	894,714	36,96	0	0	0	0	0	0	15895	1306	309	662	3204	5611	13214	0
63	1	5368000	907,33	3,16	0	0	0	0	0	0	15960	1260	341	714	3099	5682	13208	0
64	1	5377980	914,227	12	0	0	0	0	0	0	16192	1264	372	642	3040	5762	13288	0
65	1	5386430	907,577	29,5	0	0	0	0	0	0	16218	1244	362	689	2974	5776	13187	0
66	1	5397080	933,307	6,36	1	11,2	0	0	0	0	16334	1322	299	696	3110	5894	13229	0
67	1	5400050	889,492	19,73	0	0	0	0	0	0	16317	1279	308	650	3083	5776	12969	0
68	1	5407930	931,702	41,67	0	0	0	0	0	0	16145	1281	291	654	3040	5942	13146	0
69	1	5419730	936,652	13,37	0	0	0	0	0	0	16343	1269	333	659	3079	6027	13244	0
70	1	5428860	910,08	29,93	0	0	0	0	0	0	16364	1315	313	691	3110	5944	13164	0
71	1	5436630	910,243	32,53	0	0	0	0	0	0	16345	1276	311	648	3159	5855	13169	0
72	1	5446310	942,024	7,869	0	0	0	0	0	0	16598	1226	330	601	3191	6053	13230	0
73	1	5453680	941,414	26,72	0	0	0	0	0	0	16640	1221	314	683	3166	6019	13233	0
74	1	5461850	951,642	22,83	0	0	0	0	0	0	16024	1311	308	673	3117	5953	13031	0
75	1	5470790	921,3	23,05	0	0	0	0	0	0	16738	1220	304	638	3041	6022	13161	0
76	1	5483040	926,871	51,02	0	0	0	0	0	0	16770	1249	343	670	3160	6130	13097	0
77	1	5490170	941,78	24,66	0	0	0	0	0	0	16874	1355	290	667	3192	6103	13281	0
78	1	5495610	971,171	17,59	0	0	0	0	0	0	16802	1246	332	731	3106	6293	13243	0
79	1	5505600	951,168	0	0	0	0	0	0	0	16616	1304	349	700	3143	6097	13387	0
80	1	5511800	943,923	27,22	0	0	0	0	0	0	16629	1253	304	624	3028	6210	13161	0
81	1	5527390	947,951	9,86	0	0	0	0	0	0	17160	1351	304	625	3108	6227	13460	0
82	1	5538370	963,447	41,7	0	0	0	0	0	0	17325	1233	358	658	3251	6211	13498	0
83	1	5542450	983,034	32,97	0	0	0	0	0	0	16940	1304	298	638	3116	6460	13323	0
84	1	5554220	956,786	13,31	0	0	0	0	0	0	17011	1282	301	640	3086	6356	13404	0
85	1	5562360	984,535	23,88	0	0	0	0	0	0	17239	1300	330	630	3158	6389	13422	0
86	1	5571440	992,602	45,23	0	0	0	0	0	0	17440	1301	309	634	3146	6441	13262	0
87	1	5578120	985,695	37,98	0	0	0	0	0	0	17382	1289	334	585	3008	6331	13310	0
88	1	5587880	969,532	0,3525	0	0	0	0	0	0	17365	1312	286	611	3192	6409	13502	0
89	1	5595990	1010,59	44,38	0	0	0	0	0	0	17529	1278	290	665	3104	6490	13453	0
90	1	5606040	972,903	23,93	0	0	0	0	0	0	17524	1287	300	665	3135	6450	13430	0
91	1	5613990	974,241	70,61	0	0	0	0	0	0	17580	1257	353	639	3290	6559	13490	0
92	1	5621940	994,09	15,51	0	0	0	0	0	0	17557	1302	296	681	3183	6601	13414	0
93	1	5630070	972,823	39,42	0	0	0	0	0	0	17929	1320	293	661	3153	6651	13362	0
94	1	5636450	996,252	26,21	1	1,758	0	0	0	0	17589	1289	354	650	3180	6543	13587	0
95	1	5644320	987,216	5,802	0	0	0	0	0	0	17576	1238	318	683	3076	6496	13358	0
96	1	5656160	1022,94	35,13	0	0	0	0	0	0	17768	1286	350	650	3114	6587	13532	0
97	1	5666170	1021,22	19,72	0	0	0	0	0	0	17874	1236	353	679	3170	6688	13626	0
98	1	5671090	1013,33	42,1	0	0	0	0	0	0	17831	1293	322	615	2991	6837	13454	0
99	1	5681760	1013,9	34,89	0	0	0	0	0	0	18078	1255	310	638	3185	6650	13584	0
100	1	5687080	1045,55	16,78	0	0	0	0	0	0	17838	1186	327	663	2991	6762	13442	0
101	1	5698780	1014,8	50,54	0	0	0	0	0	0	18290	1294	324	660	3197	6729	13596	0
102	1	5701620	1028,62	2,98	0	0	0	0	0	0	17920	1244	308	659	3092	6752	13392	0
103	1	5708940	1015,43	37,93	0	0	0	0	0	0	18108	1198	335	623	3075	6781	13388	0
104	1	5720050	1028,31	29,09	0	0	0	0	0	0	17951	1245	324	643	3118	6910	13354	0
105	1	5728790	1015,72	21,8	0	0	0	0	0	0	18087	1254	309	647	3155	6791	13582	0
106	1	5734430	1049,23	18,65	0	0	0	0	0	0	18036	1228	333	647	3143	6972	13397	0
107	1	5740460	1031,21	47,85	0	0	0	0	0	0	17936	1188	330	611	3064	6967	13257	0
108	1	5750440	1008,08	20,77	0	0	0	0	0	0	17964	1213	319	630	3172	6816	13303	0
109	1	5758550	1064,94	52,1	0	0	0	0	0	0	18076	1219	309	648	3133	7043	13604	0
110	1	5769560	1057,1	8,83	0	0	0	0	0	0	18239	1266	296	695	3104	6975	13476	0
111	1	5776190	1035,99	18,59	0	0	0	0	0	0	18449	1268	264	616	3008	7042	13519	0
112	1	5786010	1057,72	39,27	0	0	0	0	0	0	18333	1346	332	667	3246	7100	13405	0
113	1	5786750	1105,25	28,88	0	0	0	0	0	0	18158	1156	326	634	3104	7363	13204	0
114	1	5798600	1072,26	18,5	0	0	0	0	0	0	18332	1237	296	669	3220	7267	13327	0
115	1	5808080	1083,36	26,77	0	0	0	0	0	0	18509	1249	328	649	3164	7327	13412	0
116	1	5813410	1079,54	26,56	0	0	0	0	0	0	18508	1270	287	693	3056	7301	13535	0
117	1	5820840	1085,09	24,19	0	0	0	0	0	0	18512	1225	320	651	3062	7402	13381	0
118	1	5825920	1100,55	24,06	0	0	0	0	0	0	18392	1242	282	674	3099	7352	13500	0
119	1	5833020	1092,47	24,97	0	0	0	0	0	0	18444	1266	305	626	3158	7492	13321	0
120	1	5836740	1074,9	3,901	0	0	0	0	0	0	18417	1261	288	620	2976	7393	13299	0
121	1	5847920	1120,8	30	0	0	0	0	0	0	18314	1204	321	687	3170	7634	13495	0
122	1	5858870	1139,19	0	0	0	0	0	0	0	18669	1245	296	665	3157	7693	13540	0
123	1	5864520	1117,55	26,88	0	0	0	0	0	0	18493	1256	317	637	3053	7461	13439	0
124	1	5872430	1090,98	23,14	0	0	0	0	0	0	18738	1276	295	590	3149	7545	13458	0
125	1	5879180	1114,12	22,5	0	0	0	0	0	0	18531	1193	315	607	3126	7603	13204	0
126	1	5890360	1141,78	24,15	0	0	0	0	0	0	18755	1215	327	584	3160	7764	13641	0
127	1	5897370	1120,5	0	0	0	0	0	0	0	18416	1227	274	603	2993	7701	13142	0
128	1	5911080	1120,07	16,11	0	0	0	0	0	0	19065	1215	273	639	3100	7809	13464	0
129	1	5919920	1126,25	36,04	0	0	0	0	0	0	18688	1270	283	629	3047	7773	13362	0
130	1	5928500	1140,52	10,08	0	0	0	0	0	0	19056	1262	320	650	3159	7966	13560	0
131	1	5930140	1145,5	16,48	0	0	0	0	0	0	18630	1198	299	580	3018	7936	13165	0
132	1	5942210	1167,22	0,9701	0	0	0	0	0	0	18673	1159	295	653	2990	7888	13394	0
133	1	5952020	1135,88	32,51	0	0	0	0	0	0	19014	1286	326	640	3046	7942	13564	0
134	1	5963900	1135,21	18,84	0	0	0	0	0	0	18940	1206	310	647	3214	7902	13498	0
135	1	5973730	1167,57	14,86	0	0	0	0	0	0	19264	1208	308	660	3128	7964	13469	0
136	1	5976690	1190,43	28,43	0	0	0	0	0	0	18963	1183	290	572	3045	8071	13451	0
137	1	5983730	1161,7	35,72	0	0	0	0	0	0	19156	1210	322	595	2959	7924	13316	0
138	1	5994640	1187,41	18,59	0	0	0	0	0	0	19002	1284	311	634	3109	8162	13529	0
139	1	5999840	1181,95	28,54	0	0	0	0	0	0	18823	1150	349	622	2995	8337	13252	0
140	1	6010680	1188,01	58,5	0	0	0	0	0	0	19148	1165	319	610	3090	8224	13414	0
141	1	6016680	1202,44	13,42	0	0	0	0	0	0	19253	1248	278	627	2989	8308	13410	0
142	1	6024720	1201,11	19,47	0	0	0	0	0	0	19117	1264	276	613	3008	8368	13389	0
143	1	6034370	1210,65	29,62	0	0	0	0	0	0	19563	1140	326	611	3210	8375	13527	0
144	1	6037390	1211,16	11,63	0	0	0	0	0	0	19182	1215	309	576	3000	8389	13574	0
145	1	6047430	1241,1	18,32	0	0	0	0	0	0	19297	1291	282	645	3043	8540	13609	0
146	1	6059860	1225,38	1,772	0	0	0	0	0	0	19642	1237	305	621	3312	8555	13701	0
147	1	6063430	1231,47	37,65	0	0	0	0	0	0	19612	1153	313	590	3051	8588	13457	0
148	1	6068830	1235,99	13,18	0	0	0	0	0	0	19583	1220	273	642	3043	8495	13593	0
149	1	6077020	1259,85	8,514	0	0	0	0	0	0	19415	1219	288	679	3145	8638	13682	0
150	1	6086280	1245,26	32,13	0	0	0	0	0	0	19642	1222	326	591	3153	8674	13514	0
151	1	6099150	1223,83	73,3	0	0	0	0	0	0	19713	1211	297	651	3204	8610	13662	0
152	1	6109840	1255,49	11,73	0	0	0	0	0	0	19566	1263	305	670	3134	8879	13505	0
153	1	6129920	1262,69	36,31	0	0	0	0	0	0	19717	1220	269	613	3227	8961	13589	0
154	1	6150090	1252,64	28,47	0	0	0	0	0	0	19758	1194	307	647	3212	8892	13612	0
155	1	6172890	1263,16	34,1	0	0	0	0	0	0	19878	1195	277	633	3157	8912	13502	0
156	1	6195250	1266,09	39,79	0	0	0	0	0	0	19745	1253	315	658	3156	8886	13569	0
157	1	6213310	1276,29	13,7	0	0	0	0	0	0	19817	1248	282	609	3109	9106	13439	0
158	1	6232660	1325,03	8,984	0	0	0	0	0	0	19820	1229	286	614	3134	9274	13602	0
159	1	6247500	1305,45	27,65	0	0	0	0	0	0	19811	1220	307	582	3244	9200	13473	0
160	1	6260780	1285,22	24,26	0	0	0	0	0	0	19987	1194	264	652	3062	9149	13576	0
161	1	6271140	1318,36	34,69	0	0	0	0	0	0	19682	1153	296	588	3157	9412	13496	0
162	1	6286760	1318,22	40,86	0	0	0	0	0	0	19962	1208	293	571	3111	9354	13520	0
163	1	6301360	1321,53	52,06	0	0	0	0	0	0	20003	1188	306	630	3059	9279	13762	0
164	1	6315140	1343,76	8,051	0	0	0	0	0	0	20012	1163	292	632	3235	9459	13817	0
165	1	6326290	1349,69	21,04	0	0	0	0	0	0	20257	1146	325	582	3138	9771	13507	0
166	1	6337470	1400,32	28,35	0	0	0	0	0	0	20273	1188	278	615	3070	9848	13590	0
167	1	6348860	1364,17	34,61	0	0	0	0	0	0	20270	1192	253	607	3139	9727	13486	0
168	1	6358020	1380,69	39,79	0	0	0	0	0	0	20202	1144	262	630	3059	9647	13547	0
169	1	6373370	1386,82	29,94	0	0	0	0	0	0	20088	1201	291	581	3183	9880	13467	0
170	1	6384730	1401,26	28,84	0	0	0	0	0	0	20218	1123	286	591	3075	10065	13449	0
171	1	6399090	1377,04	0,9954	0	0	0	0	0	0	20288	1115	325	572	3098	9916	13611	0
172	1	6411620	1419,94	21,21	0	0	0	0	0	0	20175	1139	300	632	3056	10159	13425	0
173	1	6423320	1443,41	27,5	0	0	0	0	0	0	20432	1143	251	614	3068	10240	13469	0
174	1	6436590	1426,57	15,52	0	0	0	0	0	0	20175	1080	287	626	3089	10306	13347	0
175	1	6448900	1429,02	33,79	0	0	0	0	0	0	20256	1074	288	609	3094	10383	13472	0
176	1	6462590	1463,89	17,79	0	0	0	0	0	0	20431	1185	278	566	3140	10656	13580	0
177	1	6482030	1430,96	24,88	0	0	0	0	0	0	20389	1176	273	640	3243	10430	13524	0
178	1	6494160	1426,8	28,11	0	0	0	0	0	0	20316	1199	295	582	3045	10467	13419	0
179	1	6512050	1453,11	36,81	0	0	0	0	0	0	20590	1191	290	586	3131	10546	13648	0
180	1	6525330	1479,74	32,24	0	0	0	0	0	0	20565	1189	296	611	3142	10753	13480	0
181	1	6542320	1472,36	40,15	0	0	0	0	0	0	20782	1189	270	633	3174	10777	13506	0
182	1	6551010	1502	14,32	0	0	0	0	0	0	20516	1120	264	604	3121	10859	13579	0
183	1	6570560	1494,49	13,33	0	0	0	0	0	0	20879	1168	266	597	3110	11005	13695	0
184	1	6584110	1521,21	27,76	0	0	0	0	0	0	20670	1174	282	573	3178	11175	13555	0
185	1	6598720	1518,2	26,78	0	0	0	0	0	0	20869	1078	279	609	3024	11108	13479	0
186	1	6615570	1565,79	13,44	0	0	0	0	0	0	20710	1147	266	579	3059	11197	13648	0
187	1	6633500	1556,42	45,16	0	0	0	0	0	0	20966	1198	241	628	3059	11349	13682	0
188	1	6646320	1536,62	35,59	0	0	0	0	0	0	20806	1163	263	602	3088	11197	13470	0
189	1	6661470	1552,55	27,04	0	0	0	0	0	0	20902	1126	253	569	3009	11308	13576	0
190	1	6679780	1574,09	20,81	0	0	0	0	0	0	20782	1120	271	583	2915	11467	13592	0
191	1	6701020	1594,61	14,88	0	0	0	0	0	0	21193	1183	299	602	3111	11617	13452	0
192	1	6716280	1599,14	34,36	0	0	0	0	0	0	20986	1150	269	594	3003	11723	13533	0
193	1	6733580	1564,98	29,91	0	0	0	0	0	0	20937	1142	240	574	3252	11646	13575	0
194	1	6748830	1589,4	40,25	0	0	0	0	0	0	21072	1118	291	615	3214	11785	13393	0
195	1	6765050	1626,08	44,54	0	0	0	0	0	0	21123	1144	257	587	3149	12016	13543	0
196	1	6783790	1608,02	20,49	0	0	0	0	0	0	20926	1157	291	605	3079	11870	13547	0
197	1	6798710	1614,05	28,69	0	0	0	0	0	0	21309	1080	253	612	3032	12091	13331	0
198	1	6817860	1616,56	39,53	0	0	0	0	0	0	21161	1096	239	567	3061	12106	13462	0
199	1	6834690	1642,24	44,45	0	0	0	0	0	0	21087	1168	258	623	3170	12274	13712	0
200	1	6848630	1654,22	35,91	0	0	0	0	0	0	21284	1013	249	562	2984	12355	13181	0
201	1	6866800	1671,77	34,34	0	0	0	0	0	0	21234	1134	253	614	2960	12544	13337	0
202	1	6886940	1636,77	28,24	0	0	0	0	0	0	21362	1150	266	602	3063	12570	13401	0
203	1	6906000	1705,21	32,17	0	0	0	0	0	0	21527	1096	241	601	3058	12756	13604	0
204	1	6925470	1688,04	31,99	0	0	0	0	0	0	21551	1177	275	594	3082	12678	13600	0
205	1	6942230	1702,35	62,44	0	0	0	0	0	0	21557	1068	262	534	2819	12816	13526	0
206	1	6964680	1768,24	30,51	0	0	0	0	0	0	21394	1094	251	540	2949	13135	13472	0
207	1	6994400	1752,65	33,05	0	0	0	0	0	0	21403	1102	262	602	3179	13204	13449	0
208	1	7024150	1714,04	15,73	0	0	0	0	0	0	21491	1145	262	517	3112	12983	13506	0
209	1	7057870	1774,05	31,16	0	0	0	0	0	0	21602	1091	264	539	3152	13467	13771	0
210	1	7087420	1788,96	7,97	0	0	0	0	0	0	21618	1161	229	582	3127	13406	13483	0
211	1	7120310	1824,46	33,58	0	0	0	0	0	0	21827	1134	249	538	3097	13608	13590	0
212	1	7146790	1805,9	22,8	0	0	0	0	0	0	21816	1136	243	539	3045	13543	13647	0
213	1	7176810	1815,99	21,99	0	0	0	0	0	0	22092	1076	228	556	3041	13662	13721	0
214	1	7202170	1850,67	19,93	0	0	0	0	0	0	21792	1126	235	573	3100	13847	13557	0
215	1	7231130	1851	0	0	0	0	0	0	0	22015	1085	245	565	3084	13945	13517	0
216	1	7262840	1859,81	41,49	0	0	0	0	0	0	22232	1114	230	562	3152	14280	13754	0
217	1	7290810	1886,66	7,377	0	0	0	0	0	0	22132	1051	223	524	3091	14290	13742	0
218	1	7323210	1926,98	27,55	0	0	0	0	0	0	22476	1091	253	541	3079	14550	13735	0
219	1	7355960	1900,22	39,54	0	0	0	0	0	0	22191	1147	208	592	3111	14617	13697	0
220	1	7393560	1913,78	56,72	0	0	0	0	0	0	22366	1064	278	568	3207	14613	13875	0
221	1	7428770	1971,74	36,34	0	0	0	0	0	0	22569	1161	226	535	3143	15101	13720	0
222	1	7460080	1966,31	30,37	0	0	0	0	0	0	22686	1095	232	514	3116	15193	13864	0
223	1	7494230	1989,07	41,32	0	0	0	0	0	0	22377	1028	237	546	3160	15228	13814	0
224	1	7530200	2040,72	15,56	0	0	0	0	0	0	22754	998	261	555	3206	15384	13962	0
225	1	7562680	2052,23	22,52	0	0	0	0	0	0	22857	1184	251	543	3239	15658	13952	0
226	1	7592540	2063,1	37,08	0	0	0	0	0	0	23027	1115	216	518	3118	15858	13936	0
227	1	7621330	2108,07	4,504	0	0	0	0	0	0	22540	1077	218	528	3011	16088	13622	0
228	1	7660560	2159,7	40,49	0	0	0	0	0	0	22640	1048	231	527	3064	16411	13710	0
229	1	7704260	2130,38	24,5	0	0	0	0	0	0	22710	1059	279	534	3107	16358	13778	0
230	1	7750150	2150,2	56,09	0	0	0	0	0	0	22844	1052	250	548	3182	16525	13809	0
231	1	7795230	2205,22	49,36	0	0	0	0	0	0	23226	1074	195	442	3053	16908	13747	0
232	1	7843240	2138,1	21,52	0	0	0	0	0	0	23006	1018	218	503	3085	16842	13704	0
233	1	7895820	2233,38	7,016	0	0	0	0	0	0	22904	1174	232	467	3063	17115	13687	0
234	1	7950000	2254,79	7,04	0	0	0	0	0	0	22965	1034	239	523	3126	17416	14023	0
235	1	8007130	2280,04	14,03	0	0	0	0	0	0	23483	1016	231	546	3092	17521	13923	0
236	1	8063680	2279	19,53	0	0	0	0	0	0	23235	1046	202	506	3181	17960	14039	0
237	1	8122360	2333,8	12,66	0	0	0	0	0	0	23474	963	211	503	3152	17859	14052	0
238	1	8188050	2354,71	5,398	0	0	0	0	0	0	23479	1021	224	506	3186	18205	14107	0
239	1	8253280	2414,69	22,78	0	0	0	0	0	0	23492	1048	217	509	3152	18481	14231	0
240	1	8324020	2354,26	3,221	0	0	0	0	0	0	23820	1090	204	487	3218	18393	14330	0
241	1	8393790	2438,67	37,84	0	0	0	0	0	0	23803	1020	201	488	3130	18749	14279	0
242	1	8468570	2436,63	63,81	0	0	0	0	0	0	23951	1114	193	501	3068	19037	14301	0
243	1	8547580	2462,16	14,16	0	0	0	0	0	0	24212	1031	188	533	3083	19062	14417	0
244	1	8627150	2477,04	26,95	0	0	0	0	0	0	24030	1101	220	477	3241	19398	14459	0
245	1	8714400	2495,3	39,58	0	0	0	0	0	0	24003	1025	204	490	3139	19513	14812	0
246	1	8805140	2543,84	40,84	0	0	0	0	0	0	24153	1162	234	461	3158	19811	14612	0
247	1	8902850	2565,03	9,416	0	0	0	0	0	0	24463	1085	195	493	3334	19941	14981	0
248	1	8999070	2580,94	24,97	0	0	0	0	0	0	24444	1073	228	490	3043	19953	14813	0
249	1	9107070	2653,94	32,28	0	0	0	0	0	0	24640	1109	233	492	3227	20532	15195	0
250	1	9219130	2627,81	41,85	0	0	0	0	0	0	25149	1122	201	463	3258	20706	15301	0
251	1	9338270	2667,12	18,6	0	0	0	0	0	0	24943	1116	214	514	3330	20884	15328	0
252	1	9462650	2699,37	40,94	0	0	0	0	0	0	25186	1128	202	512	3272	21039	15369	0
253	1	9594690	2767,07	6,585	0	0	0	0	0	0	25467	1152	216	481	3214	21452	15482	0
254	1	9737300	2747,69	49,49	0	0	0	0	0	0	25502	1135	189	491	3309	21818	15631	0
255	1	9887420	2807,96	13,07	0	0	0	0	0	0	25908	1150	199	475	3356	22046	15589	0
256	1	10046700	2900,28	17,51	0	0	0	0	0	0	25950	1177	190	452	3303	22698	16037	0
257	1	10217400	2915,46	12,34	0	0	0	0	0	0	26434	1177	185	477	3346	22956	15865	0
258	1	10399500	3024,85	36,33	0	0	0	0	0	0	26767	1133	207	424	3238	23483	16185	0
259	1	10600700	2999,76	29,98	0	0	0	0	0	0	27056	1206	208	462	3402	23640	16430	0
260	1	10818600	3090,3	51,21	0	0	0	0	0	0	27720	1159	223	470	3527	24220	16850	0
261	1	11051000	3145,15	16,37	0	0	0	0	0	0	28082	1212	209	428	3370	24616	16941	0
262	1	11314800	3176,85	8,088	0	0	0	0	0	0	29122	1191	206	452	3676	25164	17365	0
263	1	11600800	3212,29	47,79	0	0	0	0	0	0	30203	1182	237	416	3752	25508	17685	0
264	1	11919600	3353,78	70,34	0	0	0	0	0	0	31805	1146	223	466	3679	26220	18262	0
265	1	12274200	3287,37	21,43	0	0	0	0	0	0	33394	1201	205	441	3744	26114	18263	0
266	1	12676100	3359,55	50,55	0	0	0	0	0	0	35820	1146	244	418	3961	26254	18947	0
267	1	13134300	3406,27	43,85	0	0	0	0	0	0	39487	1170	220	434	3917	26785	19309	0
268	1	13660600	3396,4	39,32	0	0	0	0	0	0	44305	1251	228	393	4170	27092	20077	0
269	1	14274000	3465,58	54,03	0	0	0	0	0	0	51792	1272	216	387	4083	27213	20759	0
270	1	14995900	3450,66	76,79	0	0	0	0	0	0	64754	1214	234	390	4158	27218	21777	0
271	1	15851800	3507,26	94,76	0	0	0	0	0	0	85518	1281	184	330	4253	27212	23373	0
272	1	16859500	3537,39	129	0	0	0	0	0	0	122377	1228	188	322	4093	27480	25250	0
273	1	18011800	3371,87	182,8	0	0	0	0	0	0	183731	1207	140	282	4027	26237	28339	0
274	1	19231300	3242,9	211,2	0	0	0	0	0	0	279924	1125	105	211	3682	25350	32464	0
275	1	20346300	3043,79	240,3	0	0	0	0	0	0	418587	1019	104	148	3234	23771	37494	0
276	1	21038100	2747,39	164,7	0	0	0	0	0	0	590811	820	88	119	2695	21353	43474	0
277	1	20955000	2357,67	268,1	0	0	0	0	0	0	769851	722	64	83	2078	18304	47511	0
278	1	19808800	1918,86	268,5	0	0	0	0	0	0	919852	511	59	56	1622	14882	50585	0
279	1	17490600	1510	201,2	0	0	0	0	0	0	988438	412	44	45	1233	11598	49394	0
280	1	14247400	1056,98	61,76	0	0	0	0	0	0	954698	300	33	27	827	8341	44543	0
281	1	10567000	745,726	78,57	0	0	0	0	0	0	818937	210	39	20	619	5894	35981	0
282	1	7078060	527,062	107,6	0	0	0	0	0	0	620352	137	33	23	476	4136	26123	0
283	1	4251180	376,385	22,21	0	0	0	0	0	0	415819	114	34	25	368	2838	17269	0
284	1	2277280	265,278	16,19	0	0	0	0	0	0	244184	100	30	18	321	2051	10462	0
285	1	1086380	240,723	16,77	0	0	0	0	0	0	125226	80	26	15	305	1649	6144	0
286	1	470406	226,107	9,954	0	0	0	0	0	0	57013	101	19	21	298	1648	3795	0
287	1	191264	205,444	9,876	0	0	0	0	0	0	22602	96	17	17	275	1518	2618	0
288	1	86469,8	199,636	0	0	0	0	0	0	0	8591	111	24	17	281	1529	2201	0
289	1	49854,2	200,597	3,254	0	0	0	0	0	0	3551	91	20	16	263	1546	1904	0
290	1	39801,4	197,579	6,485	0	0	0	0	0	0	1870	87	31	10	298	1456	1993	0
291	1	38096,1	183,741	0	0	0	0	0	0	0	1569	97	36	18	256	1347	1861	0
292	1	36793,4	184,838	0	0	0	0	0	0	0	1403	105	17	22	251	1429	1822	0
293	1	37334,7	199,667	13,83	0	0	0	0	0	0	1428	113	38	17	284	1456	1991	0
294	1	36533,4	169,508	0,2036	0	0	0	0	0	0	1370	93	35	10	247	1352	1813	0
295	1	36858	189,564	1,297	0	0	0	0	0	0	1436	100	33	16	279	1438	1809	0
296	1	35633,9	182,252	2,383	0	0	0	0	0	0	1377	83	25	18	268	1408	1846	0
297	1	35801,9	179,83	17,44	0	0	0	0	0	0	1343	79	26	15	268	1393	1826	0
298	1	35818,2	181,746	5,271	0	0	0	0	0	0	1405	92	23	11	270	1333	1797	0
299	1	35610,5	173,819	2,14	0	0	0	0	0	0	1344	97	28	16	273	1304	1718	0
300	1	34961,4	187,147	6,067	0	0	0	0	0	0	1296	72	26	15	268	1383	1769	0
301	0	0	0	0	0	0	0	0	0	0	0	0	0	0	0	0	0	0
SUMM:	1962430000	411197	9011	45	457,7	0	0	0	0	12827136	334011	78323	164901	875927	2969784	4177137	0	
ZONE	MED		C10	C11	N12	N13	O13	O14	O15	F17	F18							
1	1		339	796	0	345	0	97	1833	0	1							
2	1		292	784	0	357	5	87	1778	0	0							
3	1		305	736	0	327	2	99	1867	1	0							
4	1		333	790	0	341	3	92	1812	1	1							
5	1		338	826	0	325	5	91	1830	0	0							
6	1		327	797	0	338	3	98	1791	0	0							
7	1		292	796	0	355	2	96	1864	1	0							
8	1		347	836	0	364	2	95	1882	1	0							
9	1		331	801	0	333	3	123	1805	1	0							
10	1		313	800	0	345	1	104	1915	0	0							
11	1		332	789	0	375	1	106	1817	1	0							
12	1		318	826	0	325	3	89	1909	0	0							
13	1		312	807	0	331	4	117	1848	0	0							
14	1		331	818	0	368	4	99	1891	0	0							
15	1		341	770	0	347	1	91	1881	0	0							
16	1		329	797	0	359	1	90	1898	0	1							
17	1		318	811	1	350	1	100	1822	0	0							
18	1		330	794	0	335	2	110	1994	1	0							
19	1		321	813	0	359	4	82	1850	1	0							
20	1		338	867	0	372	5	107	1862	0	0							
21	1		345	795	0	305	3	105	1893	0	0							
22	1		315	827	0	343	0	86	1892	0	1							
23	1		331	820	0	320	4	105	1870	1	0							
24	1		292	841	0	375	2	106	1869	1	1							
25	1		307	844	0	349	4	93	1963	0	0							
26	1		334	805	0	350	3	109	1905	0	0							
27	1		336	806	0	368	4	111	1915	0	0							
28	1		317	807	0	339	0	109	1938	0	0							
29	1		328	811	0	372	1	99	1936	0	0							
30	1		350	820	0	340	2	111	1956	0	0							
31	1		326	822	0	367	4	109	1960	0	0							
32	1		328	849	0	364	5	106	1901	0	0							
33	1		335	827	0	334	2	114	1908	1	0							
34	1		357	843	0	375	2	89	1966	0	0							
35	1		335	807	0	326	2	97	1965	0	0							
36	1		334	806	0	364	5	89	1908	1	1							
37	1		334	816	0	380	3	93	2054	2	0							
38	1		336	844	0	363	2	98	1959	0	0							
39	1		338	800	0	366	5	100	1962	1	0							
40	1		320	807	0	341	3	106	1898	0	0							
41	1		341	850	0	375	7	105	1987	1	0							
42	1		341	766	0	381	0	110	1984	1	0							
43	1		319	831	0	377	2	94	2017	0	0							
44	1		353	798	0	335	5	96	1989	0	0							
45	1		336	818	0	338	1	109	1972	0	0							
46	1		327	792	1	342	3	101	1948	0	1							
47	1		308	779	0	373	2	112	1937	0	0							
48	1		332	831	0	403	0	95	1953	0	0							
49	1		312	832	0	349	3	104	2020	1	1							
50	1		331	809	0	365	2	112	1866	0	0							
51	1		326	840	0	372	1	84	1952	0	0							
52	1		325	767	0	331	3	104	1966	0	0							
53	1		374	859	0	349	3	110	1964	1	0							
54	1		333	839	0	360	2	91	1905	0	1							
55	1		351	870	0	327	0	103	1921	2	0							
56	1		316	823	0	346	2	119	2007	0	0							
57	1		367	817	1	370	2	106	1991	2	0							
58	1		287	825	1	373	5	100	2039	1	0							
59	1		322	829	0	387	1	112	1997	0	0							
60	1		341	853	0	344	7	90	1964	0	0							
61	1		302	862	0	362	6	96	2041	0	1							
62	1		361	878	0	363	4	91	2009	0	0							
63	1		340	855	0	348	5	107	2113	1	0							
64	1		355	871	0	344	2	100	2024	0	1							
65	1		339	837	0	370	5	106	1971	0	0							
66	1		333	816	0	355	3	107	1999	0	0							
67	1		271	785	0	389	1	106	2004	0	0							
68	1		340	814	0	382	3	102	2017	0	0							
69	1		337	845	0	367	5	93	1997	0	0							
70	1		332	853	0	372	2	99	1954	0	0							
71	1		295	817	0	355	4	113	1987	0	0							
72	1		310	822	1	361	2	98	2074	0	0							
73	1		340	798	0	321	3	90	2024	1	1							
74	1		321	792	0	350	4	94	1960	0	0							
75	1		335	761	0	335	6	99	1992	0	0							
76	1		352	793	0	358	6	116	1948	0	0							
77	1		328	795	0	338	3	89	2047	0	0							
78	1		326	876	0	355	3	123	2000	0	0							
79	1		310	810	0	354	7	107	2046	0	1							
80	1		367	818	0	390	3	90	1925	1	0							
81	1		324	890	0	350	1	113	2071	0	0							
82	1		346	845	0	366	4	91	2018	0	0							
83	1		322	887	0	360	8	107	1977	0	2							
84	1		351	801	0	349	2	115	1995	0	1							
85	1		308	862	0	364	6	94	1964	0	1							
86	1		306	855	0	377	4	113	1979	0	0							
87	1		317	800	0	388	2	111	1972	0	1							
88	1		343	820	0	390	4	94	2055	0	0							
89	1		330	783	0	331	3	112	2029	2	1							
90	1		299	831	0	429	0	110	2059	0	0							
91	1		339	823	0	420	3	99	1936	0	0							
92	1		308	852	0	358	8	109	1978	1	0							
93	1		344	846	0	353	5	93	2009	3	2							
94	1		339	845	0	348	6	131	2054	1	0							
95	1		302	844	0	326	4	101	2078	0	0							
96	1		340	827	0	356	2	100	2027	0	0							
97	1		349	832	0	351	4	97	2059	1	0							
98	1		330	829	0	385	4	98	2048	0	0							
99	1		288	806	0	366	2	122	2069	0	0							
100	1		312	843	0	383	2	105	2048	0	1							
101	1		313	849	1	379	3	96	1950	0	1							
102	1		350	830	0	390	3	102	1967	1	0							
103	1		320	794	0	367	4	92	2036	1	1							
104	1		368	800	0	350	3	99	2039	0	1							
105	1		321	865	0	366	3	105	2010	0	0							
106	1		341	813	0	372	5	110	1991	1	1							
107	1		322	778	1	352	2	109	1996	0	2							
108	1		344	732	0	328	1	90	1991	1	0							
109	1		321	872	0	349	4	107	2090	0	1							
110	1		321	790	0	370	4	94	2073	1	0							
111	1		328	806	0	407	4	92	2007	1	1							
112	1		357	848	0	367	4	94	1996	0	0							
113	1		324	793	0	385	2	91	1935	0	1							
114	1		315	841	0	357	4	87	1966	0	0							
115	1		315	806	0	373	3	107	1987	0	0							
116	1		336	852	0	346	3	103	2059	1	1							
117	1		333	830	0	361	6	128	2041	2	1							
118	1		317	837	0	359	4	89	2065	0	1							
119	1		321	844	0	360	3	102	1972	1	0							
120	1		312	737	0	305	1	91	2066	0	0							
121	1		324	816	0	366	1	109	2053	0	1							
122	1		309	871	0	374	2	107	2001	0	0							
123	1		302	774	0	342	5	103	2037	0	0							
124	1		294	814	0	385	2	106	2051	2	1							
125	1		364	814	0	365	5	100	1972	2	0							
126	1		302	815	0	383	1	93	2061	1	0							
127	1		317	776	0	359	4	97	2048	0	0							
128	1		290	775	1	360	2	102	1997	1	2							
129	1		334	794	0	382	0	93	2057	1	1							
130	1		319	795	0	336	2	97	2060	0	0							
131	1		330	725	0	369	3	99	1997	1	0							
132	1		299	771	0	345	3	126	2081	0	0							
133	1		291	814	0	365	1	108	2040	0	0							
134	1		304	829	0	362	4	96	2041	0	0							
135	1		316	816	0	336	1	99	2002	0	0							
136	1		316	833	0	356	2	96	2038	0	0							
137	1		320	847	0	357	4	96	2046	0	0							
138	1		327	849	0	392	5	119	2011	0	0							
139	1		279	819	1	355	2	93	1969	1	0							
140	1		320	855	0	349	2	101	2021	0	0							
141	1		298	772	0	357	2	91	2039	0	0							
142	1		303	808	0	339	7	98	2033	0	0							
143	1		322	806	0	401	3	100	2056	0	1							
144	1		308	790	0	324	5	80	2074	0	0							
145	1		294	803	0	360	2	115	2106	0	0							
146	1		314	832	0	398	9	112	2091	0	0							
147	1		314	774	0	368	4	104	2056	1	0							
148	1		332	826	0	328	5	110	2120	0	0							
149	1		360	809	0	351	3	98	2108	1	0							
150	1		368	824	0	358	4	105	2027	0	1							
151	1		289	814	0	388	7	109	2001	0	0							
152	1		309	840	0	373	1	100	2020	0	0							
153	1		322	791	0	388	2	133	2042	0	0							
154	1		341	805	0	322	1	101	2118	1	0							
155	1		271	811	1	364	8	98	2001	1	1							
156	1		329	842	0	377	1	89	1966	0	1							
157	1		307	799	0	387	2	96	2018	0	1							
158	1		320	845	0	359	1	109	1951	0	0							
159	1		302	836	0	377	3	99	2017	2	1							
160	1		314	776	0	346	2	93	2079	1	1							
161	1		304	776	0	357	2	98	2037	0	1							
162	1		264	773	0	343	0	93	2061	0	1							
163	1		304	759	0	350	7	104	2094	2	0							
164	1		318	861	0	376	2	105	2100	0	0							
165	1		304	829	0	372	5	119	2035	0	1							
166	1		316	793	0	359	5	127	2027	0	0							
167	1		299	810	0	348	3	102	2104	0	0							
168	1		287	756	0	362	1	90	2079	0	0							
169	1		274	836	0	354	3	102	1988	0	1							
170	1		282	798	0	325	3	105	2076	1	0							
171	1		283	846	0	372	0	115	2105	0	0							
172	1		302	817	1	372	0	116	2069	0	1							
173	1		299	834	0	342	4	109	2105	1	0							
174	1		310	835	0	367	6	110	2001	1	0							
175	1		308	827	0	381	1	95	2058	1	1							
176	1		310	798	0	358	5	107	1997	1	0							
177	1		290	855	0	347	1	103	2005	1	0							
178	1		278	827	0	354	0	108	2062	1	0							
179	1		327	810	0	364	3	109	2099	1	0							
180	1		248	815	1	387	5	96	1978	0	0							
181	1		287	786	0	356	5	87	2016	1	1							
182	1		312	784	0	343	3	108	2028	1	0							
183	1		308	829	0	360	4	99	2129	0	0							
184	1		288	763	0	359	2	103	2016	0	0							
185	1		302	782	0	350	2	89	2046	0	0							
186	1		295	816	0	379	2	118	2117	0	0							
187	1		277	797	0	345	1	105	2122	0	1							
188	1		316	804	0	340	4	106	2032	1	1							
189	1		289	762	0	357	0	101	2002	0	0							
190	1		283	768	0	384	2	100	2061	0	0							
191	1		282	786	0	357	5	99	1959	0	0							
192	1		298	798	0	361	3	102	2032	1	0							
193	1		332	758	0	354	2	109	2008	0	1							
194	1		291	801	0	390	3	111	2027	0	0							
195	1		288	813	0	337	3	111	2121	1	1							
196	1		303	770	0	349	3	107	2104	2	0							
197	1		310	781	1	362	7	94	1997	0	0							
198	1		279	793	0	373	3	110	1975	0	0							
199	1		289	804	0	335	7	108	2121	0	1							
200	1		277	760	0	358	4	98	1983	1	0							
201	1		281	729	0	336	1	96	2053	0	0							
202	1		266	773	0	385	5	92	2081	1	0							
203	1		279	787	0	355	3	110	2050	1	0							
204	1		301	784	0	347	4	109	2145	0	0							
205	1		306	710	0	366	4	130	2013	1	1							
206	1		280	757	0	330	4	117	2077	1	1							
207	1		310	793	0	334	1	107	2008	0	0							
208	1		294	771	0	388	1	91	2057	0	0							
209	1		301	806	0	345	6	110	2121	0	1							
210	1		268	772	0	362	4	98	2066	1	0							
211	1		283	797	0	326	7	128	2108	0	0							
212	1		285	790	0	345	5	110	2061	1	0							
213	1		278	760	0	354	2	108	2157	2	0							
214	1		291	758	0	330	2	113	2162	1	0							
215	1		291	810	0	348	2	96	2061	0	0							
216	1		273	759	0	395	1	111	2119	0	0							
217	1		256	748	0	345	1	110	2203	0	0							
218	1		276	788	0	371	4	101	2198	1	0							
219	1		253	757	0	391	1	113	2035	0	0							
220	1		270	774	0	364	9	102	2122	2	0							
221	1		266	781	0	377	0	105	2127	0	1							
222	1		253	711	0	398	5	116	2136	0	0							
223	1		266	808	0	367	2	98	2165	0	1							
224	1		274	769	0	421	1	108	2132	1	0							
225	1		301	770	0	358	3	144	2233	1	0							
226	1		256	783	0	399	4	110	2070	0	0							
227	1		261	725	1	393	3	123	2084	1	0							
228	1		297	721	0	368	2	106	2186	0	0							
229	1		266	721	0	364	4	108	2157	0	1							
230	1		261	754	0	384	2	95	2206	1	0							
231	1		251	711	0	370	3	127	2092	0	1							
232	1		270	734	0	394	1	100	2193	2	0							
233	1		266	720	0	400	5	95	2101	0	0							
234	1		235	697	0	374	6	105	2231	2	1							
235	1		264	722	0	366	5	104	2121	0	0							
236	1		242	719	0	391	4	120	2195	0	0							
237	1		265	701	0	394	2	114	2168	0	0							
238	1		261	760	0	376	3	106	2143	1	0							
239	1		238	753	0	357	5	113	2311	0	0							
240	1		243	716	0	379	2	103	2374	0	0							
241	1		257	718	0	423	2	79	2235	2	1							
242	1		249	700	0	401	4	128	2297	0	0							
243	1		242	663	0	387	5	124	2308	0	1							
244	1		278	695	0	381	1	126	2334	1	0							
245	1		241	634	0	386	7	120	2499	2	1							
246	1		248	695	0	390	8	95	2371	0	2							
247	1		228	758	0	415	3	117	2415	0	0							
248	1		235	642	0	400	1	124	2423	1	1							
249	1		196	689	0	427	1	132	2513	1	0							
250	1		222	620	0	403	4	139	2582	0	1							
251	1		223	666	1	442	2	132	2561	1	2							
252	1		219	609	0	425	3	138	2605	1	1							
253	1		205	632	0	428	1	119	2668	0	0							
254	1		209	600	0	455	5	130	2722	0	1							
255	1		228	524	0	395	2	162	2722	0	0							
256	1		192	557	0	452	6	135	2884	1	2							
257	1		199	519	0	410	2	147	2850	0	2							
258	1		179	534	0	439	0	139	2998	0	1							
259	1		183	494	0	449	1	147	2900	0	1							
260	1		172	474	0	448	3	162	3047	3	0							
261	1		186	484	0	416	5	140	3005	2	0							
262	1		144	483	0	458	1	165	3162	0	0							
263	1		147	445	0	417	1	140	3239	3	0							
264	1		111	462	0	428	1	131	3432	2	1							
265	1		96	375	0	397	0	168	3529	0	1							
266	1		96	304	0	408	2	175	3487	1	0							
267	1		62	334	0	377	0	153	3554	1	1							
268	1		48	288	0	360	0	161	3627	0	1							
269	1		36	247	0	318	0	180	3719	1	0							
270	1		18	200	0	321	0	147	3670	0	2							
271	1		19	174	0	263	0	132	3794	1	0							
272	1		12	103	0	229	0	121	3703	1	1							
273	1		6	82	0	188	0	92	3539	0	3							
274	1		3	60	0	156	0	76	3325	1	3							
275	1		3	36	0	146	0	61	2788	6	4							
276	1		1	29	0	146	0	42	2330	2	3							
277	1		3	23	0	138	0	32	1840	5	1							
278	1		1	18	0	84	0	21	1292	4	8							
279	1		3	18	0	92	0	8	919	3	0							
280	1		5	14	0	63	0	4	564	6	3							
281	1		3	20	0	33	0	3	326	4	1							
282	1		0	20	0	45	0	3	202	2	1							
283	1		5	10	0	16	0	1	145	1	1							
284	1		4	20	0	13	0	1	80	0	0							
285	1		5	19	0	11	0	1	84	0	0							
286	1		3	17	0	5	0	2	78	0	0							
287	1		2	19	0	5	0	0	69	0	0							
288	1		4	14	0	11	0	2	66	0	0							
289	1		3	16	0	6	0	3	68	0	0							
290	1		0	15	0	3	0	0	75	0	0							
291	1		2	15	0	7	0	3	74	0	0							
292	1		7	17	0	4	0	2	89	0	0							
293	1		2	16	0	6	0	1	66	0	0							
294	1		8	13	0	9	0	2	70	0	0							
295	1		2	19	0	11	0	5	71	0	0							
296	1		2	23	0	6	0	1	62	0	0							
297	1		1	17	0	7	0	1	76	0	0							
298	1		3	11	0	9	0	3	62	0	0							
299	1		5	21	0	4	0	3	63	0	0							
300	1		5	18	0	5	0	1	65	0	0							
301	0		0	0	0	0	0	0	0	0	0							
SUM	==>		80133	209971	15	100517	820	29586	597087	159	118							
