10000000
300
 ZONE MED   LOSS(MEV)      (MEV)    EXCITATION    PI0   (MEV)        PI+     K+    MU-    MU+     PROT    DEUT    TRIT     HE3    ALPH     ELSC    INEL    FISS
   1   1  0.449995E+07 0.644557E+03 0.2278E+02      0 0.0000E+00       0      0      0      0     4734    1037     263     605    2703     3516   11132       0
   2   1  0.455023E+07 0.636527E+03 0.2690E+02      4 0.6614E+02       0      0      0      0     6344    1133     295     636    2868     3621   11167       0
   3   1  0.458425E+07 0.642891E+03 0.0000E+00      2 0.1382E+02       0      0      0      0     7263    1184     281     625    2803     3650   11287       0
   4   1  0.461124E+07 0.650194E+03 0.3628E+02      0 0.0000E+00       0      0      0      0     7955    1206     299     613    2788     3771   11424       0
   5   1  0.464117E+07 0.644688E+03 0.2109E+02      2 0.5003E+02       0      0      0      0     8323    1241     304     636    2817     3767   11546       0
   6   1  0.466405E+07 0.660962E+03 0.2501E+02      4 0.6302E+02       0      0      0      0     8832    1248     301     611    2907     3876   11572       0
   7   1  0.468424E+07 0.662787E+03 0.1490E+02      2 0.1357E+02       0      0      0      0     9202    1233     325     664    2779     3822   11591       0
   8   1  0.470350E+07 0.672906E+03 0.1824E+02      1 0.1389E+02       0      0      0      0     9372    1145     311     695    2859     3958   11487       0
   9   1  0.472193E+07 0.721542E+03 0.2533E+02      2 0.3663E+02       0      0      0      0     9727    1213     337     651    2830     4091   11841       0
  10   1  0.474324E+07 0.685114E+03 0.1216E+02      3 0.1178E+03       0      0      0      0    10088    1243     312     628    3023     4159   11743       0
  11   1  0.475824E+07 0.697110E+03 0.1073E+02      0 0.0000E+00       0      0      0      0    10084    1249     304     682    2931     4095   11653       0
  12   1  0.477848E+07 0.697204E+03 0.3235E+02      1 0.1719E+02       0      0      0      0    10520    1275     335     644    2978     4168   11862       0
  13   1  0.479276E+07 0.717274E+03 0.6105E+01      1 0.4502E+01       0      0      0      0    10737    1205     315     641    2928     4120   11975       0
  14   1  0.480852E+07 0.690668E+03 0.1160E+02      0 0.0000E+00       0      0      0      0    11052    1292     343     654    2934     4143   11795       0
  15   1  0.482090E+07 0.727112E+03 0.2510E+02      1 0.9646E+01       0      0      0      0    11035    1168     318     683    2872     4341   11882       0
  16   1  0.483647E+07 0.713998E+03 0.1314E+01      2 0.4232E+02       0      0      0      0    11148    1242     332     635    2877     4228   12117       0
  17   1  0.485011E+07 0.710942E+03 0.4700E+01      0 0.0000E+00       0      0      0      0    11371    1239     325     643    2976     4336   11809       0
  18   1  0.486743E+07 0.740860E+03 0.3332E+02      2 0.1324E+02       0      0      0      0    11456    1334     337     668    3007     4471   12129       0
  19   1  0.488170E+07 0.739632E+03 0.6660E+01      2 0.6999E+01       0      0      0      0    11753    1218     360     668    2993     4390   12275       0
  20   1  0.489054E+07 0.729553E+03 0.7665E+01      1 0.5856E+01       0      0      0      0    11660    1344     274     631    2842     4400   12150       0
  21   1  0.490939E+07 0.769831E+03 0.2063E+02      0 0.0000E+00       0      0      0      0    12155    1253     312     681    2903     4569   12095       0
  22   1  0.491944E+07 0.758426E+03 0.3333E+02      1 0.1247E+02       0      0      0      0    12100    1227     302     642    2979     4550   12331       0
  23   1  0.493732E+07 0.738559E+03 0.1920E+02      1 0.1218E+02       0      0      0      0    12378    1247     317     644    3061     4566   12329       0
  24   1  0.494800E+07 0.747410E+03 0.1934E+02      1 0.6315E+01       0      0      0      0    12463    1295     315     685    2874     4499   12257       0
  25   1  0.496131E+07 0.758731E+03 0.1533E+02      0 0.0000E+00       0      0      0      0    12646    1316     299     687    2982     4641   12236       0
  26   1  0.497266E+07 0.776815E+03 0.1886E+01      3 0.4252E+02       0      0      0      0    12774    1278     273     686    3039     4755   12319       0
  27   1  0.498865E+07 0.768105E+03 0.3103E+01      0 0.0000E+00       0      0      0      0    12964    1223     306     657    3060     4693   12529       0
  28   1  0.500058E+07 0.766299E+03 0.9117E+01      2 0.5347E+01       0      0      0      0    13016    1252     331     661    3110     4702   12541       0
  29   1  0.501115E+07 0.785181E+03 0.1149E+02      0 0.0000E+00       0      0      0      0    13140    1231     315     647    2957     4745   12464       0
  30   1  0.502384E+07 0.799744E+03 0.1295E+02      2 0.6700E+01       0      0      0      0    13304    1281     295     676    2902     4776   12471       0
  31   1  0.503561E+07 0.774308E+03 0.7633E+01      0 0.0000E+00       0      0      0      0    13412    1273     329     664    3166     4975   12549       0
  32   1  0.504449E+07 0.776016E+03 0.2338E+02      2 0.1106E+02       0      0      0      0    13379    1252     289     694    2988     4784   12324       0
  33   1  0.505399E+07 0.817979E+03 0.1253E+02      0 0.0000E+00       0      0      0      0    13373    1271     301     684    2978     5010   12473       0
  34   1  0.506252E+07 0.794448E+03 0.1510E+02      2 0.1615E+02       0      0      0      0    13567    1217     297     594    2936     4970   12490       0
  35   1  0.508254E+07 0.808184E+03 0.2072E+02      0 0.0000E+00       0      0      0      0    13846    1237     362     682    3122     4991   12743       0
  36   1  0.508933E+07 0.796512E+03 0.2537E+02      0 0.0000E+00       0      0      0      0    13774    1267     316     629    2953     4976   12494       0
  37   1  0.510061E+07 0.798993E+03 0.1976E+02      1 0.3029E+02       0      0      0      0    13759    1241     293     652    3078     5043   12533       0
  38   1  0.511618E+07 0.818709E+03 0.1115E+02      0 0.0000E+00       0      0      0      0    14049    1286     350     667    3089     5008   12746       0
  39   1  0.512828E+07 0.817618E+03 0.4406E+02      0 0.0000E+00       0      0      0      0    14194    1316     313     596    3121     5018   12756       0
  40   1  0.513427E+07 0.815047E+03 0.3538E+02      0 0.0000E+00       0      0      0      0    14192    1261     301     665    3002     5175   12714       0
  41   1  0.514553E+07 0.840271E+03 0.7080E+01      3 0.2402E+02       0      0      0      0    14417    1281     322     681    3052     5181   12782       0
  42   1  0.515324E+07 0.819916E+03 0.8600E+01      0 0.0000E+00       0      0      0      0    14323    1186     311     634    2977     5158   12678       0
  43   1  0.516902E+07 0.823965E+03 0.3330E+02      0 0.0000E+00       0      0      0      0    14528    1274     318     664    3052     5193   12770       0
  44   1  0.517702E+07 0.843483E+03 0.4692E+02      0 0.0000E+00       0      0      0      0    14497    1221     319     674    3060     5262   12808       0
  45   1  0.518796E+07 0.865716E+03 0.1504E+02      1 0.1826E+01       0      0      0      0    14621    1277     333     675    2984     5469   12732       0
  46   1  0.519622E+07 0.822137E+03 0.2541E+02      0 0.0000E+00       0      0      0      0    14715    1254     321     698    3049     5072   12754       0
  47   1  0.520882E+07 0.864299E+03 0.2994E+02      0 0.0000E+00       0      0      0      0    15019    1281     326     639    3193     5361   13007       0
  48   1  0.521647E+07 0.861911E+03 0.1727E+02      1 0.3861E+01       0      0      0      0    14942    1276     281     624    3104     5468   12835       0
  49   1  0.522756E+07 0.842324E+03 0.3192E+02      0 0.0000E+00       0      0      0      0    14887    1262     315     646    3117     5325   12844       0
  50   1  0.523875E+07 0.867676E+03 0.9428E+01      0 0.0000E+00       0      0      0      0    14826    1333     326     647    3123     5516   13101       0
  51   1  0.524979E+07 0.867236E+03 0.1948E+02      0 0.0000E+00       0      0      0      0    15112    1318     356     710    3048     5493   13103       0
  52   1  0.525903E+07 0.899927E+03 0.1343E+02      0 0.0000E+00       0      0      0      0    15179    1266     298     601    3073     5474   12830       0
  53   1  0.526656E+07 0.866854E+03 0.4582E+01      2 0.7258E+01       0      0      0      0    15244    1295     313     663    3029     5446   12933       0
  54   1  0.528104E+07 0.875402E+03 0.1945E+02      0 0.0000E+00       0      0      0      0    15271    1315     351     665    3153     5417   13036       0
  55   1  0.528860E+07 0.890178E+03 0.1663E+02      1 0.2026E+02       0      0      0      0    15507    1201     322     646    3120     5746   12954       0
  56   1  0.530404E+07 0.901232E+03 0.1755E+02      0 0.0000E+00       0      0      0      0    15584    1330     342     671    3139     5570   13049       0
  57   1  0.531421E+07 0.880894E+03 0.3076E+02      0 0.0000E+00       0      0      0      0    15939    1351     334     660    3175     5639   13318       0
  58   1  0.532143E+07 0.890818E+03 0.3122E+02      0 0.0000E+00       0      0      0      0    15755    1273     326     663    3023     5598   13073       0
  59   1  0.532875E+07 0.910067E+03 0.1818E+02      1 0.9881E+01       0      0      0      0    15699    1264     307     646    3166     5702   13086       0
  60   1  0.533882E+07 0.864244E+03 0.1673E+02      0 0.0000E+00       0      0      0      0    16002    1296     322     679    3091     5606   13118       0
  61   1  0.534617E+07 0.895221E+03 0.4750E+02      1 0.1463E+02       0      0      0      0    15930    1278     323     649    2991     5710   13158       0
  62   1  0.535767E+07 0.911979E+03 0.4018E+02      0 0.0000E+00       0      0      0      0    15931    1323     294     652    3218     5730   12905       0
  63   1  0.536375E+07 0.914239E+03 0.1684E+02      0 0.0000E+00       0      0      0      0    15905    1289     317     643    3080     5825   13286       0
  64   1  0.537337E+07 0.903343E+03 0.7984E+01      0 0.0000E+00       0      0      0      0    15858    1272     323     663    3095     5815   12953       0
  65   1  0.538621E+07 0.917202E+03 0.3920E+02      1 0.7493E+00       0      0      0      0    16400    1370     330     634    3203     5888   13286       0
  66   1  0.539063E+07 0.922256E+03 0.3277E+01      0 0.0000E+00       0      0      0      0    16303    1235     303     646    3123     5828   13015       0
  67   1  0.540151E+07 0.956441E+03 0.3206E+02      0 0.0000E+00       0      0      0      0    16116    1253     318     727    3136     5964   13261       0
  68   1  0.541166E+07 0.921986E+03 0.3177E+02      0 0.0000E+00       0      0      0      0    16384    1277     338     680    3130     5888   13370       0
  69   1  0.542201E+07 0.940067E+03 0.7617E+00      0 0.0000E+00       0      0      0      0    16609    1282     327     666    3191     6004   13255       0
  70   1  0.543021E+07 0.937083E+03 0.2823E+02      0 0.0000E+00       0      0      0      0    16577    1294     323     643    3040     5948   13333       0
  71   1  0.543491E+07 0.924631E+03 0.3749E+02      0 0.0000E+00       0      0      0      0    16432    1226     328     654    3017     5967   13055       0
  72   1  0.544666E+07 0.901566E+03 0.1491E+02      0 0.0000E+00       0      0      0      0    16560    1238     328     663    3061     5882   13106       0
  73   1  0.545451E+07 0.940700E+03 0.2091E+02      0 0.0000E+00       0      0      0      0    16808    1317     336     652    3055     6116   13291       0
  74   1  0.546085E+07 0.945441E+03 0.2946E+02      0 0.0000E+00       0      0      0      0    16442    1322     300     655    3026     5997   13197       0
  75   1  0.546951E+07 0.976773E+03 0.3911E+02      0 0.0000E+00       0      0      0      0    16507    1263     352     648    3088     6114   13241       0
  76   1  0.548102E+07 0.947269E+03 0.1016E+02      0 0.0000E+00       0      0      0      0    16444    1333     332     667    3158     6167   13161       0
  77   1  0.548809E+07 0.964072E+03 0.5880E+02      0 0.0000E+00       0      0      0      0    16677    1221     307     662    3071     6198   13099       0
  78   1  0.549802E+07 0.955961E+03 0.4399E+02      0 0.0000E+00       0      0      0      0    16745    1205     318     684    3111     6101   13207       0
  79   1  0.550994E+07 0.956870E+03 0.2907E+02      0 0.0000E+00       0      0      0      0    17167    1245     334     690    3160     6136   13630       0
  80   1  0.551731E+07 0.955397E+03 0.7574E+01      0 0.0000E+00       0      0      0      0    17043    1235     305     683    3149     6199   13325       0
  81   1  0.552336E+07 0.964610E+03 0.5220E+01      0 0.0000E+00       0      0      0      0    17059    1170     330     662    3073     6295   13226       0
  82   1  0.553202E+07 0.968647E+03 0.1476E+02      0 0.0000E+00       0      0      0      0    16991    1283     321     603    3078     6362   13128       0
  83   1  0.554059E+07 0.947699E+03 0.3990E+02      0 0.0000E+00       0      0      0      0    17045    1268     310     639    3133     6344   13172       0
  84   1  0.555538E+07 0.943630E+03 0.4557E+01      0 0.0000E+00       0      0      0      0    17166    1338     320     695    3063     6423   13228       0
  85   1  0.556224E+07 0.968594E+03 0.5572E+01      0 0.0000E+00       0      0      0      0    17336    1319     339     611    3270     6360   13568       0
  86   1  0.556704E+07 0.991659E+03 0.1808E+02      1 0.6455E+01       0      0      0      0    17166    1240     317     661    3099     6431   13323       0
  87   1  0.557887E+07 0.100761E+04 0.3536E+02      0 0.0000E+00       0      0      0      0    17261    1272     323     647    3171     6514   13246       0
  88   1  0.558270E+07 0.977490E+03 0.2988E+02      0 0.0000E+00       0      0      0      0    17214    1249     315     652    3021     6379   13101       0
  89   1  0.559315E+07 0.996009E+03 0.2093E+02      0 0.0000E+00       0      0      0      0    17503    1211     314     698    3170     6588   13473       0
  90   1  0.560241E+07 0.101184E+04 0.2359E+01      0 0.0000E+00       0      0      0      0    17322    1295     303     626    3138     6608   13433       0
  91   1  0.561225E+07 0.101083E+04 0.4441E+02      0 0.0000E+00       0      0      0      0    17301    1260     318     670    3165     6629   13449       0
  92   1  0.561969E+07 0.993578E+03 0.1180E+02      0 0.0000E+00       0      0      0      0    17409    1285     288     692    3151     6483   13333       0
  93   1  0.562852E+07 0.101225E+04 0.1158E+02      0 0.0000E+00       0      0      0      0    17808    1292     310     664    3237     6667   13550       0
  94   1  0.563567E+07 0.953596E+03 0.2526E+02      0 0.0000E+00       0      0      0      0    17656    1239     320     596    3155     6464   13416       0
  95   1  0.564345E+07 0.100802E+04 0.3909E+02      0 0.0000E+00       0      0      0      0    17579    1252     283     652    3142     6621   13398       0
  96   1  0.565392E+07 0.985948E+03 0.1834E+02      0 0.0000E+00       0      0      0      0    17669    1313     324     640    3172     6690   13360       0
  97   1  0.566186E+07 0.100977E+04 0.3075E+02      0 0.0000E+00       0      0      0      0    17721    1241     324     621    3141     6742   13248       0
  98   1  0.566987E+07 0.984289E+03 0.3006E+02      0 0.0000E+00       0      0      0      0    17816    1205     309     663    3169     6592   13552       0
  99   1  0.567747E+07 0.100802E+04 0.2658E+02      0 0.0000E+00       0      0      0      0    17784    1258     313     672    3092     6779   13264       0
 100   1  0.568571E+07 0.101316E+04 0.3903E+02      0 0.0000E+00       0      0      0      0    17708    1261     327     660    3154     6775   13311       0
 101   1  0.569556E+07 0.101233E+04 0.3778E+02      0 0.0000E+00       0      0      0      0    17921    1279     311     667    3159     6867   13326       0
 102   1  0.570343E+07 0.101753E+04 0.1441E+02      0 0.0000E+00       0      0      0      0    17922    1218     315     630    3062     6864   13408       0
 103   1  0.571378E+07 0.105861E+04 0.3339E+02      0 0.0000E+00       0      0      0      0    18025    1225     303     682    3108     6937   13544       0
 104   1  0.572249E+07 0.105023E+04 0.2979E+02      0 0.0000E+00       0      0      0      0    18376    1303     292     630    3251     6859   13584       0
 105   1  0.572533E+07 0.101709E+04 0.3848E+02      0 0.0000E+00       0      0      0      0    17949    1257     270     592    3083     6692   13423       0
 106   1  0.573760E+07 0.100345E+04 0.2926E+02      0 0.0000E+00       0      0      0      0    18185    1230     315     618    3257     6781   13407       0
 107   1  0.574303E+07 0.105632E+04 0.2611E+02      0 0.0000E+00       0      0      0      0    18213    1271     300     684    3174     7035   13355       0
 108   1  0.574923E+07 0.105226E+04 0.1832E+02      0 0.0000E+00       0      0      0      0    18115    1211     310     639    3078     6972   13588       0
 109   1  0.575835E+07 0.104594E+04 0.1029E+02      0 0.0000E+00       0      0      0      0    18212    1222     334     661    3287     7088   13393       0
 110   1  0.576532E+07 0.106275E+04 0.4496E+02      0 0.0000E+00       0      0      0      0    18086    1206     295     682    3211     7168   13573       0
 111   1  0.577377E+07 0.108113E+04 0.1475E+02      0 0.0000E+00       0      0      0      0    18236    1284     300     676    3034     7199   13377       0
 112   1  0.578183E+07 0.105467E+04 0.1018E+02      0 0.0000E+00       0      0      0      0    18254    1312     328     577    3073     7054   13391       0
 113   1  0.579175E+07 0.110031E+04 0.2576E+02      0 0.0000E+00       0      0      0      0    18420    1227     302     677    3181     7326   13650       0
 114   1  0.579682E+07 0.107978E+04 0.3291E+02      0 0.0000E+00       0      0      0      0    18243    1219     296     628    3094     7283   13304       0
 115   1  0.580353E+07 0.109738E+04 0.3398E+02      0 0.0000E+00       0      0      0      0    18383    1251     293     630    3095     7453   13422       0
 116   1  0.581244E+07 0.109916E+04 0.6037E+01      0 0.0000E+00       0      0      0      0    18341    1320     320     665    3218     7313   13475       0
 117   1  0.581772E+07 0.107295E+04 0.4124E+02      0 0.0000E+00       0      0      0      0    18379    1227     304     632    3155     7292   13230       0
 118   1  0.582341E+07 0.111547E+04 0.7530E+01      0 0.0000E+00       0      0      0      0    18231    1195     304     637    3117     7580   13251       0
 119   1  0.583367E+07 0.110722E+04 0.2515E+02      0 0.0000E+00       0      0      0      0    18335    1274     312     618    3094     7464   13454       0
 120   1  0.584203E+07 0.109277E+04 0.9632E+01      0 0.0000E+00       0      0      0      0    18654    1193     310     684    3055     7526   13287       0
 121   1  0.585372E+07 0.107889E+04 0.1890E+02      0 0.0000E+00       0      0      0      0    18611    1235     323     630    3260     7488   13542       0
 122   1  0.585824E+07 0.113108E+04 0.2759E+02      0 0.0000E+00       0      0      0      0    18793    1269     268     688    3188     7694   13383       0
 123   1  0.586353E+07 0.114809E+04 0.1208E+02      0 0.0000E+00       0      0      0      0    18525    1270     312     656    3052     7780   13432       0
 124   1  0.587117E+07 0.110960E+04 0.1108E+02      0 0.0000E+00       0      0      0      0    18444    1266     283     644    3068     7659   13431       0
 125   1  0.588200E+07 0.113730E+04 0.2204E+02      0 0.0000E+00       0      0      0      0    18570    1188     334     641    3127     7699   13477       0
 126   1  0.589079E+07 0.112264E+04 0.1935E+02      0 0.0000E+00       0      0      0      0    18733    1223     286     651    3055     7660   13344       0
 127   1  0.589977E+07 0.113820E+04 0.2839E+02      0 0.0000E+00       0      0      0      0    18873    1243     305     594    3081     7755   13305       0
 128   1  0.591017E+07 0.115567E+04 0.2282E+02      0 0.0000E+00       0      0      0      0    18971    1235     315     632    3157     7864   13502       0
 129   1  0.591569E+07 0.112596E+04 0.3327E+02      0 0.0000E+00       0      0      0      0    18952    1201     302     586    2964     7863   13295       0
 130   1  0.592665E+07 0.114630E+04 0.3323E+02      0 0.0000E+00       0      0      0      0    18777    1211     296     638    3203     7961   13499       0
 131   1  0.593443E+07 0.113929E+04 0.2323E+02      0 0.0000E+00       0      0      0      0    18902    1245     285     635    3110     7927   13371       0
 132   1  0.594335E+07 0.114023E+04 0.1032E+01      0 0.0000E+00       0      0      0      0    18848    1174     306     604    3130     7732   13456       0
 133   1  0.595567E+07 0.115947E+04 0.4589E+02      0 0.0000E+00       0      0      0      0    19070    1269     302     617    2941     7947   13704       0
 134   1  0.596276E+07 0.113112E+04 0.1934E+02      0 0.0000E+00       0      0      0      0    19235    1307     296     607    3155     7965   13452       0
 135   1  0.597180E+07 0.116186E+04 0.2016E+02      0 0.0000E+00       0      0      0      0    19128    1198     294     615    3176     8056   13563       0
 136   1  0.597972E+07 0.116745E+04 0.3016E+02      0 0.0000E+00       0      0      0      0    19267    1155     313     632    3187     8012   13632       0
 137   1  0.598448E+07 0.117425E+04 0.2714E+02      0 0.0000E+00       0      0      0      0    19222    1159     296     608    3095     7896   13606       0
 138   1  0.599158E+07 0.118920E+04 0.5726E+02      0 0.0000E+00       0      0      0      0    18963    1217     297     653    3098     8105   13615       0
 139   1  0.599994E+07 0.116103E+04 0.1954E+02      0 0.0000E+00       0      0      0      0    19008    1177     344     594    3010     8122   13451       0
 140   1  0.601200E+07 0.119009E+04 0.1561E+02      0 0.0000E+00       0      0      0      0    18940    1246     292     648    3156     8157   13402       0
 141   1  0.602452E+07 0.119760E+04 0.2836E+02      0 0.0000E+00       0      0      0      0    19517    1234     314     661    3230     8438   13527       0
 142   1  0.603028E+07 0.119174E+04 0.3733E+02      0 0.0000E+00       0      0      0      0    19180    1206     319     636    3195     8404   13651       0
 143   1  0.603583E+07 0.121279E+04 0.2348E+02      0 0.0000E+00       0      0      0      0    19258    1326     307     660    3190     8484   13465       0
 144   1  0.604288E+07 0.120534E+04 0.2761E+02      0 0.0000E+00       0      0      0      0    19357    1246     271     627    3174     8388   13440       0
 145   1  0.604990E+07 0.119465E+04 0.1349E+02      0 0.0000E+00       0      0      0      0    19506    1264     327     638    3098     8366   13673       0
 146   1  0.605800E+07 0.124973E+04 0.1786E+02      0 0.0000E+00       0      0      0      0    19594    1301     309     670    3195     8523   13579       0
 147   1  0.606451E+07 0.125322E+04 0.3395E+02      0 0.0000E+00       0      0      0      0    19305    1206     285     610    3169     8657   13600       0
 148   1  0.607277E+07 0.123647E+04 0.3769E+02      0 0.0000E+00       0      0      0      0    19785    1207     323     630    3125     8720   13744       0
 149   1  0.607697E+07 0.126255E+04 0.3663E+02      0 0.0000E+00       0      0      0      0    19682    1208     275     607    3137     8755   13604       0
 150   1  0.608540E+07 0.124361E+04 0.3071E+02      0 0.0000E+00       0      0      0      0    19534    1172     300     653    3212     8709   13549       0
 151   1  0.609825E+07 0.122818E+04 0.1927E+02      0 0.0000E+00       0      0      0      0    19662    1177     283     633    3214     8771   13639       0
 152   1  0.611000E+07 0.125934E+04 0.3113E+02      0 0.0000E+00       0      0      0      0    19702    1261     294     670    3165     8635   13492       0
 153   1  0.612754E+07 0.125544E+04 0.3214E+02      0 0.0000E+00       0      0      0      0    19610    1190     286     631    3227     8749   13590       0
 154   1  0.615466E+07 0.124062E+04 0.3438E+02      0 0.0000E+00       0      0      0      0    19888    1239     290     682    3191     8804   13664       0
 155   1  0.617541E+07 0.127424E+04 0.1720E+02      0 0.0000E+00       0      0      0      0    19965    1126     297     650    3201     8968   13602       0
 156   1  0.619483E+07 0.128291E+04 0.1102E+02      0 0.0000E+00       0      0      0      0    19764    1285     301     613    3096     9029   13642       0
 157   1  0.621515E+07 0.130491E+04 0.3545E+02      0 0.0000E+00       0      0      0      0    19917    1195     251     643    3084     9207   13575       0
 158   1  0.623688E+07 0.129555E+04 0.2480E+02      0 0.0000E+00       0      0      0      0    19738    1235     329     580    3279     9072   13731       0
 159   1  0.625306E+07 0.125807E+04 0.1956E+02      0 0.0000E+00       0      0      0      0    20177    1243     272     647    3229     9230   13518       0
 160   1  0.626144E+07 0.132502E+04 0.2836E+02      0 0.0000E+00       0      0      0      0    20034    1158     280     653    3241     9427   13407       0
 161   1  0.627687E+07 0.129633E+04 0.3649E+01      0 0.0000E+00       0      0      0      0    20066    1252     318     613    3127     9302   13834       0
 162   1  0.629052E+07 0.128637E+04 0.2024E+02      0 0.0000E+00       0      0      0      0    20388    1280     302     594    3154     9174   13890       0
 163   1  0.629754E+07 0.133873E+04 0.1549E+02      0 0.0000E+00       0      0      0      0    19819    1242     272     599    3139     9503   13499       0
 164   1  0.631701E+07 0.136570E+04 0.1551E+02      0 0.0000E+00       0      0      0      0    20335    1220     285     617    3286     9605   13766       0
 165   1  0.632586E+07 0.132504E+04 0.6347E+02      0 0.0000E+00       0      0      0      0    20346    1209     271     629    3180     9600   13807       0
 166   1  0.633304E+07 0.131915E+04 0.2157E+02      0 0.0000E+00       0      0      0      0    19925    1200     289     584    3074     9616   13369       0
 167   1  0.634636E+07 0.133719E+04 0.2871E+02      0 0.0000E+00       0      0      0      0    20290    1186     259     559    3121     9828   13506       0
 168   1  0.635601E+07 0.133825E+04 0.3125E+02      0 0.0000E+00       0      0      0      0    19993    1129     239     589    3022     9674   13492       0
 169   1  0.637307E+07 0.137354E+04 0.2594E+02      0 0.0000E+00       0      0      0      0    20297    1158     293     585    3114     9909   13487       0
 170   1  0.638444E+07 0.139135E+04 0.2113E+02      0 0.0000E+00       0      0      0      0    20447    1177     287     586    3070     9945   13424       0
 171   1  0.639714E+07 0.140153E+04 0.7087E+01      0 0.0000E+00       0      0      0      0    20155    1198     275     596    3057    10053   13585       0
 172   1  0.641115E+07 0.141086E+04 0.4131E+02      0 0.0000E+00       0      0      0      0    20470    1127     286     568    3141    10201   13604       0
 173   1  0.642189E+07 0.142463E+04 0.2995E+02      0 0.0000E+00       0      0      0      0    20083    1193     279     634    3011    10329   13632       0
 174   1  0.643973E+07 0.143878E+04 0.3569E+02      0 0.0000E+00       0      0      0      0    20438    1205     285     605    3201    10211   13535       0
 175   1  0.645033E+07 0.142665E+04 0.1398E+02      0 0.0000E+00       0      0      0      0    20190    1152     317     643    3007    10399   13562       0
 176   1  0.646390E+07 0.145111E+04 0.4004E+02      0 0.0000E+00       0      0      0      0    20165    1216     288     609    3148    10359   13414       0
 177   1  0.648208E+07 0.143176E+04 0.1091E+02      0 0.0000E+00       0      0      0      0    20645    1174     287     558    3206    10404   13548       0
 178   1  0.649385E+07 0.142344E+04 0.4845E+02      0 0.0000E+00       0      0      0      0    20530    1178     281     539    3243    10343   13326       0
 179   1  0.651285E+07 0.148414E+04 0.3920E+02      0 0.0000E+00       0      0      0      0    20491    1197     280     648    3098    10733   13566       0
 180   1  0.652360E+07 0.145575E+04 0.3460E+02      0 0.0000E+00       0      0      0      0    20665    1200     264     588    3079    10545   13505       0
 181   1  0.653815E+07 0.152822E+04 0.4515E+02      0 0.0000E+00       0      0      0      0    20572    1174     282     621    3133    10955   13424       0
 182   1  0.655412E+07 0.151548E+04 0.2544E+02      0 0.0000E+00       0      0      0      0    20454    1180     262     617    3231    10867   13434       0
 183   1  0.656851E+07 0.149590E+04 0.1406E+02      0 0.0000E+00       0      0      0      0    20618    1188     298     610    3097    10949   13591       0
 184   1  0.658272E+07 0.148422E+04 0.2693E+02      0 0.0000E+00       0      0      0      0    20560    1148     295     586    3146    10844   13459       0
 185   1  0.659913E+07 0.149158E+04 0.2207E+02      0 0.0000E+00       0      0      0      0    20772    1175     293     610    3157    11010   13488       0
 186   1  0.661483E+07 0.150563E+04 0.3003E+02      0 0.0000E+00       0      0      0      0    20758    1168     262     596    3122    10949   13618       0
 187   1  0.663203E+07 0.151218E+04 0.4879E+02      0 0.0000E+00       0      0      0      0    20972    1148     246     616    3140    11091   13518       0
 188   1  0.664388E+07 0.154541E+04 0.0000E+00      0 0.0000E+00       0      0      0      0    20745    1179     288     575    3076    11329   13404       0
 189   1  0.666068E+07 0.152256E+04 0.5976E+02      0 0.0000E+00       0      0      0      0    20507    1152     254     560    3065    11319   13349       0
 190   1  0.667875E+07 0.155544E+04 0.1610E+02      0 0.0000E+00       0      0      0      0    20991    1084     282     574    3049    11453   13613       0
 191   1  0.669571E+07 0.158110E+04 0.7724E+01      0 0.0000E+00       0      0      0      0    21040    1066     246     608    3065    11775   13534       0
 192   1  0.671264E+07 0.153515E+04 0.6940E+02      0 0.0000E+00       0      0      0      0    20870    1108     280     562    3160    11530   13412       0
 193   1  0.673141E+07 0.158247E+04 0.1326E+02      0 0.0000E+00       0      0      0      0    21148    1092     269     601    3264    11709   13601       0
 194   1  0.674758E+07 0.161901E+04 0.3273E+02      0 0.0000E+00       0      0      0      0    21068    1221     264     586    3066    11929   13564       0
 195   1  0.676399E+07 0.162438E+04 0.3681E+02      0 0.0000E+00       0      0      0      0    21055    1113     257     568    3122    11981   13513       0
 196   1  0.678429E+07 0.159692E+04 0.0000E+00      0 0.0000E+00       0      0      0      0    21313    1141     225     582    3181    11841   13914       0
 197   1  0.679715E+07 0.162982E+04 0.1204E+02      0 0.0000E+00       0      0      0      0    21108    1117     247     585    3006    12051   13569       0
 198   1  0.682017E+07 0.165131E+04 0.3287E+01      0 0.0000E+00       0      0      0      0    21506    1166     256     586    3128    12117   13673       0
 199   1  0.683819E+07 0.165962E+04 0.4972E+02      0 0.0000E+00       0      0      0      0    21463    1184     308     588    3202    12368   13581       0
 200   1  0.685111E+07 0.166225E+04 0.2942E+02      0 0.0000E+00       0      0      0      0    21427    1129     266     582    3093    12443   13352       0
 201   1  0.686814E+07 0.166700E+04 0.6084E+02      0 0.0000E+00       0      0      0      0    21193    1148     245     605    3069    12448   13512       0
 202   1  0.688505E+07 0.170036E+04 0.4265E+02      0 0.0000E+00       0      0      0      0    21299    1160     253     581    3069    12697   13547       0
 203   1  0.690700E+07 0.168015E+04 0.4471E+01      0 0.0000E+00       0      0      0      0    21495    1146     243     583    3173    12629   13712       0
 204   1  0.692384E+07 0.172949E+04 0.4193E+02      0 0.0000E+00       0      0      0      0    21376    1086     240     582    3065    13026   13472       0
 205   1  0.694417E+07 0.175817E+04 0.1974E+02      0 0.0000E+00       0      0      0      0    21620    1088     238     530    2958    13027   13402       0
 206   1  0.697233E+07 0.173480E+04 0.1942E+02      0 0.0000E+00       0      0      0      0    21775    1096     263     563    3159    12902   13631       0
 207   1  0.699641E+07 0.171387E+04 0.2906E+02      0 0.0000E+00       0      0      0      0    21605    1080     241     564    3083    12862   13667       0
 208   1  0.702504E+07 0.176185E+04 0.4421E+02      0 0.0000E+00       0      0      0      0    21806    1154     220     546    3108    13101   13446       0
 209   1  0.705537E+07 0.176384E+04 0.2745E+02      0 0.0000E+00       0      0      0      0    21755    1154     256     555    2991    13357   13705       0
 210   1  0.708910E+07 0.178443E+04 0.7698E+01      0 0.0000E+00       0      0      0      0    21767    1148     241     638    3087    13317   13762       0
 211   1  0.711645E+07 0.176957E+04 0.3747E+01      0 0.0000E+00       0      0      0      0    21877    1141     242     587    3048    13575   13565       0
 212   1  0.714589E+07 0.183697E+04 0.3019E+02      0 0.0000E+00       0      0      0      0    22039    1116     236     555    3113    13814   13751       0
 213   1  0.717324E+07 0.181993E+04 0.2180E+02      0 0.0000E+00       0      0      0      0    22037    1105     230     557    3079    13709   13531       0
 214   1  0.719894E+07 0.188368E+04 0.3680E+02      0 0.0000E+00       0      0      0      0    21770    1071     210     588    3127    13982   13560       0
 215   1  0.723227E+07 0.182769E+04 0.1749E+02      0 0.0000E+00       0      0      0      0    22160    1132     212     598    3116    14042   13749       0
 216   1  0.726030E+07 0.187683E+04 0.3858E+02      0 0.0000E+00       0      0      0      0    22190    1101     268     559    3137    14325   13817       0
 217   1  0.729161E+07 0.188351E+04 0.7154E+01      0 0.0000E+00       0      0      0      0    22365    1079     243     567    3179    14468   13891       0
 218   1  0.732082E+07 0.190944E+04 0.3013E+02      0 0.0000E+00       0      0      0      0    22177     978     223     551    3118    14469   13746       0
 219   1  0.735587E+07 0.190484E+04 0.8378E+01      0 0.0000E+00       0      0      0      0    22264    1068     257     559    3178    14656   13728       0
 220   1  0.739058E+07 0.192546E+04 0.2455E+02      0 0.0000E+00       0      0      0      0    22304    1137     233     535    3188    14758   13686       0
 221   1  0.742374E+07 0.194691E+04 0.3858E+02      0 0.0000E+00       0      0      0      0    22385    1082     233     543    3058    15029   13610       0
 222   1  0.746032E+07 0.202417E+04 0.3225E+02      0 0.0000E+00       0      0      0      0    22501    1147     232     555    3108    15194   13659       0
 223   1  0.749567E+07 0.199938E+04 0.1692E+02      0 0.0000E+00       0      0      0      0    22713    1049     246     564    3183    15202   13881       0
 224   1  0.752341E+07 0.201683E+04 0.2567E+02      0 0.0000E+00       0      0      0      0    22687    1088     242     543    2948    15298   13745       0
 225   1  0.755339E+07 0.205234E+04 0.2738E+02      0 0.0000E+00       0      0      0      0    22481    1076     233     536    3127    15508   13924       0
 226   1  0.758734E+07 0.205771E+04 0.1304E+01      0 0.0000E+00       0      0      0      0    22378    1051     224     571    3070    15748   13664       0
 227   1  0.762513E+07 0.205528E+04 0.3186E+02      0 0.0000E+00       0      0      0      0    22655    1122     248     512    3084    15870   13855       0
 228   1  0.766022E+07 0.213101E+04 0.1837E+02      0 0.0000E+00       0      0      0      0    22707    1059     234     505    3158    16507   13659       0
 229   1  0.770433E+07 0.216289E+04 0.2337E+02      0 0.0000E+00       0      0      0      0    23023    1118     239     506    3192    16449   14030       0
 230   1  0.774938E+07 0.215306E+04 0.3550E+02      0 0.0000E+00       0      0      0      0    22841    1035     211     532    3238    16719   14034       0
 231   1  0.779531E+07 0.216442E+04 0.0000E+00      0 0.0000E+00       0      0      0      0    22706    1031     259     507    3067    16688   13770       0
 232   1  0.784795E+07 0.223042E+04 0.4080E+02      0 0.0000E+00       0      0      0      0    23201    1088     216     501    3029    17046   13815       0
 233   1  0.790242E+07 0.223814E+04 0.1393E+02      0 0.0000E+00       0      0      0      0    23355    1062     224     553    3250    17258   14137       0
 234   1  0.795581E+07 0.227624E+04 0.1138E+02      0 0.0000E+00       0      0      0      0    23480    1174     242     547    3122    17492   14148       0
 235   1  0.800632E+07 0.231574E+04 0.3232E+02      0 0.0000E+00       0      0      0      0    23232    1045     196     514    3195    17824   13849       0
 236   1  0.806336E+07 0.227941E+04 0.3204E+02      0 0.0000E+00       0      0      0      0    23428    1028     202     477    3093    18092   13970       0
 237   1  0.812493E+07 0.230473E+04 0.8260E+01      0 0.0000E+00       0      0      0      0    23682    1027     232     520    3208    17969   14158       0
 238   1  0.818409E+07 0.234230E+04 0.5286E+02      0 0.0000E+00       0      0      0      0    23238    1074     220     475    3145    18155   14064       0
 239   1  0.825031E+07 0.237744E+04 0.3252E+02      0 0.0000E+00       0      0      0      0    23459    1044     208     513    3132    18373   14249       0
 240   1  0.832046E+07 0.241051E+04 0.4097E+02      0 0.0000E+00       0      0      0      0    23577    1077     213     527    3157    18628   14215       0
 241   1  0.839078E+07 0.237892E+04 0.4858E+02      0 0.0000E+00       0      0      0      0    23686    1063     199     482    3128    18574   14139       0
 242   1  0.846669E+07 0.241829E+04 0.4427E+02      0 0.0000E+00       0      0      0      0    23680    1093     204     499    3072    19016   14333       0
 243   1  0.854656E+07 0.243041E+04 0.4426E+02      0 0.0000E+00       0      0      0      0    24014    1038     213     469    3164    19215   14554       0
 244   1  0.862938E+07 0.246803E+04 0.3133E+02      0 0.0000E+00       0      0      0      0    24174    1086     219     524    3107    19428   14444       0
 245   1  0.871640E+07 0.249666E+04 0.2926E+02      0 0.0000E+00       0      0      0      0    24130    1043     183     531    3194    19464   14674       0
 246   1  0.880360E+07 0.251768E+04 0.2488E+02      0 0.0000E+00       0      0      0      0    24441    1103     184     485    3117    19661   14473       0
 247   1  0.889713E+07 0.258743E+04 0.4565E+00      0 0.0000E+00       0      0      0      0    24239    1109     205     473    3154    20180   14664       0
 248   1  0.899923E+07 0.259577E+04 0.1008E+02      0 0.0000E+00       0      0      0      0    24474    1064     206     494    3261    20353   14720       0
 249   1  0.910431E+07 0.263159E+04 0.2202E+02      0 0.0000E+00       0      0      0      0    24813    1084     225     450    3235    20417   15181       0
 250   1  0.921611E+07 0.267129E+04 0.2393E+02      0 0.0000E+00       0      0      0      0    24681    1105     198     462    3257    20741   15236       0
 251   1  0.933546E+07 0.266698E+04 0.2112E+02      0 0.0000E+00       0      0      0      0    24930    1108     193     463    3266    20625   15363       0
 252   1  0.946097E+07 0.267994E+04 0.4378E+02      0 0.0000E+00       0      0      0      0    25186    1111     212     512    3307    20972   15438       0
 253   1  0.959386E+07 0.278461E+04 0.1528E+02      0 0.0000E+00       0      0      0      0    25361    1108     202     476    3289    21663   15381       0
 254   1  0.973543E+07 0.279001E+04 0.6569E+02      0 0.0000E+00       0      0      0      0    25585    1160     206     486    3120    21599   15602       0
 255   1  0.988950E+07 0.288353E+04 0.4950E+02      0 0.0000E+00       0      0      0      0    26107    1121     179     499    3495    22477   15882       0
 256   1  0.100482E+08 0.287358E+04 0.1600E+02      0 0.0000E+00       0      0      0      0    26212    1140     200     530    3583    22424   16040       0
 257   1  0.102166E+08 0.291690E+04 0.5201E+01      0 0.0000E+00       0      0      0      0    26380    1164     215     466    3380    22803   15996       0
 258   1  0.104008E+08 0.298254E+04 0.3998E+02      0 0.0000E+00       0      0      0      0    26789    1130     213     484    3318    23250   16280       0
 259   1  0.106047E+08 0.301372E+04 0.3059E+02      0 0.0000E+00       0      0      0      0    27572    1160     211     465    3384    23775   16708       0
 260   1  0.108194E+08 0.305675E+04 0.3357E+02      0 0.0000E+00       0      0      0      0    27978    1157     229     470    3539    24136   16724       0
 261   1  0.110523E+08 0.314344E+04 0.1583E+02      0 0.0000E+00       0      0      0      0    28391    1200     236     457    3513    24757   17044       0
 262   1  0.113135E+08 0.322279E+04 0.1540E+02      0 0.0000E+00       0      0      0      0    29539    1114     236     467    3527    25163   17458       0
 263   1  0.115933E+08 0.326838E+04 0.4590E+02      0 0.0000E+00       0      0      0      0    30129    1151     198     423    3605    25603   17668       0
 264   1  0.119138E+08 0.327825E+04 0.1052E+02      0 0.0000E+00       0      0      0      0    31772    1218     242     426    3576    25872   18073       0
 265   1  0.122712E+08 0.332477E+04 0.3267E+02      0 0.0000E+00       0      0      0      0    33449    1229     219     440    3900    26208   18580       0
 266   1  0.126735E+08 0.340933E+04 0.2621E+02      0 0.0000E+00       0      0      0      0    36108    1202     223     456    4042    26744   19012       0
 267   1  0.131298E+08 0.337669E+04 0.4255E+02      0 0.0000E+00       0      0      0      0    39226    1249     205     405    4062    26560   19466       0
 268   1  0.136575E+08 0.343565E+04 0.6334E+02      0 0.0000E+00       0      0      0      0    44296    1251     220     437    3966    26988   19965       0
 269   1  0.142679E+08 0.348235E+04 0.5088E+02      0 0.0000E+00       0      0      0      0    51499    1229     186     405    4353    27288   20728       0
 270   1  0.149941E+08 0.348781E+04 0.5316E+02      0 0.0000E+00       0      0      0      0    64928    1238     192     392    4375    27338   22046       0
 271   1  0.158428E+08 0.343892E+04 0.1226E+03      0 0.0000E+00       0      0      0      0    85967    1308     200     348    4111    26997   23144       0
 272   1  0.168476E+08 0.345575E+04 0.1266E+03      0 0.0000E+00       0      0      0      0   122322    1237     178     299    4072    26998   25154       0
 273   1  0.179981E+08 0.339669E+04 0.1671E+03      0 0.0000E+00       0      0      0      0   183400    1241     128     270    3807    26228   27996       0
 274   1  0.192166E+08 0.321668E+04 0.1657E+03      0 0.0000E+00       0      0      0      0   279762    1124     120     210    3451    25307   32105       0
 275   1  0.203293E+08 0.305439E+04 0.1498E+03      0 0.0000E+00       0      0      0      0   415944    1025     106     153    3196    23666   37168       0
 276   1  0.210345E+08 0.273063E+04 0.2223E+03      0 0.0000E+00       0      0      0      0   590124     875      72     152    2670    21342   43049       0
 277   1  0.209507E+08 0.237814E+04 0.2972E+03      0 0.0000E+00       0      0      0      0   770630     717      65      88    2138    18508   47937       0
 278   1  0.198034E+08 0.195658E+04 0.2979E+03      0 0.0000E+00       0      0      0      0   916973     504      42      60    1737    15057   50753       0
 279   1  0.175030E+08 0.148369E+04 0.1273E+03      0 0.0000E+00       0      0      0      0   989844     388      30      36    1246    11633   48871       0
 280   1  0.142496E+08 0.106075E+04 0.1200E+03      0 0.0000E+00       0      0      0      0   955323     294      38      33     890     8380   44388       0
 281   1  0.105646E+08 0.734726E+03 0.1322E+03      0 0.0000E+00       0      0      0      0   818160     190      43      17     627     5871   35860       0
 282   1  0.707924E+07 0.507483E+03 0.6935E+02      0 0.0000E+00       0      0      0      0   620670     174      40      19     426     3980   26162       0
 283   1  0.425607E+07 0.380511E+03 0.3312E+02      0 0.0000E+00       0      0      0      0   415579     101      35      24     369     2861   17341       0
 284   1  0.228129E+07 0.256433E+03 0.1594E+02      0 0.0000E+00       0      0      0      0   244683     104      23      16     344     2017   10525       0
 285   1  0.108877E+07 0.234002E+03 0.0000E+00      0 0.0000E+00       0      0      0      0   125534     100      25      20     284     1789    6183       0
 286   1  0.469671E+06 0.221143E+03 0.6396E+01      0 0.0000E+00       0      0      0      0    56837      95      33      21     291     1591    3701       0
 287   1  0.193291E+06 0.212351E+03 0.2485E+02      0 0.0000E+00       0      0      0      0    22667      96      28      18     288     1565    2554       0
 288   1  0.856894E+05 0.199116E+03 0.9644E+01      0 0.0000E+00       0      0      0      0     8482      88      31      19     315     1449    2137       0
 289   1  0.504151E+05 0.205619E+03 0.0000E+00      0 0.0000E+00       0      0      0      0     3462      75      23      21     287     1502    1963       0
 290   1  0.402511E+05 0.195760E+03 0.9524E+01      0 0.0000E+00       0      0      0      0     1985      97      22      15     251     1480    1979       0
 291   1  0.383159E+05 0.196538E+03 0.1901E+02      0 0.0000E+00       0      0      0      0     1588      97      30      21     240     1449    1968       0
 292   1  0.370504E+05 0.191566E+03 0.0000E+00      0 0.0000E+00       0      0      0      0     1498      78      21      27     273     1347    1889       0
 293   1  0.370321E+05 0.187182E+03 0.5794E+01      0 0.0000E+00       0      0      0      0     1416      94      33      11     271     1414    1838       0
 294   1  0.363355E+05 0.181961E+03 0.1379E+02      0 0.0000E+00       0      0      0      0     1381     100      37      11     249     1408    1804       0
 295   1  0.371922E+05 0.177097E+03 0.1882E+01      0 0.0000E+00       0      0      0      0     1471      98      32      19     245     1375    1827       0
 296   1  0.361895E+05 0.183809E+03 0.0000E+00      0 0.0000E+00       0      0      0      0     1463     113      37      14     258     1367    1763       0
 297   1  0.351396E+05 0.183920E+03 0.6385E+01      0 0.0000E+00       0      0      0      0     1329      92      27      16     250     1381    1859       0
 298   1  0.353818E+05 0.198102E+03 0.0000E+00      0 0.0000E+00       0      0      0      0     1294      93      25      16     255     1405    1839       0
 299   1  0.358215E+05 0.181769E+03 0.9406E+01      0 0.0000E+00       0      0      0      0     1358      84      51      11     266     1375    1808       0
 300   1  0.350767E+05 0.167863E+03 0.8718E+01      0 0.0000E+00       0      0      0      0     1300      71      32      19     257     1324    1803       0
 301   0  0.000000E+00 0.000000E+00 0.0000E+00      0 0.0000E+00       0      0      0      0        0       0       0       0       0        0       0       0
  SUMM:   0.196231E+10 0.411308E+06 0.8870E+04     57 0.7067E+03       0      0      0      0 12829550  335319   77995  165545  880534  2973535 4179669       0
 ZONE  MED     C10     C11     N12     N13     O13     O14     O15     F17     F18
    1    1     314     809       0     314       6      97    1867       0       0
    2    1     307     851       0     305       3      92    1807       0       0
    3    1     345     806       0     345       3     100    1893       0       0
    4    1     363     732       0     353       3     114    1855       0       0
    5    1     334     826       0     319       5     103    1849       0       1
    6    1     325     826       0     356       3      98    1904       1       0
    7    1     315     839       1     367       3      96    1922       0       0
    8    1     354     779       0     346       2     102    1831       1       1
    9    1     318     775       0     325       2     116    1818       1       0
   10    1     341     791       0     338       4      92    1907       0       0
   11    1     313     854       0     345       3     104    1925       2       1
   12    1     304     782       0     329       5     108    1878       0       1
   13    1     316     826       0     352       3      85    1867       0       0
   14    1     337     825       1     329       6     109    1834       1       0
   15    1     324     782       0     333       0      74    1917       0       1
   16    1     311     839       0     321       7      87    1867       0       0
   17    1     338     767       0     361       3      99    1897       0       0
   18    1     296     831       1     318       0     108    1849       2       0
   19    1     300     831       0     330       6     101    1943       0       0
   20    1     333     778       0     333       8      87    1904       0       0
   21    1     321     821       0     332       3      94    1929       0       0
   22    1     349     855       1     346       4      92    1947       0       0
   23    1     315     851       0     357       0     105    1967       0       0
   24    1     301     845       0     329       8      87    1919       0       0
   25    1     323     809       0     387       1     102    1902       1       0
   26    1     332     795       0     344       2     110    1900       0       0
   27    1     338     818       0     354       4      90    1903       1       0
   28    1     318     850       0     380       3     106    1941       0       0
   29    1     306     806       0     356       4     115    1968       0       0
   30    1     321     824       1     325       4      99    1973       0       0
   31    1     304     840       0     363       6      95    1915       0       0
   32    1     339     804       0     330       3     104    1952       0       0
   33    1     346     795       0     315       6     112    1962       0       0
   34    1     328     787       0     342       4     113    1979       2       0
   35    1     307     824       0     388       2      85    1983       0       1
   36    1     331     814       0     347       1      97    1931       0       0
   37    1     337     785       0     338       3     110    1988       1       0
   38    1     359     850       0     365       4      93    1915       0       1
   39    1     318     857       0     360       4     106    1946       1       0
   40    1     333     801       0     361       5     105    1954       0       0
   41    1     352     899       0     361       3      93    1953       0       1
   42    1     328     770       0     353       4     108    1995       0       1
   43    1     332     855       0     372       4     103    1918       0       0
   44    1     315     787       0     372       2      88    1968       0       0
   45    1     368     786       0     336       2     111    1976       0       1
   46    1     377     863       0     359       4      88    1939       1       0
   47    1     342     828       0     321       1     103    1957       0       0
   48    1     322     853       0     336       4      95    1955       0       0
   49    1     335     822       1     380       5      98    1950       0       0
   50    1     338     821       1     374       8     104    2056       0       0
   51    1     303     839       0     385       3     109    1955       1       0
   52    1     290     785       0     365       1      81    1941       0       1
   53    1     302     843       0     349       4      97    1973       1       0
   54    1     341     859       0     368       2      83    1867       0       1
   55    1     345     812       0     374       3      95    1982       1       0
   56    1     351     834       0     366       0     110    1967       0       0
   57    1     335     879       0     381       2      99    1977       0       0
   58    1     345     851       0     338       1     101    2051       0       0
   59    1     344     819       0     346       4     105    1951       0       1
   60    1     339     834       0     394       2     106    2081       0       2
   61    1     335     835       0     339       4     104    2041       1       1
   62    1     326     865       0     344       2      88    1951       0       0
   63    1     322     844       0     350       5     106    2044       0       1
   64    1     331     828       0     385       4     103    1990       1       0
   65    1     324     848       0     377       2      94    1965       0       0
   66    1     324     836       1     350       4      87    1940       1       0
   67    1     348     805       0     369       2      98    2080       0       0
   68    1     345     837       0     389       5      95    2068       0       1
   69    1     344     819       0     360       2     117    1994       1       0
   70    1     350     816       1     385       2     102    2010       0       0
   71    1     308     820       0     380       6     108    1961       0       0
   72    1     338     819       0     406       1      91    1967       0       0
   73    1     317     789       0     348       3     107    2060       1       1
   74    1     342     809       0     374       6      98    2071       0       0
   75    1     346     849       0     340       3      97    2014       0       0
   76    1     304     849       0     357       2     118    1967       0       0
   77    1     324     810       0     331       4     101    1887       0       1
   78    1     291     807       0     359       5     110    1949       0       1
   79    1     329     809       0     382       4     104    2097       0       0
   80    1     310     912       0     338       4     103    2014       1       0
   81    1     318     827       0     345       5      91    2048       1       1
   82    1     314     824       0     360       2     100    2013       0       0
   83    1     311     817       0     379       3     102    1970       1       0
   84    1     328     850       0     360       6     109    1983       0       0
   85    1     359     912       0     365       1     109    2043       0       0
   86    1     309     815       0     355       2      89    1982       1       0
   87    1     341     825       0     364       2      96    1980       1       0
   88    1     325     799       0     360       4     106    1975       0       0
   89    1     319     862       0     332       5     109    2078       0       1
   90    1     355     798       0     343       2     102    2066       0       0
   91    1     346     843       0     345       4      91    1981       1       1
   92    1     339     796       0     351       5      93    1999       0       0
   93    1     345     857       0     351       4     104    1965       0       0
   94    1     311     873       0     336       3      94    1989       1       1
   95    1     300     857       0     357       5     111    1989       0       0
   96    1     313     835       0     362       3     100    1998       0       0
   97    1     329     811       0     336       2     110    2002       0       1
   98    1     310     863       0     348       4      87    2012       0       0
   99    1     298     804       0     343       3     110    2021       0       0
  100    1     349     758       0     393       4     117    2020       1       0
  101    1     305     825       0     333       9      96    2002       2       1
  102    1     336     770       0     348       4     101    2050       1       0
  103    1     329     844       0     324       4     104    1987       1       0
  104    1     355     843       0     372       4      99    2067       0       1
  105    1     314     809       0     331       0      98    2081       1       0
  106    1     323     842       1     360       6     107    1986       1       0
  107    1     334     815       0     365       2      95    2055       0       0
  108    1     368     840       0     334       1     111    2081       0       1
  109    1     334     830       0     389       2      99    2009       0       0
  110    1     288     882       0     340       4     110    2099       0       0
  111    1     319     772       0     352       2     106    1987       1       0
  112    1     305     806       0     358       4     101    2088       0       0
  113    1     325     832       0     359       2      85    2063       1       0
  114    1     307     833       0     352       5      92    1967       1       0
  115    1     331     817       0     369       2     106    2017       0       1
  116    1     309     818       0     366       4     107    1972       0       0
  117    1     310     846       0     343       4     102    2012       0       0
  118    1     344     829       0     372       3      95    2010       2       0
  119    1     314     826       0     344       8     118    2012       0       1
  120    1     297     831       0     389       4     104    1996       0       1
  121    1     325     830       0     341       1     105    2055       1       1
  122    1     294     817       0     363       2      97    1981       0       1
  123    1     299     832       0     379       1      99    1989       0       0
  124    1     345     816       0     339       3     100    2051       2       0
  125    1     326     770       0     367       2      91    2075       1       0
  126    1     312     795       0     338       3     112    2008       0       0
  127    1     317     850       1     359       2     100    1969       1       0
  128    1     300     851       0     339       1     111    2058       0       0
  129    1     298     879       0     353       1     109    2008       0       0
  130    1     336     836       0     348       1     103    1933       0       0
  131    1     350     807       0     342       2      91    2044       0       0
  132    1     329     848       0     364       3     111    2022       0       0
  133    1     299     847       0     365       2     108    2111       0       0
  134    1     317     827       0     365       2     104    1989       1       0
  135    1     325     845       0     368       9     112    2028       1       0
  136    1     307     802       0     380       3      91    2074       0       2
  137    1     309     821       0     379       3      85    2063       0       0
  138    1     329     823       0     363       1     107    2038       1       0
  139    1     288     791       0     358       2     125    2033       0       1
  140    1     297     868       1     349       3     100    2037       0       0
  141    1     317     834       0     359       3     105    1964       2       0
  142    1     329     851       0     372       5     108    2004       0       0
  143    1     304     817       0     359       4      92    1992       0       1
  144    1     321     839       1     357       5      91    1974       0       1
  145    1     348     847       0     365       7     106    2113       0       0
  146    1     348     789       1     372       3     113    2092       0       1
  147    1     322     782       0     373       4      95    2015       0       1
  148    1     313     831       0     346       6      97    2103       0       0
  149    1     308     814       0     360       4     103    2094       1       0
  150    1     309     807       0     394       1     126    2032       0       0
  151    1     286     817       0     390       1     110    1994       2       1
  152    1     334     838       0     346       3     119    2084       0       1
  153    1     328     864       0     359       3     104    2084       0       0
  154    1     314     854       0     369       4      89    1944       0       0
  155    1     316     824       0     390       6      91    2002       0       1
  156    1     308     842       0     397       4      91    2106       0       0
  157    1     324     820       0     348       3     122    2062       2       0
  158    1     362     814       0     365       4     115    2096       0       0
  159    1     336     855       0     344       1      88    2064       0       1
  160    1     284     757       0     355       1      96    2055       0       0
  161    1     293     822       0     358       4     107    2028       0       0
  162    1     312     814       0     369       4     109    2064       0       0
  163    1     305     806       0     338       5      93    2039       1       0
  164    1     342     861       0     366       2     105    2048       0       0
  165    1     296     845       0     371       3      88    2094       0       0
  166    1     311     845       0     369       8     107    1989       1       1
  167    1     278     821       0     363      11      94    2015       1       0
  168    1     312     731       0     359       4     128    2071       0       0
  169    1     336     819       0     393       2     108    2034       0       1
  170    1     280     795       0     329       4     113    1985       0       0
  171    1     264     815       0     347       3     117    1987       0       1
  172    1     313     816       1     345       5     108    2020       0       2
  173    1     282     792       0     381       3     125    2109       1       0
  174    1     303     831       0     355       5      86    1974       0       0
  175    1     306     778       1     372       8      98    2002       0       0
  176    1     284     783       0     382       4     105    1998       1       1
  177    1     315     848       0     356       7      97    2041       0       0
  178    1     293     793       0     337       4      96    2064       1       0
  179    1     312     836       0     358       4     103    2073       1       0
  180    1     325     826       0     355       2      78    2059       0       0
  181    1     320     849       0     370       1      84    2021       1       1
  182    1     283     820       0     345       3      99    2056       1       0
  183    1     300     842       0     322       4     117    2042       0       1
  184    1     310     809       0     344       7      96    2010       1       0
  185    1     316     780       1     359       2     114    2107       0       0
  186    1     285     807       0     339       3      96    2115       0       1
  187    1     284     790       1     351       4     118    2078       1       2
  188    1     282     756       0     343       3      96    2013       0       0
  189    1     299     752       0     337       1     112    2027       0       0
  190    1     293     765       0     369       2     105    2050       1       0
  191    1     290     757       0     390       0      99    2073       0       1
  192    1     291     796       0     359       3      94    2046       2       0
  193    1     329     822       0     360       3      85    2044       1       0
  194    1     282     736       0     390       2     100    2068       0       0
  195    1     311     757       0     395       6     103    2086       0       2
  196    1     288     807       0     356       6      93    2131       0       0
  197    1     293     821       0     364       2     102    2079       0       0
  198    1     293     802       0     356       1     115    2116       1       0
  199    1     323     802       0     369       6      95    2073       0       0
  200    1     260     793       1     350       5      95    1998       0       1
  201    1     292     762       0     372       5      88    2016       0       0
  202    1     285     777       0     339       6      93    2008       1       1
  203    1     271     808       0     364       1     104    2094       0       0
  204    1     271     766       0     406       4      83    2013       1       0
  205    1     287     760       0     366       1     104    2040       1       0
  206    1     262     787       0     328       2     113    2038       0       1
  207    1     260     783       0     377       2      89    2072       0       0
  208    1     310     774       0     382       1     100    2000       1       0
  209    1     274     735       0     354       2     127    2115       0       0
  210    1     314     752       0     340       4     104    2045       0       0
  211    1     283     740       0     346       4     100    2082       1       1
  212    1     287     803       0     362       7      91    2139       0       1
  213    1     303     770       0     371       4     114    2063       0       1
  214    1     295     748       0     369       1     117    2115       0       0
  215    1     274     768       0     374       3     103    2155       0       0
  216    1     307     762       0     371       6     116    2072       0       2
  217    1     257     734       0     359       1     114    2078       0       0
  218    1     299     718       0     380       5     101    2142       1       0
  219    1     291     754       0     362       5     108    2173       0       0
  220    1     276     729       0     349       4     121    2017       0       0
  221    1     263     713       1     383       3     111    2126       0       1
  222    1     274     753       0     403       3      94    2115       1       0
  223    1     268     767       0     415       2      98    2166       0       0
  224    1     280     745       0     377       4      98    2167       0       1
  225    1     275     733       0     359       3     118    2199       0       0
  226    1     273     761       0     361       2     104    2248       0       0
  227    1     290     729       0     352       0     127    2214       0       1
  228    1     268     781       0     361       3     125    2127       0       0
  229    1     266     759       0     394       2     111    2149       3       0
  230    1     261     749       0     352       3     108    2142       1       0
  231    1     216     731       0     384       4     105    2152       0       0
  232    1     277     728       0     412       5      94    2153       3       3
  233    1     248     781       0     403       5     100    2165       0       0
  234    1     248     755       0     375       3     112    2250       1       0
  235    1     272     670       0     369       4     122    2179       0       0
  236    1     228     664       0     408       4     117    2194       2       2
  237    1     234     713       0     391       6     113    2176       0       0
  238    1     238     715       0     351       5      92    2225       1       1
  239    1     239     741       0     381       5     122    2243       0       1
  240    1     236     692       0     364       3     112    2296       2       0
  241    1     233     684       0     390       3     117    2329       0       2
  242    1     247     704       0     358       5     116    2322       0       0
  243    1     255     696       0     414       3     117    2400       2       1
  244    1     287     702       0     362       1     123    2328       0       1
  245    1     268     664       0     434       6     115    2392       0       0
  246    1     228     653       0     394       2     130    2396       1       1
  247    1     216     635       0     403       1     131    2347       0       0
  248    1     256     682       0     404       2     107    2440       0       0
  249    1     227     618       0     419       3     123    2579       0       2
  250    1     221     663       0     423       6     137    2598       0       0
  251    1     219     626       0     452       2     128    2573       0       0
  252    1     241     642       0     421       2     129    2576       0       1
  253    1     221     610       0     414       2     112    2611       0       2
  254    1     214     627       0     452       0     144    2698       0       0
  255    1     204     675       0     425       4     119    2763       0       0
  256    1     217     617       0     436       1     125    2831       0       1
  257    1     192     595       0     462       1     129    2794       1       0
  258    1     182     516       0     424       1     127    2848       0       0
  259    1     168     520       0     423       1     133    2975       1       0
  260    1     193     512       0     461       2     156    2925       2       0
  261    1     178     503       0     413       2     171    3026       0       0
  262    1     129     432       0     452       1     146    3208       1       0
  263    1     108     410       0     472       2     148    3269       0       1
  264    1     105     397       0     415       2     160    3405       1       1
  265    1     107     408       0     426       0     166    3484       2       1
  266    1      79     366       0     395       0     167    3386       0       0
  267    1      63     330       0     367       0     169    3531       1       0
  268    1      44     272       0     342       0     164    3725       1       1
  269    1      28     257       0     293       0     148    3583       1       0
  270    1      27     214       0     284       0     134    3936       1       2
  271    1       9     177       0     226       0     158    3744       1       2
  272    1       8     123       0     215       0     124    3662       3       1
  273    1      10      91       0     202       0      89    3474       0       2
  274    1       4      69       0     159       0      80    3211       2       0
  275    1       2      45       0     155       0      71    2855       1       2
  276    1       5      27       0     144       0      37    2348       3       2
  277    1       6      24       0     111       0      31    1770       1       5
  278    1       2      23       0     105       0      13    1200       5       3
  279    1       4      17       0      89       0       9     866       7       3
  280    1       2      21       0      62       0      14     568       5       2
  281    1       4      28       0      54       0       4     363       3       1
  282    1       2      13       0      21       0       2     231       3       3
  283    1       0      13       0      21       0       2     146       1       2
  284    1       2      18       0      12       0       0      87       2       1
  285    1       4      18       0      10       0       1      85       0       0
  286    1       1      19       0       8       0       2      75       0       0
  287    1       1      19       0       7       0       2      71       0       0
  288    1       5      10       0       4       0       2      73       0       0
  289    1       0      12       0       3       0       2      76       0       0
  290    1       1      21       0       7       0       0      82       0       0
  291    1       4      16       0       3       0       0      81       0       0
  292    1       2      12       0       6       0       0      73       0       0
  293    1       2      20       0       4       0       2      77       0       0
  294    1       3      21       0       5       0       2      65       0       0
  295    1       3      16       0      12       0       6      68       0       0
  296    1       0      13       0       4       0       0      61       0       0
  297    1       1      17       0       8       0       2      70       0       0
  298    1       5      14       0       5       0       0      82       0       0
  299    1       4      17       0       9       0       2      62       0       0
  300    1       2      20       0       4       0       2      59       0       0
  301    0       0       0       0       0       0       0       0       0       0
   SUM ==>   80256  211246      20  100037     885   29294  597038     145     123
