20000000
300
 ZONE MED   LOSS(MEV)      (MEV)    EXCITATION    PI0   (MEV)        PI+     K+    MU-    MU+     PROT    DEUT    TRIT     HE3    ALPH     ELSC    INEL    FISS
   1   1  0.899364E+07 0.124232E+04 0.1578E+02      2 0.1041E+02       0      0      0      0     9268    2030     479    1114    5484     7129   21863       0
   2   1  0.909166E+07 0.126430E+04 0.5874E+02      5 0.6724E+02       0      0      0      0    12509    2352     556    1212    5379     7117   22207       0
   3   1  0.916777E+07 0.131832E+04 0.2322E+02      2 0.3126E+02       0      0      0      0    14533    2357     619    1333    5622     7366   22744       0
   4   1  0.922661E+07 0.131255E+04 0.1313E+02      5 0.5586E+02       0      0      0      0    15677    2450     608    1330    5628     7447   22956       0
   5   1  0.927664E+07 0.132249E+04 0.4579E+02      2 0.3010E+02       0      0      0      0    16593    2502     583    1196    5733     7690   22894       0
   6   1  0.932474E+07 0.130167E+04 0.4880E+02      8 0.6097E+02       0      0      0      0    17555    2510     612    1315    5772     7625   23083       0
   7   1  0.936266E+07 0.130650E+04 0.6025E+02      2 0.6165E+02       0      0      0      0    18108    2547     634    1283    5748     7643   23096       0
   8   1  0.941037E+07 0.135436E+04 0.3686E+01      3 0.1272E+02       0      0      0      0    18850    2501     681    1339    5701     7778   23478       0
   9   1  0.944197E+07 0.138129E+04 0.2850E+02      4 0.8887E+02       0      0      0      0    19529    2417     618    1291    5669     8016   23323       0
  10   1  0.948428E+07 0.138231E+04 0.2289E+02      3 0.3950E+02       0      0      0      0    19948    2431     657    1266    5689     7996   23441       0
  11   1  0.951544E+07 0.138039E+04 0.4768E+02      2 0.6591E+01       0      0      0      0    20311    2455     645    1338    5819     8117   23655       0
  12   1  0.954559E+07 0.142617E+04 0.2043E+02      2 0.5917E+01       0      0      0      0    20481    2464     608    1293    5664     8352   23670       0
  13   1  0.958568E+07 0.141849E+04 0.0000E+00      2 0.3133E+02       0      0      0      0    21189    2506     650    1304    5848     8330   23935       0
  14   1  0.961712E+07 0.142492E+04 0.3346E+02      3 0.2280E+02       0      0      0      0    21936    2450     636    1304    5895     8450   24042       0
  15   1  0.964762E+07 0.141435E+04 0.2703E+02      3 0.6090E+02       0      0      0      0    22095    2454     643    1269    5864     8602   23997       0
  16   1  0.968046E+07 0.146707E+04 0.3294E+02      2 0.1038E+02       0      0      0      0    22749    2480     667    1261    5814     8565   24109       0
  17   1  0.970343E+07 0.143644E+04 0.1636E+02      1 0.3901E+01       0      0      0      0    22871    2540     676    1263    5880     8535   24106       0
  18   1  0.972988E+07 0.146753E+04 0.2167E+02      1 0.2530E+01       0      0      0      0    23031    2476     636    1314    5739     8789   24214       0
  19   1  0.975971E+07 0.150607E+04 0.4197E+02      1 0.1018E+02       0      0      0      0    23428    2593     647    1364    5873     8874   24308       0
  20   1  0.978322E+07 0.147217E+04 0.1574E+02      5 0.3502E+02       0      0      0      0    23437    2562     627    1337    5950     8856   24316       0
  21   1  0.981196E+07 0.148894E+04 0.5127E+02      1 0.8204E+01       0      0      0      0    23849    2509     619    1335    5968     8966   24290       0
  22   1  0.983543E+07 0.151975E+04 0.4202E+02      3 0.4314E+02       0      0      0      0    24454    2546     608    1278    5784     8979   24520       0
  23   1  0.986251E+07 0.152573E+04 0.3739E+02      4 0.4208E+02       0      0      0      0    24328    2444     622    1289    5753     9103   24467       0
  24   1  0.988947E+07 0.153430E+04 0.2507E+02      2 0.5616E+02       0      0      0      0    24903    2496     592    1315    5933     9269   24531       0
  25   1  0.992331E+07 0.153087E+04 0.8275E+01      3 0.3191E+02       0      0      0      0    25538    2529     658    1366    5954     9286   24669       0
  26   1  0.994873E+07 0.157893E+04 0.5587E+02      3 0.1191E+02       0      0      0      0    25743    2538     657    1350    6047     9338   24791       0
  27   1  0.997263E+07 0.151181E+04 0.6387E+02      3 0.1885E+02       0      0      0      0    25645    2517     614    1379    5954     9139   24476       0
  28   1  0.999351E+07 0.154979E+04 0.5484E+02      4 0.1998E+02       0      0      0      0    25752    2491     657    1320    5967     9421   24625       0
  29   1  0.100221E+08 0.159710E+04 0.5795E+02      2 0.4570E+02       0      0      0      0    25961    2469     650    1345    6130     9676   24887       0
  30   1  0.100443E+08 0.156817E+04 0.1513E+02      0 0.0000E+00       0      0      0      0    26260    2552     666    1310    5991     9701   25087       0
  31   1  0.100722E+08 0.157639E+04 0.4821E+02      1 0.9198E+01       0      0      0      0    26596    2603     664    1361    6029     9520   25028       0
  32   1  0.100995E+08 0.158754E+04 0.6165E+02      1 0.5990E+01       0      0      0      0    26811    2636     695    1399    6181     9770   25316       0
  33   1  0.101207E+08 0.158187E+04 0.2295E+02      3 0.1686E+02       0      0      0      0    27166    2580     634    1323    6055     9728   25327       0
  34   1  0.101436E+08 0.159379E+04 0.6394E+02      1 0.8310E+01       0      0      0      0    27403    2590     669    1288    6016     9805   25181       0
  35   1  0.101618E+08 0.166618E+04 0.4267E+02      2 0.3323E+02       0      0      0      0    27495    2559     628    1389    6053    10173   24987       0
  36   1  0.101830E+08 0.161142E+04 0.6551E+02      0 0.0000E+00       0      0      0      0    27753    2484     634    1308    6149     9922   25130       0
  37   1  0.102044E+08 0.164816E+04 0.5569E+02      0 0.0000E+00       0      0      0      0    27885    2524     618    1251    6047    10085   25404       0
  38   1  0.102283E+08 0.162354E+04 0.7358E+02      1 0.1140E+01       0      0      0      0    28104    2621     633    1285    6064    10044   25286       0
  39   1  0.102555E+08 0.164219E+04 0.4925E+02      0 0.0000E+00       0      0      0      0    28354    2589     682    1291    6159     9997   25487       0
  40   1  0.102730E+08 0.166428E+04 0.3686E+02      1 0.6491E+01       0      0      0      0    28471    2510     624    1300    6105    10297   25607       0
  41   1  0.102963E+08 0.166373E+04 0.2963E+02      0 0.0000E+00       0      0      0      0    28749    2567     663    1344    6066    10402   25432       0
  42   1  0.103132E+08 0.165495E+04 0.3531E+02      2 0.3117E+02       0      0      0      0    28721    2607     562    1302    5905    10386   25371       0
  43   1  0.103367E+08 0.168917E+04 0.6642E+02      3 0.1113E+02       0      0      0      0    28910    2553     621    1291    5945    10372   25377       0
  44   1  0.103606E+08 0.168579E+04 0.5577E+02      0 0.0000E+00       0      0      0      0    29457    2575     660    1344    6185    10472   25863       0
  45   1  0.103827E+08 0.166253E+04 0.1447E+02      2 0.2884E+02       0      0      0      0    29532    2558     636    1325    6190    10539   25773       0
  46   1  0.103998E+08 0.168670E+04 0.5198E+02      0 0.0000E+00       0      0      0      0    29490    2551     681    1293    6179    10565   25350       0
  47   1  0.104233E+08 0.168891E+04 0.2092E+02      2 0.1741E+01       0      0      0      0    29469    2545     672    1398    6172    10389   25955       0
  48   1  0.104444E+08 0.170422E+04 0.4541E+02      0 0.0000E+00       0      0      0      0    29845    2664     665    1309    6185    10679   25938       0
  49   1  0.104658E+08 0.173123E+04 0.4644E+02      0 0.0000E+00       0      0      0      0    30105    2648     659    1359    6225    10879   25798       0
  50   1  0.104847E+08 0.170373E+04 0.3850E+02      0 0.0000E+00       0      0      0      0    30371    2631     661    1368    6296    10817   25858       0
  51   1  0.105063E+08 0.174732E+04 0.8381E+01      0 0.0000E+00       0      0      0      0    30439    2602     607    1394    6369    10951   26234       0
  52   1  0.105264E+08 0.172859E+04 0.4022E+02      0 0.0000E+00       0      0      0      0    30743    2463     625    1309    6244    10969   25863       0
  53   1  0.105397E+08 0.176229E+04 0.2067E+02      1 0.2155E+01       0      0      0      0    30435    2553     626    1338    6056    11144   25965       0
  54   1  0.105590E+08 0.175033E+04 0.4773E+02      1 0.4712E+01       0      0      0      0    30714    2559     642    1273    6208    11155   25925       0
  55   1  0.105759E+08 0.174905E+04 0.4616E+02      1 0.4148E+00       0      0      0      0    30822    2517     660    1325    6161    11018   26107       0
  56   1  0.106004E+08 0.174821E+04 0.5291E+02      0 0.0000E+00       0      0      0      0    31125    2573     625    1360    6116    11212   25987       0
  57   1  0.106176E+08 0.178729E+04 0.5614E+02      1 0.5330E+01       0      0      0      0    31351    2598     633    1359    6282    11263   26165       0
  58   1  0.106356E+08 0.177810E+04 0.5803E+02      0 0.0000E+00       0      0      0      0    31259    2493     614    1353    6012    11238   26128       0
  59   1  0.106564E+08 0.177473E+04 0.3622E+02      0 0.0000E+00       0      0      0      0    31582    2597     589    1347    6314    11420   26222       0
  60   1  0.106725E+08 0.176769E+04 0.1471E+02      0 0.0000E+00       0      0      0      0    31677    2552     621    1330    6148    11122   26225       0
  61   1  0.106906E+08 0.178247E+04 0.6363E+02      1 0.1463E+02       0      0      0      0    31967    2569     696    1285    6209    11375   26156       0
  62   1  0.107156E+08 0.183279E+04 0.5504E+02      0 0.0000E+00       0      0      0      0    31960    2633     671    1369    6135    11624   26304       0
  63   1  0.107303E+08 0.181525E+04 0.2530E+02      0 0.0000E+00       0      0      0      0    31960    2626     678    1307    6230    11534   26372       0
  64   1  0.107478E+08 0.181652E+04 0.2833E+02      0 0.0000E+00       0      0      0      0    32041    2595     626    1325    6200    11604   26348       0
  65   1  0.107659E+08 0.184793E+04 0.2718E+02      0 0.0000E+00       0      0      0      0    32361    2627     649    1299    6200    11726   26277       0
  66   1  0.107826E+08 0.178177E+04 0.5501E+02      1 0.9825E+01       0      0      0      0    32214    2657     641    1287    6271    11517   26257       0
  67   1  0.108003E+08 0.183740E+04 0.2118E+02      0 0.0000E+00       0      0      0      0    32456    2487     632    1317    6142    11776   26399       0
  68   1  0.108142E+08 0.182833E+04 0.7691E+02      0 0.0000E+00       0      0      0      0    32472    2359     605    1334    6002    11701   26129       0
  69   1  0.108346E+08 0.183138E+04 0.2415E+02      0 0.0000E+00       0      0      0      0    32374    2450     640    1315    6247    11681   26063       0
  70   1  0.108514E+08 0.185507E+04 0.4223E+02      0 0.0000E+00       0      0      0      0    32701    2550     645    1301    6219    11910   26274       0
  71   1  0.108773E+08 0.186204E+04 0.4562E+02      0 0.0000E+00       0      0      0      0    32751    2538     606    1369    6467    12071   26552       0
  72   1  0.108888E+08 0.184787E+04 0.1135E+02      0 0.0000E+00       0      0      0      0    33110    2455     629    1289    6062    12008   25923       0
  73   1  0.109102E+08 0.187091E+04 0.7003E+02      0 0.0000E+00       0      0      0      0    33367    2507     606    1341    6368    12157   26456       0
  74   1  0.109295E+08 0.187813E+04 0.6078E+02      0 0.0000E+00       0      0      0      0    33158    2621     634    1382    6378    12179   26730       0
  75   1  0.109485E+08 0.189727E+04 0.7708E+01      0 0.0000E+00       0      0      0      0    33267    2518     661    1314    6081    12071   26663       0
  76   1  0.109657E+08 0.188159E+04 0.3002E+02      0 0.0000E+00       0      0      0      0    33811    2534     632    1313    6090    12168   26459       0
  77   1  0.109844E+08 0.189106E+04 0.5422E+02      0 0.0000E+00       0      0      0      0    33818    2567     639    1361    6231    12185   26599       0
  78   1  0.110013E+08 0.191526E+04 0.9410E+02      0 0.0000E+00       0      0      0      0    33691    2640     670    1359    6307    12420   26908       0
  79   1  0.110207E+08 0.191167E+04 0.2877E+02      0 0.0000E+00       0      0      0      0    34049    2530     689    1357    6196    12444   26632       0
  80   1  0.110332E+08 0.190869E+04 0.3696E+02      0 0.0000E+00       0      0      0      0    33997    2554     629    1283    6208    12279   26598       0
  81   1  0.110504E+08 0.191006E+04 0.1567E+02      0 0.0000E+00       0      0      0      0    34332    2496     572    1307    6176    12530   26607       0
  82   1  0.110656E+08 0.194382E+04 0.4321E+02      0 0.0000E+00       0      0      0      0    33822    2462     589    1328    6295    12603   26610       0
  83   1  0.110808E+08 0.193705E+04 0.4334E+02      0 0.0000E+00       0      0      0      0    34363    2464     630    1259    6207    12558   26670       0
  84   1  0.110991E+08 0.193260E+04 0.4535E+02      0 0.0000E+00       0      0      0      0    33921    2496     615    1287    6256    12742   26328       0
  85   1  0.111174E+08 0.195254E+04 0.5201E+02      0 0.0000E+00       0      0      0      0    34386    2483     621    1338    6216    12729   26912       0
  86   1  0.111344E+08 0.194789E+04 0.1091E+03      1 0.6455E+01       0      0      0      0    34418    2512     670    1335    6316    12821   26536       0
  87   1  0.111543E+08 0.192484E+04 0.4794E+02      0 0.0000E+00       0      0      0      0    34371    2580     642    1318    6241    12686   26787       0
  88   1  0.111700E+08 0.194540E+04 0.1521E+02      0 0.0000E+00       0      0      0      0    34834    2557     666    1280    6126    12704   26664       0
  89   1  0.111843E+08 0.197027E+04 0.3713E+02      0 0.0000E+00       0      0      0      0    34726    2601     651    1238    6221    12873   26589       0
  90   1  0.112015E+08 0.200904E+04 0.2861E+02      0 0.0000E+00       0      0      0      0    34748    2517     627    1323    6147    13057   26724       0
  91   1  0.112186E+08 0.200091E+04 0.5161E+02      0 0.0000E+00       0      0      0      0    34988    2525     619    1279    6265    13100   26810       0
  92   1  0.112371E+08 0.196327E+04 0.6459E+02      1 0.1251E+01       0      0      0      0    34507    2513     619    1299    6281    13003   26592       0
  93   1  0.112535E+08 0.195788E+04 0.5347E+02      0 0.0000E+00       0      0      0      0    35020    2481     575    1272    6096    12882   26646       0
  94   1  0.112708E+08 0.201595E+04 0.2475E+02      0 0.0000E+00       0      0      0      0    35191    2464     632    1288    6278    13072   26635       0
  95   1  0.112893E+08 0.201589E+04 0.6553E+02      0 0.0000E+00       0      0      0      0    35342    2558     665    1286    6160    13173   26847       0
  96   1  0.113063E+08 0.198556E+04 0.8101E+02      0 0.0000E+00       0      0      0      0    35376    2620     674    1332    6359    13397   26677       0
  97   1  0.113177E+08 0.198538E+04 0.5853E+02      0 0.0000E+00       0      0      0      0    35112    2488     632    1226    6449    13107   26764       0
  98   1  0.113357E+08 0.205015E+04 0.2879E+02      0 0.0000E+00       0      0      0      0    35488    2570     571    1312    6157    13600   26898       0
  99   1  0.113564E+08 0.202747E+04 0.6345E+02      0 0.0000E+00       0      0      0      0    35717    2470     644    1336    6226    13461   26666       0
 100   1  0.113717E+08 0.205037E+04 0.1997E+02      0 0.0000E+00       0      0      0      0    35768    2503     655    1266    6381    13630   26707       0
 101   1  0.113876E+08 0.205849E+04 0.4348E+02      0 0.0000E+00       0      0      0      0    35859    2504     684    1284    6257    13694   26888       0
 102   1  0.114033E+08 0.202260E+04 0.4196E+02      0 0.0000E+00       0      0      0      0    35822    2508     629    1332    6242    13463   26847       0
 103   1  0.114161E+08 0.208967E+04 0.4825E+02      0 0.0000E+00       0      0      0      0    35544    2560     652    1324    6197    13935   26803       0
 104   1  0.114379E+08 0.203871E+04 0.6604E+02      0 0.0000E+00       0      0      0      0    36091    2572     601    1298    6227    13830   26813       0
 105   1  0.114553E+08 0.207175E+04 0.8024E+02      0 0.0000E+00       0      0      0      0    36287    2529     605    1328    6267    13809   27174       0
 106   1  0.114748E+08 0.206007E+04 0.3316E+02      0 0.0000E+00       0      0      0      0    36445    2604     641    1303    6219    13775   27259       0
 107   1  0.114897E+08 0.207678E+04 0.6178E+02      0 0.0000E+00       0      0      0      0    36255    2488     602    1291    6256    14100   26916       0
 108   1  0.115024E+08 0.206760E+04 0.9849E+02      0 0.0000E+00       0      0      0      0    36586    2581     593    1310    6260    13981   26862       0
 109   1  0.115142E+08 0.213307E+04 0.4310E+02      0 0.0000E+00       0      0      0      0    35947    2477     616    1228    6313    14319   26836       0
 110   1  0.115383E+08 0.214520E+04 0.4366E+02      0 0.0000E+00       0      0      0      0    36629    2543     647    1275    6557    14109   27088       0
 111   1  0.115527E+08 0.209627E+04 0.5339E+02      0 0.0000E+00       0      0      0      0    36764    2533     615    1277    6178    13975   26839       0
 112   1  0.115682E+08 0.218149E+04 0.6470E+02      0 0.0000E+00       0      0      0      0    36848    2458     625    1243    6322    14439   27169       0
 113   1  0.115838E+08 0.213788E+04 0.3997E+02      0 0.0000E+00       0      0      0      0    36703    2469     631    1313    6449    14474   26854       0
 114   1  0.115948E+08 0.212924E+04 0.2841E+02      0 0.0000E+00       0      0      0      0    36692    2512     564    1297    6160    14398   26727       0
 115   1  0.116127E+08 0.224333E+04 0.4600E+02      0 0.0000E+00       0      0      0      0    36811    2524     632    1292    6148    15025   26815       0
 116   1  0.116261E+08 0.217199E+04 0.5840E+02      0 0.0000E+00       0      0      0      0    36669    2479     604    1241    6246    14788   26756       0
 117   1  0.116402E+08 0.217475E+04 0.3920E+02      0 0.0000E+00       0      0      0      0    36924    2579     641    1258    6294    14701   26903       0
 118   1  0.116586E+08 0.218801E+04 0.5670E+02      0 0.0000E+00       0      0      0      0    36835    2468     643    1282    6350    14796   27094       0
 119   1  0.116747E+08 0.218432E+04 0.2485E+02      0 0.0000E+00       0      0      0      0    37040    2603     643    1241    6266    14749   26843       0
 120   1  0.116923E+08 0.224799E+04 0.4127E+02      0 0.0000E+00       0      0      0      0    36901    2491     640    1279    6398    15137   26965       0
 121   1  0.117036E+08 0.223343E+04 0.6672E+02      0 0.0000E+00       0      0      0      0    37345    2421     620    1303    6217    15251   26922       0
 122   1  0.117170E+08 0.221135E+04 0.3513E+02      0 0.0000E+00       0      0      0      0    37474    2506     666    1257    6062    15045   26732       0
 123   1  0.117283E+08 0.227800E+04 0.3175E+02      0 0.0000E+00       0      0      0      0    37402    2454     587    1286    6026    15609   26670       0
 124   1  0.117460E+08 0.224347E+04 0.6850E+02      0 0.0000E+00       0      0      0      0    37236    2435     611    1203    5932    15675   26749       0
 125   1  0.117645E+08 0.222183E+04 0.2193E+02      0 0.0000E+00       0      0      0      0    37427    2429     620    1265    6178    15315   26795       0
 126   1  0.117801E+08 0.225175E+04 0.4972E+02      0 0.0000E+00       0      0      0      0    37179    2489     587    1227    6213    15294   26666       0
 127   1  0.118024E+08 0.229267E+04 0.4561E+02      0 0.0000E+00       0      0      0      0    37571    2487     604    1228    6196    15728   26933       0
 128   1  0.118177E+08 0.227572E+04 0.1673E+02      0 0.0000E+00       0      0      0      0    37712    2451     624    1259    6292    15642   26787       0
 129   1  0.118321E+08 0.226744E+04 0.2613E+02      0 0.0000E+00       0      0      0      0    37532    2391     592    1229    6113    15596   26564       0
 130   1  0.118563E+08 0.232502E+04 0.4389E+02      0 0.0000E+00       0      0      0      0    37714    2522     603    1272    6398    15818   27142       0
 131   1  0.118736E+08 0.231900E+04 0.7741E+02      0 0.0000E+00       0      0      0      0    38162    2546     562    1277    6381    15949   27437       0
 132   1  0.118864E+08 0.232023E+04 0.4775E+02      0 0.0000E+00       0      0      0      0    37442    2425     600    1228    6198    15818   26639       0
 133   1  0.119087E+08 0.228490E+04 0.5246E+02      0 0.0000E+00       0      0      0      0    37590    2466     590    1287    6288    15692   26842       0
 134   1  0.119304E+08 0.231469E+04 0.6275E+02      0 0.0000E+00       0      0      0      0    37984    2481     587    1286    6269    15973   26923       0
 135   1  0.119473E+08 0.236886E+04 0.4147E+02      0 0.0000E+00       0      0      0      0    38336    2453     585    1308    6214    16204   27027       0
 136   1  0.119624E+08 0.233348E+04 0.4447E+02      0 0.0000E+00       0      0      0      0    38240    2575     632    1181    6270    16093   27161       0
 137   1  0.119767E+08 0.237815E+04 0.7484E+02      0 0.0000E+00       0      0      0      0    38401    2432     590    1249    6250    16356   27070       0
 138   1  0.119946E+08 0.233915E+04 0.2333E+02      0 0.0000E+00       0      0      0      0    38021    2374     610    1325    6295    16129   26925       0
 139   1  0.120069E+08 0.236760E+04 0.1954E+02      0 0.0000E+00       0      0      0      0    38434    2471     572    1255    6063    16243   26662       0
 140   1  0.120253E+08 0.236405E+04 0.7988E+02      0 0.0000E+00       0      0      0      0    38645    2430     611    1262    6269    16475   27121       0
 141   1  0.120379E+08 0.237919E+04 0.2534E+02      0 0.0000E+00       0      0      0      0    38500    2498     623    1221    6329    16588   26901       0
 142   1  0.120511E+08 0.239563E+04 0.3151E+02      0 0.0000E+00       0      0      0      0    38674    2521     584    1236    6056    16628   27084       0
 143   1  0.120751E+08 0.236505E+04 0.4036E+02      0 0.0000E+00       0      0      0      0    38640    2557     638    1283    6547    16656   27258       0
 144   1  0.120812E+08 0.239848E+04 0.2483E+02      0 0.0000E+00       0      0      0      0    38567    2460     589    1261    6324    16664   27026       0
 145   1  0.120968E+08 0.239243E+04 0.4736E+02      0 0.0000E+00       0      0      0      0    38669    2507     629    1252    6303    16809   26890       0
 146   1  0.121141E+08 0.246155E+04 0.5081E+02      0 0.0000E+00       0      0      0      0    38786    2460     622    1303    6439    17160   27234       0
 147   1  0.121235E+08 0.248329E+04 0.6382E+02      0 0.0000E+00       0      0      0      0    39020    2386     589    1254    6156    17163   26961       0
 148   1  0.121397E+08 0.246872E+04 0.4013E+02      0 0.0000E+00       0      0      0      0    38935    2425     573    1220    6308    17212   27009       0
 149   1  0.121559E+08 0.245298E+04 0.8695E+02      0 0.0000E+00       0      0      0      0    39510    2305     591    1233    6317    17090   27291       0
 150   1  0.121699E+08 0.245401E+04 0.2561E+02      0 0.0000E+00       0      0      0      0    39064    2406     622    1236    6270    17561   27156       0
 151   1  0.121934E+08 0.249772E+04 0.3845E+02      0 0.0000E+00       0      0      0      0    39444    2432     574    1253    6372    17294   27511       0
 152   1  0.122174E+08 0.252872E+04 0.4560E+02      0 0.0000E+00       0      0      0      0    39541    2347     627    1227    6392    17648   26851       0
 153   1  0.122541E+08 0.252061E+04 0.3159E+02      0 0.0000E+00       0      0      0      0    39337    2517     582    1312    6270    17847   27000       0
 154   1  0.122949E+08 0.259558E+04 0.4916E+02      0 0.0000E+00       0      0      0      0    39318    2410     547    1218    6417    18038   27170       0
 155   1  0.123452E+08 0.251336E+04 0.6239E+02      0 0.0000E+00       0      0      0      0    39365    2404     620    1274    6317    17633   27369       0
 156   1  0.123906E+08 0.256183E+04 0.6501E+02      0 0.0000E+00       0      0      0      0    39724    2489     558    1258    6178    18029   27154       0
 157   1  0.124312E+08 0.256241E+04 0.5155E+02      0 0.0000E+00       0      0      0      0    39632    2322     595    1283    6195    18116   27088       0
 158   1  0.124651E+08 0.257319E+04 0.5623E+02      0 0.0000E+00       0      0      0      0    39482    2390     570    1224    6390    18175   26948       0
 159   1  0.124963E+08 0.259265E+04 0.4067E+02      0 0.0000E+00       0      0      0      0    39403    2450     565    1221    6100    18549   27104       0
 160   1  0.125256E+08 0.258831E+04 0.4064E+02      0 0.0000E+00       0      0      0      0    40295    2273     576    1202    6298    18390   27050       0
 161   1  0.125513E+08 0.258703E+04 0.6066E+02      0 0.0000E+00       0      0      0      0    39656    2428     527    1296    6155    18515   27067       0
 162   1  0.125743E+08 0.262941E+04 0.5040E+02      0 0.0000E+00       0      0      0      0    40045    2374     560    1207    6344    18726   27130       0
 163   1  0.126001E+08 0.266599E+04 0.5024E+02      0 0.0000E+00       0      0      0      0    40238    2335     571    1234    6212    18865   27290       0
 164   1  0.126177E+08 0.264934E+04 0.5481E+02      0 0.0000E+00       0      0      0      0    39884    2303     536    1151    6164    19085   26776       0
 165   1  0.126459E+08 0.274982E+04 0.5288E+02      0 0.0000E+00       0      0      0      0    39985    2490     570    1192    6333    19479   27022       0
 166   1  0.126748E+08 0.275651E+04 0.6365E+02      0 0.0000E+00       0      0      0      0    40354    2390     573    1249    6308    19488   27260       0
 167   1  0.126953E+08 0.269677E+04 0.7859E+02      0 0.0000E+00       0      0      0      0    40341    2338     571    1253    6102    19429   26895       0
 168   1  0.127192E+08 0.268644E+04 0.4345E+02      0 0.0000E+00       0      0      0      0    40161    2333     535    1162    6212    19615   26850       0
 169   1  0.127497E+08 0.277180E+04 0.5718E+02      0 0.0000E+00       0      0      0      0    40314    2431     563    1233    6281    19954   27105       0
 170   1  0.127685E+08 0.282647E+04 0.6126E+02      0 0.0000E+00       0      0      0      0    40345    2296     542    1199    6289    19944   27007       0
 171   1  0.127995E+08 0.275273E+04 0.2960E+02      0 0.0000E+00       0      0      0      0    40651    2328     590    1260    6242    19796   27215       0
 172   1  0.128232E+08 0.280957E+04 0.6803E+02      0 0.0000E+00       0      0      0      0    40332    2374     566    1170    6346    20086   26987       0
 173   1  0.128523E+08 0.284179E+04 0.5638E+02      0 0.0000E+00       0      0      0      0    40613    2365     553    1158    6218    20432   27172       0
 174   1  0.128838E+08 0.284094E+04 0.2174E+02      0 0.0000E+00       0      0      0      0    40970    2313     588    1183    6197    20468   27273       0
 175   1  0.129093E+08 0.285030E+04 0.4228E+02      0 0.0000E+00       0      0      0      0    41498    2274     556    1202    6155    20745   27472       0
 176   1  0.129300E+08 0.285267E+04 0.4868E+02      0 0.0000E+00       0      0      0      0    40605    2314     545    1214    6144    20713   26741       0
 177   1  0.129567E+08 0.286049E+04 0.4903E+02      0 0.0000E+00       0      0      0      0    40819    2312     532    1200    6068    20885   26966       0
 178   1  0.129838E+08 0.289875E+04 0.7967E+02      0 0.0000E+00       0      0      0      0    40623    2276     547    1160    6066    21185   26790       0
 179   1  0.130162E+08 0.294162E+04 0.1832E+02      0 0.0000E+00       0      0      0      0    40717    2269     573    1225    6309    21489   27055       0
 180   1  0.130466E+08 0.292051E+04 0.3176E+02      0 0.0000E+00       0      0      0      0    41071    2379     531    1222    6188    21253   27027       0
 181   1  0.130766E+08 0.293504E+04 0.1159E+02      0 0.0000E+00       0      0      0      0    41064    2237     534    1237    6120    21265   27193       0
 182   1  0.131109E+08 0.299727E+04 0.2198E+02      0 0.0000E+00       0      0      0      0    41320    2302     553    1226    6323    21866   27006       0
 183   1  0.131385E+08 0.303016E+04 0.2788E+02      0 0.0000E+00       0      0      0      0    41356    2310     515    1289    6282    21887   26992       0
 184   1  0.131661E+08 0.302941E+04 0.5702E+02      0 0.0000E+00       0      0      0      0    41351    2355     560    1191    6064    22219   27118       0
 185   1  0.131976E+08 0.299998E+04 0.7557E+02      0 0.0000E+00       0      0      0      0    41596    2266     549    1155    6136    22209   27050       0
 186   1  0.132336E+08 0.302048E+04 0.1958E+02      0 0.0000E+00       0      0      0      0    41607    2280     550    1254    5999    22340   27074       0
 187   1  0.132642E+08 0.306487E+04 0.8261E+02      0 0.0000E+00       0      0      0      0    41922    2286     505    1213    6232    22531   27099       0
 188   1  0.132965E+08 0.310243E+04 0.7124E+02      0 0.0000E+00       0      0      0      0    41703    2298     529    1249    6128    22885   27110       0
 189   1  0.133276E+08 0.313439E+04 0.5580E+02      0 0.0000E+00       0      0      0      0    41526    2316     489    1188    6118    22892   26887       0
 190   1  0.133625E+08 0.315647E+04 0.8920E+02      0 0.0000E+00       0      0      0      0    41802    2258     541    1171    6229    22837   27310       0
 191   1  0.133939E+08 0.313869E+04 0.7258E+02      0 0.0000E+00       0      0      0      0    42040    2294     563    1107    6044    23073   26827       0
 192   1  0.134300E+08 0.316907E+04 0.2038E+02      0 0.0000E+00       0      0      0      0    42107    2268     519    1187    6205    23453   26976       0
 193   1  0.134619E+08 0.319392E+04 0.3411E+02      0 0.0000E+00       0      0      0      0    42078    2299     490    1175    6061    23615   26858       0
 194   1  0.134981E+08 0.317342E+04 0.5115E+02      0 0.0000E+00       0      0      0      0    42167    2250     515    1167    6177    23668   27238       0
 195   1  0.135315E+08 0.319065E+04 0.3561E+02      0 0.0000E+00       0      0      0      0    42176    2336     482    1215    5903    23831   27106       0
 196   1  0.135651E+08 0.322934E+04 0.5758E+02      0 0.0000E+00       0      0      0      0    42043    2166     504    1161    6010    24036   26882       0
 197   1  0.136001E+08 0.326734E+04 0.4435E+02      0 0.0000E+00       0      0      0      0    42794    2222     470    1140    6163    24233   27050       0
 198   1  0.136273E+08 0.326491E+04 0.4471E+02      0 0.0000E+00       0      0      0      0    42071    2298     496    1128    6080    24213   26734       0
 199   1  0.136656E+08 0.327410E+04 0.5650E+02      0 0.0000E+00       0      0      0      0    42169    2286     505    1122    6134    24338   26928       0
 200   1  0.136989E+08 0.333718E+04 0.3024E+02      0 0.0000E+00       0      0      0      0    42344    2188     486    1187    6149    24815   26823       0
 201   1  0.137364E+08 0.331353E+04 0.4962E+02      0 0.0000E+00       0      0      0      0    42676    2240     542    1145    6020    24486   26736       0
 202   1  0.137751E+08 0.338694E+04 0.6203E+02      0 0.0000E+00       0      0      0      0    42842    2252     497    1140    6245    25186   26913       0
 203   1  0.138051E+08 0.335555E+04 0.4187E+02      0 0.0000E+00       0      0      0      0    42484    2214     508    1138    6016    25090   26986       0
 204   1  0.138488E+08 0.339935E+04 0.4475E+02      0 0.0000E+00       0      0      0      0    42913    2162     495    1167    5975    25508   26754       0
 205   1  0.138955E+08 0.344679E+04 0.5629E+02      0 0.0000E+00       0      0      0      0    43129    2253     522    1146    6253    25865   27163       0
 206   1  0.139407E+08 0.339778E+04 0.5240E+02      0 0.0000E+00       0      0      0      0    43086    2172     511    1131    6124    26029   26965       0
 207   1  0.140014E+08 0.350341E+04 0.4409E+02      0 0.0000E+00       0      0      0      0    43319    2292     470    1205    6453    26360   27415       0
 208   1  0.140537E+08 0.355401E+04 0.3084E+02      0 0.0000E+00       0      0      0      0    43285    2231     474    1118    6130    26569   27033       0
 209   1  0.141151E+08 0.353759E+04 0.6340E+02      0 0.0000E+00       0      0      0      0    43592    2216     475    1153    6179    26407   27208       0
 210   1  0.141704E+08 0.358894E+04 0.4943E+02      0 0.0000E+00       0      0      0      0    43596    2193     472    1176    6216    27043   26863       0
 211   1  0.142328E+08 0.356544E+04 0.5283E+02      0 0.0000E+00       0      0      0      0    43617    2224     506    1095    6098    26977   27156       0
 212   1  0.142920E+08 0.368630E+04 0.4592E+02      0 0.0000E+00       0      0      0      0    43482    2228     504    1052    6198    27370   27123       0
 213   1  0.143497E+08 0.364783E+04 0.5627E+02      0 0.0000E+00       0      0      0      0    43732    2199     500    1092    5983    27631   27323       0
 214   1  0.144070E+08 0.370457E+04 0.1026E+03      0 0.0000E+00       0      0      0      0    43940    2175     453    1194    6143    27687   27114       0
 215   1  0.144654E+08 0.370551E+04 0.5354E+02      0 0.0000E+00       0      0      0      0    43958    2302     494    1097    6207    28056   27276       0
 216   1  0.145252E+08 0.380859E+04 0.4174E+02      0 0.0000E+00       0      0      0      0    44299    2185     475    1115    6233    28393   27445       0
 217   1  0.145885E+08 0.383911E+04 0.4210E+02      0 0.0000E+00       0      0      0      0    44947    2222     445    1142    6262    28943   27726       0
 218   1  0.146493E+08 0.387014E+04 0.5643E+02      0 0.0000E+00       0      0      0      0    44724    2218     490    1082    6177    29106   27798       0
 219   1  0.147185E+08 0.381264E+04 0.2515E+02      0 0.0000E+00       0      0      0      0    44992    2173     477    1082    6443    29097   27751       0
 220   1  0.147844E+08 0.391948E+04 0.5664E+02      0 0.0000E+00       0      0      0      0    44601    2165     458    1066    6175    29675   27439       0
 221   1  0.148564E+08 0.391010E+04 0.4640E+02      0 0.0000E+00       0      0      0      0    44704    2190     505    1028    6128    29787   27528       0
 222   1  0.149282E+08 0.401508E+04 0.7230E+02      0 0.0000E+00       0      0      0      0    45214    2185     448    1088    6247    30315   27957       0
 223   1  0.149948E+08 0.398637E+04 0.4661E+02      0 0.0000E+00       0      0      0      0    45266    2257     477    1207    6076    30479   27244       0
 224   1  0.150577E+08 0.404128E+04 0.3102E+02      0 0.0000E+00       0      0      0      0    44920    2158     457    1092    6324    30749   27470       0
 225   1  0.151210E+08 0.403104E+04 0.1304E+02      0 0.0000E+00       0      0      0      0    45596    2197     419    1084    6182    31220   27484       0
 226   1  0.151831E+08 0.417633E+04 0.5106E+02      0 0.0000E+00       0      0      0      0    45663    2142     469    1079    6237    31995   27579       0
 227   1  0.152517E+08 0.414254E+04 0.4380E+02      0 0.0000E+00       0      0      0      0    45837    2167     450    1102    6278    31885   27771       0
 228   1  0.153263E+08 0.416629E+04 0.3664E+02      0 0.0000E+00       0      0      0      0    45885    2180     494    1017    6406    32453   27947       0
 229   1  0.154087E+08 0.429586E+04 0.3288E+02      0 0.0000E+00       0      0      0      0    46094    2065     468    1093    6121    32979   27883       0
 230   1  0.154938E+08 0.425159E+04 0.7524E+02      0 0.0000E+00       0      0      0      0    45852    2145     425    1095    6150    32919   27624       0
 231   1  0.155865E+08 0.441940E+04 0.7105E+02      0 0.0000E+00       0      0      0      0    45761    2148     436     990    6177    34066   27618       0
 232   1  0.156922E+08 0.438578E+04 0.3759E+02      0 0.0000E+00       0      0      0      0    46099    2121     458    1063    6277    34017   27980       0
 233   1  0.157970E+08 0.437832E+04 0.5595E+02      0 0.0000E+00       0      0      0      0    46254    2143     448    1048    6229    34067   27860       0
 234   1  0.158991E+08 0.447558E+04 0.3189E+02      0 0.0000E+00       0      0      0      0    46043    2101     426     981    6167    34817   27709       0
 235   1  0.160105E+08 0.455412E+04 0.3773E+02      0 0.0000E+00       0      0      0      0    46510    2012     419    1070    6024    35217   27993       0
 236   1  0.161263E+08 0.462309E+04 0.6113E+02      0 0.0000E+00       0      0      0      0    46818    2083     419    1015    6213    35812   28018       0
 237   1  0.162454E+08 0.458112E+04 0.3399E+02      0 0.0000E+00       0      0      0      0    46569    2068     419     949    6239    35709   27862       0
 238   1  0.163713E+08 0.474286E+04 0.7010E+02      0 0.0000E+00       0      0      0      0    46416    2149     425    1042    6286    36562   28234       0
 239   1  0.165016E+08 0.475972E+04 0.4922E+02      0 0.0000E+00       0      0      0      0    46959    2051     421    1012    6196    36726   28318       0
 240   1  0.166381E+08 0.473227E+04 0.4987E+02      0 0.0000E+00       0      0      0      0    46918    2096     397    1016    6275    36931   27881       0
 241   1  0.167821E+08 0.478865E+04 0.6319E+02      0 0.0000E+00       0      0      0      0    47134    2028     424     974    6272    37390   28209       0
 242   1  0.169329E+08 0.483885E+04 0.7825E+02      0 0.0000E+00       0      0      0      0    47640    2124     392     972    6278    38129   28611       0
 243   1  0.170917E+08 0.491832E+04 0.7987E+01      0 0.0000E+00       0      0      0      0    47785    2066     415     990    6319    38047   28492       0
 244   1  0.172579E+08 0.498662E+04 0.3957E+02      0 0.0000E+00       0      0      0      0    48084    2201     399     967    6349    38335   29032       0
 245   1  0.174296E+08 0.496640E+04 0.3989E+02      0 0.0000E+00       0      0      0      0    48441    2187     390    1091    6303    38926   29182       0
 246   1  0.176094E+08 0.504987E+04 0.5238E+02      0 0.0000E+00       0      0      0      0    48334    2236     381     912    6375    39384   29423       0
 247   1  0.178004E+08 0.511483E+04 0.5492E+02      0 0.0000E+00       0      0      0      0    48952    2186     405    1043    6527    40054   29426       0
 248   1  0.179952E+08 0.512268E+04 0.7891E+02      0 0.0000E+00       0      0      0      0    48858    2137     400     968    6326    40012   29836       0
 249   1  0.182110E+08 0.521515E+04 0.6578E+02      0 0.0000E+00       0      0      0      0    48914    2247     414    1027    6443    40531   29750       0
 250   1  0.184403E+08 0.530561E+04 0.1006E+03      0 0.0000E+00       0      0      0      0    49647    2220     418     965    6790    41411   30447       0
 251   1  0.186716E+08 0.537161E+04 0.6976E+02      0 0.0000E+00       0      0      0      0    49519    2200     391     962    6427    42112   30252       0
 252   1  0.189265E+08 0.541996E+04 0.2062E+02      0 0.0000E+00       0      0      0      0    50618    2241     365     965    6566    42196   30642       0
 253   1  0.191925E+08 0.550579E+04 0.4343E+02      0 0.0000E+00       0      0      0      0    51029    2274     374     962    6617    43012   31178       0
 254   1  0.194753E+08 0.561019E+04 0.5839E+02      0 0.0000E+00       0      0      0      0    51026    2279     438     942    6716    43653   31359       0
 255   1  0.197768E+08 0.566352E+04 0.1248E+02      0 0.0000E+00       0      0      0      0    51679    2221     400     927    6734    44451   31384       0
 256   1  0.200986E+08 0.573294E+04 0.1025E+03      0 0.0000E+00       0      0      0      0    52571    2238     422     950    6589    45030   32086       0
 257   1  0.204394E+08 0.587058E+04 0.5708E+02      0 0.0000E+00       0      0      0      0    53142    2356     369     868    6689    45908   32117       0
 258   1  0.208088E+08 0.593873E+04 0.6216E+02      0 0.0000E+00       0      0      0      0    53764    2270     413     881    6994    46723   32664       0
 259   1  0.212098E+08 0.604204E+04 0.1037E+03      0 0.0000E+00       0      0      0      0    54520    2316     436     933    6728    47869   32986       0
 260   1  0.216432E+08 0.621650E+04 0.9132E+02      0 0.0000E+00       0      0      0      0    55865    2340     435     895    6870    48741   33599       0
 261   1  0.221142E+08 0.627344E+04 0.7131E+02      0 0.0000E+00       0      0      0      0    56945    2253     420     886    7200    49068   34071       0
 262   1  0.226283E+08 0.628979E+04 0.5835E+02      0 0.0000E+00       0      0      0      0    58627    2370     421     897    7266    49835   34513       0
 263   1  0.232006E+08 0.637879E+04 0.9848E+02      0 0.0000E+00       0      0      0      0    60795    2314     404     886    7338    50461   35306       0
 264   1  0.238337E+08 0.652767E+04 0.9565E+02      0 0.0000E+00       0      0      0      0    62854    2333     442     818    7660    51143   36011       0
 265   1  0.245454E+08 0.663931E+04 0.2067E+02      0 0.0000E+00       0      0      0      0    66851    2284     444     879    7567    52095   36659       0
 266   1  0.253535E+08 0.681125E+04 0.8393E+02      0 0.0000E+00       0      0      0      0    71894    2450     442     886    8114    53085   38136       0
 267   1  0.262660E+08 0.681057E+04 0.1401E+03      0 0.0000E+00       0      0      0      0    78826    2375     478     863    7955    53516   38831       0
 268   1  0.273210E+08 0.690533E+04 0.8477E+02      0 0.0000E+00       0      0      0      0    88171    2451     442     844    8160    54277   40104       0
 269   1  0.285471E+08 0.693890E+04 0.1261E+03      0 0.0000E+00       0      0      0      0   104829    2461     416     755    8260    54273   41705       0
 270   1  0.299849E+08 0.693710E+04 0.1841E+03      0 0.0000E+00       0      0      0      0   129197    2576     432     703    8442    54496   43732       0
 271   1  0.316960E+08 0.698076E+04 0.1987E+03      0 0.0000E+00       0      0      0      0   170949    2539     360     671    8462    54644   46661       0
 272   1  0.337175E+08 0.681828E+04 0.3014E+03      0 0.0000E+00       0      0      0      0   245365    2500     315     599    8077    53376   50780       0
 273   1  0.360168E+08 0.678936E+04 0.2516E+03      0 0.0000E+00       0      0      0      0   368206    2361     271     516    7785    52551   56862       0
 274   1  0.384535E+08 0.649772E+04 0.3458E+03      0 0.0000E+00       0      0      0      0   560282    2254     239     399    7032    50502   64825       0
 275   1  0.406698E+08 0.605134E+04 0.5077E+03      0 0.0000E+00       0      0      0      0   835499    2013     201     312    6465    47074   75170       0
 276   1  0.420684E+08 0.543163E+04 0.5310E+03      0 0.0000E+00       0      0      0      0  1178162    1711     157     248    5281    42310   85844       0
 277   1  0.419209E+08 0.473943E+04 0.5192E+03      0 0.0000E+00       0      0      0      0  1541815    1388     149     185    4402    36881   96670       0
 278   1  0.396362E+08 0.381391E+04 0.3886E+03      0 0.0000E+00       0      0      0      0  1839260    1075      95     122    3406    29983  101856       0
 279   1  0.349913E+08 0.296956E+04 0.3600E+03      0 0.0000E+00       0      0      0      0  1980131     779      72      85    2444    23333   98936       0
 280   1  0.284824E+08 0.215908E+04 0.3215E+03      0 0.0000E+00       0      0      0      0  1907171     456      72      55    1691    16806   88259       0
 281   1  0.211493E+08 0.153181E+04 0.1713E+03      0 0.0000E+00       0      0      0      0  1636176     382      64      35    1209    11822   71100       0
 282   1  0.141686E+08 0.102495E+04 0.1146E+03      0 0.0000E+00       0      0      0      0  1243454     297      60      44     901     7960   51824       0
 283   1  0.850472E+07 0.737578E+03 0.9944E+02      0 0.0000E+00       0      0      0      0   831056     240      68      40     699     5618   34103       0
 284   1  0.454995E+07 0.550420E+03 0.4548E+02      0 0.0000E+00       0      0      0      0   487579     210      75      35     651     4151   20950       0
 285   1  0.217535E+07 0.466007E+03 0.1315E+02      0 0.0000E+00       0      0      0      0   251013     192      55      36     622     3501   12224       0
 286   1  0.940720E+06 0.414028E+03 0.2621E+02      0 0.0000E+00       0      0      0      0   113826     210      72      23     528     3163    7357       0
 287   1  0.383934E+06 0.391063E+03 0.3325E+02      0 0.0000E+00       0      0      0      0    45313     175      70      42     555     2972    5152       0
 288   1  0.171306E+06 0.418283E+03 0.3597E+01      0 0.0000E+00       0      0      0      0    16953     188      66      33     582     3062    4242       0
 289   1  0.100039E+06 0.391785E+03 0.1632E+00      0 0.0000E+00       0      0      0      0     6963     188      52      24     527     2932    3969       0
 290   1  0.800661E+05 0.373017E+03 0.8278E+01      0 0.0000E+00       0      0      0      0     3837     176      73      41     499     2852    3783       0
 291   1  0.747732E+05 0.381951E+03 0.6853E+01      0 0.0000E+00       0      0      0      0     3137     188      50      39     523     2856    3688       0
 292   1  0.738647E+05 0.365378E+03 0.2100E+02      0 0.0000E+00       0      0      0      0     2857     178      48      27     591     2811    3851       0
 293   1  0.716879E+05 0.378397E+03 0.1023E+02      0 0.0000E+00       0      0      0      0     2828     166      53      25     532     2833    3628       0
 294   1  0.724556E+05 0.364729E+03 0.5258E+01      0 0.0000E+00       0      0      0      0     2729     184      54      36     559     2828    3696       0
 295   1  0.720828E+05 0.367852E+03 0.6479E+01      0 0.0000E+00       0      0      0      0     2809     160      48      26     546     2766    3673       0
 296   1  0.715026E+05 0.366875E+03 0.8255E+01      0 0.0000E+00       0      0      0      0     2737     161      54      29     523     2747    3640       0
 297   1  0.707247E+05 0.353362E+03 0.0000E+00      0 0.0000E+00       0      0      0      0     2724     184      64      30     518     2690    3590       0
 298   1  0.704861E+05 0.339307E+03 0.6790E+01      0 0.0000E+00       0      0      0      0     2717     159      43      27     499     2629    3486       0
 299   1  0.706899E+05 0.361135E+03 0.1486E+02      0 0.0000E+00       0      0      0      0     2762     181      63      43     492     2751    3626       0
 300   1  0.685911E+05 0.356843E+03 0.0000E+00      0 0.0000E+00       0      0      0      0     2639     131      52      26     504     2642    3514       0
 301   0  0.000000E+00 0.000000E+00 0.0000E+00      0 0.0000E+00       0      0      0      0        0       0       0       0       0        0       0       0
  SUMM:   0.392491E+10 0.821968E+06 0.1741E+05    110 0.1125E+04       0      0      0      0 25657235  669597  155579  330202 1753803  5939048 8354320       0
 ZONE  MED     C10     C11     N12     N13     O13     O14     O15     F17     F18
    1    1     599    1561       0     646      11     195    3660       0       0
    2    1     654    1656       1     681       5     196    3649       0       0
    3    1     694    1645       0     673       8     206    3741       0       0
    4    1     717    1586       1     681       6     215    3681       0       0
    5    1     677    1640       0     661       6     196    3728       1       0
    6    1     675    1628       1     679       6     191    3703       2       0
    7    1     653    1632       0     638       4     195    3629       1       0
    8    1     668    1693       0     690       4     192    3870       2       0
    9    1     666    1625       0     721       4     224    3762       0       0
   10    1     640    1645       0     718       5     195    3733       0       0
   11    1     626    1643       0     712       5     193    3812       0       3
   12    1     646    1618       1     655       5     220    3787       2       0
   13    1     651    1687       0     672       6     189    3834       0       0
   14    1     715    1598       0     750       7     201    3858       1       0
   15    1     712    1591       0     683       3     180    3714       0       0
   16    1     645    1560       0     715       7     179    3822       0       0
   17    1     676    1703       1     674       5     210    3801       1       1
   18    1     650    1621       0     696       5     219    3874       3       0
   19    1     656    1670       0     641       7     211    3854       2       1
   20    1     649    1654       0     689       5     196    3739       1       0
   21    1     636    1612       0     676       3     214    3709       0       1
   22    1     627    1633       2     692       5     201    3871       1       0
   23    1     628    1606       1     696       5     224    3853       1       1
   24    1     631    1743       0     686       7     203    3794       0       0
   25    1     666    1623       1     667       7     196    3836       0       0
   26    1     725    1679       0     708       5     181    3820       2       0
   27    1     633    1649       1     704       4     203    3718       1       1
   28    1     629    1684       0     665       5     200    3797       0       1
   29    1     672    1586       0     647       6     227    3922       1       0
   30    1     624    1610       0     722       8     205    3970       0       1
   31    1     679    1681       0     705       4     207    3939       1       0
   32    1     693    1762       0     714       6     199    3920       2       0
   33    1     649    1687       0     713       7     220    3880       1       0
   34    1     698    1680       0     670       7     194    3838       0       1
   35    1     667    1686       0     682       9     205    3929       3       0
   36    1     642    1626       0     665       7     195    3927       1       0
   37    1     664    1599       1     669       3     211    3961       1       2
   38    1     642    1640       0     698       5     213    3880       0       2
   39    1     661    1643       0     721       6     223    3878       0       1
   40    1     721    1681       0     717       7     213    3909       0       0
   41    1     668    1696       0     696       7     175    3921       0       1
   42    1     732    1671       1     721       1     170    3947       1       1
   43    1     684    1602       0     710       5     208    3883       0       2
   44    1     667    1610       0     700      11     175    3942       2       2
   45    1     640    1611       0     750      10     192    3821       2       0
   46    1     657    1565       0     748       6     183    3989       0       0
   47    1     681    1625       0     720       5     235    4022       2       2
   48    1     683    1616       1     730       3     176    3933       0       0
   49    1     704    1689       0     687       8     206    4015       0       1
   50    1     641    1716       1     703       6     210    3841       1       0
   51    1     672    1688       0     738       7     190    3908       1       0
   52    1     674    1679       0     733       7     209    3913       0       0
   53    1     655    1610       0     710       7     202    3858       0       1
   54    1     615    1655       1     703       6     211    4043       1       0
   55    1     664    1729       0     688       7     226    3934       0       0
   56    1     635    1708       0     737       9     219    3927       0       0
   57    1     650    1717       0     714       7     162    4026       0       0
   58    1     626    1591       0     651       4     215    3995       0       1
   59    1     692    1655       0     708       3     188    3955       1       0
   60    1     708    1629       0     701       8     192    4042       1       0
   61    1     649    1725       0     675       8     212    4045       4       2
   62    1     680    1696       0     699       8     197    4051       0       0
   63    1     672    1668       0     708       6     207    4016       0       0
   64    1     648    1664       0     715       1     221    3876       0       1
   65    1     624    1634       0     729       6     214    4038       2       0
   66    1     698    1679       0     772       9     215    3985       1       1
   67    1     629    1732       0     700       2     215    3991       0       1
   68    1     665    1627       1     746       3     213    3992       1       1
   69    1     653    1659       1     667       9     216    4012       0       0
   70    1     661    1609       0     724       5     199    4067       1       1
   71    1     667    1670       0     699       5     196    3996       1       0
   72    1     672    1545       0     763       7     223    3799       1       0
   73    1     699    1642       0     675       9     203    3934       1       1
   74    1     659    1715       0     648       5     222    4091       0       0
   75    1     658    1687       0     704       6     222    4075       0       0
   76    1     614    1689       0     731       5     232    4053       1       0
   77    1     682    1691       0     730       6     175    3983       1       1
   78    1     675    1725       0     681       6     211    4021       0       0
   79    1     679    1727       0     719       6     224    3983       0       0
   80    1     640    1640       0     740      10     195    4014       3       1
   81    1     643    1623       0     750       3     204    4034       0       1
   82    1     652    1620       0     693       4     204    4066       0       0
   83    1     673    1591       0     759      10     202    4038       0       0
   84    1     648    1614       0     689       3     231    3933       1       0
   85    1     696    1682       0     747       9     222    4046       0       0
   86    1     676    1695       0     677       7     213    4011       3       0
   87    1     657    1673       0     691       3     218    4160       1       0
   88    1     656    1631       0     717       9     247    4010       1       0
   89    1     633    1676       0     717       7     202    4013       0       1
   90    1     605    1642       0     695       3     213    4122       2       1
   91    1     671    1710       0     756       4     197    4031       0       1
   92    1     647    1616       0     722       6     199    3996       1       0
   93    1     620    1589       0     704       6     193    4010       0       0
   94    1     626    1625       0     730       9     190    3998       0       0
   95    1     663    1646       0     720       7     200    4101       0       1
   96    1     621    1660       0     742       7     201    3987       0       1
   97    1     677    1700       0     674       5     212    4029       0       0
   98    1     630    1647       0     737       7     190    4074       0       0
   99    1     625    1694       0     727       5     195    3978       1       1
  100    1     682    1589       0     707       5     203    4060       2       0
  101    1     648    1637       0     636      13     214    4039       3       1
  102    1     611    1641       0     750       9     197    4032       0       1
  103    1     640    1639       0     723       8     253    4027       0       1
  104    1     657    1643       0     669       7     191    4028       0       2
  105    1     632    1697       0     768       8     195    3976       1       0
  106    1     676    1667       0     743       8     229    4237       1       0
  107    1     626    1631       0     730       5     209    4003       0       2
  108    1     709    1694       0     718       4     180    3958       1       0
  109    1     693    1652       0     707       4     192    4023       1       0
  110    1     668    1733       0     708       3     210    4090       2       0
  111    1     626    1638       0     688       9     218    3962       0       0
  112    1     647    1606       0     728       4     175    4176       1       1
  113    1     705    1590       0     712       4     212    4078       1       0
  114    1     657    1733       0     734       4     224    4018       0       1
  115    1     628    1612       0     718      11     203    4040       1       0
  116    1     658    1604       0     765       9     190    3946       1       2
  117    1     625    1551       0     713       4     240    4134       1       0
  118    1     642    1634       0     723       4     237    4118       0       0
  119    1     658    1623       0     673       8     224    4037       1       0
  120    1     649    1618       0     715       5     181    4030       0       1
  121    1     660    1622       0     763       4     209    4053       0       1
  122    1     646    1657       0     740       4     202    3960       1       0
  123    1     589    1612       0     716       3     195    4051       0       0
  124    1     641    1596       0     726       9     197    4020       4       1
  125    1     658    1613       0     701       9     204    4081       0       2
  126    1     628    1605       0     666       5     223    3984       0       1
  127    1     637    1725       0     695       9     225    4136       0       0
  128    1     644    1584       0     719       3     225    4016       1       0
  129    1     639    1602       0     740       4     209    3980       0       0
  130    1     654    1661       0     678      12     221    4106       0       0
  131    1     622    1681       0     743       6     202    4094       1       1
  132    1     672    1676       0     710       8     216    3990       2       0
  133    1     650    1601       1     709       4     196    3962       1       0
  134    1     631    1595       0     687       9     189    4127       1       0
  135    1     694    1624       0     746       5     194    4093       0       0
  136    1     669    1716       0     707      12     201    4022       1       0
  137    1     595    1668       0     807       3     204    4011       1       0
  138    1     650    1689       0     734       2     197    4082       1       0
  139    1     640    1618       0     715       2     215    4013       2       1
  140    1     589    1681       0     688       9     204    4047       1       0
  141    1     619    1615       0     689       6     227    4078       0       1
  142    1     622    1629       0     682       9     202    4174       1       1
  143    1     682    1697       0     765       6     209    4099       0       0
  144    1     632    1655       0     740       7     200    4107       0       0
  145    1     633    1628       0     644       5     198    3998       1       2
  146    1     629    1654       1     734       9     197    4164       1       1
  147    1     621    1643       1     697       7     203    4097       0       1
  148    1     648    1675       0     722       3     217    4038       1       0
  149    1     619    1673       0     727       8     191    4097       0       1
  150    1     583    1633       1     709       4     231    4078       0       0
  151    1     619    1695       0     740       7     194    4128       2       0
  152    1     644    1610       0     715       5     205    4009       2       0
  153    1     637    1673       0     719       4     220    4024       1       0
  154    1     582    1638       0     724       3     176    4154       0       1
  155    1     615    1635       1     687       8     209    4135       1       0
  156    1     646    1648       0     742       7     179    4055       1       1
  157    1     654    1656       2     763       5     193    4100       0       1
  158    1     621    1608       0     714      10     222    4023       2       2
  159    1     579    1680       0     777       8     211    4089       1       0
  160    1     672    1570       0     691       7     203    4039       0       0
  161    1     591    1656       0     729       6     235    4043       0       0
  162    1     591    1573       0     785       5     237    4080       1       1
  163    1     612    1695       0     703       8     225    4181       1       0
  164    1     596    1585       0     714      10     209    3994       2       0
  165    1     650    1611       0     731       7     221    4101       2       0
  166    1     655    1594       0     725       6     187    4228       1       0
  167    1     584    1636       0     704       8     230    4138       1       0
  168    1     601    1572       0     728      10     194    4087       1       3
  169    1     654    1541       0     709       3     198    4078       0       2
  170    1     642    1636       0     699       7     205    4071       4       0
  171    1     562    1693       0     785       3     209    4066       1       0
  172    1     627    1569       0     687       3     217    4124       0       1
  173    1     616    1582       0     749       8     215    4148       0       2
  174    1     605    1556       0     721       7     189    4134       0       0
  175    1     570    1626       0     769       8     215    4101       0       0
  176    1     613    1678       0     683       8     211    4077       3       0
  177    1     587    1573       0     739       9     207    4052       1       1
  178    1     579    1520       0     692       4     198    4103       0       1
  179    1     607    1590       0     674       6     203    4069       1       1
  180    1     604    1585       0     726       3     208    4148       0       1
  181    1     626    1668       0     677       7     195    4185       0       1
  182    1     574    1568       1     730       2     195    4041       0       1
  183    1     640    1600       0     681       4     210    3980       0       0
  184    1     582    1616       0     712       9     186    4125       1       0
  185    1     572    1678       0     718       6     207    4071       1       0
  186    1     558    1559       1     733       4     206    4114       0       1
  187    1     594    1534       0     723       4     194    4108       3       1
  188    1     557    1538       0     702       6     212    4012       1       2
  189    1     584    1531       0     715       6     222    4035       0       1
  190    1     611    1628       0     732      10     203    4167       0       0
  191    1     588    1514       0     686       7     213    4131       0       3
  192    1     606    1612       0     755       5     193    4035       2       0
  193    1     606    1513       0     750       7     185    4130       0       1
  194    1     579    1589       1     691       6     211    4058       3       1
  195    1     568    1553       0     742       5     190    4086       1       2
  196    1     540    1522       0     747       2     185    4201       3       1
  197    1     574    1609       0     697       5     215    4202       1       1
  198    1     592    1477       0     743       4     198    4089       1       0
  199    1     608    1533       0     687      12     209    4094       2       1
  200    1     555    1579       0     756       6     178    4088       0       1
  201    1     542    1533       0     727       8     209    4080       2       0
  202    1     570    1544       0     725      10     190    4181       1       1
  203    1     576    1606       1     731       5     218    4154       0       0
  204    1     540    1524       0     685       7     195    4210       0       0
  205    1     585    1551       0     700       6     201    4173       0       1
  206    1     564    1623       0     782       4     230    4108       1       0
  207    1     605    1628       0     753      10     215    4182       0       1
  208    1     549    1504       0     768       9     203    4165       0       1
  209    1     561    1480       0     734       5     188    4241       1       2
  210    1     521    1494       0     713       9     201    4106       0       1
  211    1     541    1587       0     703       9     217    4142       2       0
  212    1     588    1492       0     707       4     184    4281       1       0
  213    1     585    1486       0     702       6     210    4200       0       0
  214    1     587    1493       0     732       5     236    4341       0       3
  215    1     514    1568       0     662       8     222    4127       1       1
  216    1     536    1539       0     782       7     211    4257       1       1
  217    1     556    1539       0     676       8     236    4273       1       2
  218    1     539    1552       1     716       4     210    4301       1       1
  219    1     579    1554       0     772       4     203    4328       0       0
  220    1     591    1483       0     702       3     214    4270       2       1
  221    1     541    1518       1     707      10     243    4335       0       1
  222    1     546    1462       0     771       4     232    4330       1       1
  223    1     554    1594       0     768       8     218    4180       1       0
  224    1     530    1582       0     711       5     234    4235       0       0
  225    1     510    1455       0     746       6     211    4222       1       0
  226    1     544    1484       0     758       3     232    4322       1       1
  227    1     502    1478       1     733       8     221    4308       0       1
  228    1     493    1500       0     691      10     199    4246       0       0
  229    1     532    1485       0     760       7     224    4387       0       0
  230    1     503    1458       2     748       7     208    4352       1       0
  231    1     466    1477       1     728       6     199    4312       2       0
  232    1     537    1474       0     801       3     221    4338       1       1
  233    1     503    1440       0     741       7     218    4402       0       0
  234    1     475    1427       0     775       5     218    4456       0       1
  235    1     515    1435       0     722       4     209    4445       0       1
  236    1     522    1408       1     739       7     224    4326       0       1
  237    1     498    1423       0     679      13     227    4310       1       1
  238    1     491    1442       0     769      10     222    4452       2       0
  239    1     474    1471       0     783       8     193    4432       2       1
  240    1     475    1415       0     748      11     226    4433       2       2
  241    1     461    1407       0     772       5     196    4513       2       4
  242    1     463    1426       0     784       9     235    4536       1       1
  243    1     474    1377       0     784       6     250    4562       1       0
  244    1     491    1323       0     823       6     279    4686       2       0
  245    1     431    1427       0     815       6     234    4697       3       0
  246    1     460    1350       0     766       4     203    4764       0       1
  247    1     490    1423       0     791      14     237    4852       1       2
  248    1     465    1355       0     801       6     240    4918       0       1
  249    1     480    1356       0     841      12     242    5026       1       2
  250    1     481    1436       0     802       5     255    4983       1       2
  251    1     417    1258       0     786       2     248    5117       1       2
  252    1     442    1276       0     856      10     260    5126       2       1
  253    1     475    1225       0     841       6     261    5247       0       1
  254    1     437    1194       0     868       6     266    5405       0       0
  255    1     455    1119       0     839      10     275    5388       2       0
  256    1     399    1129       0     890       4     285    5640       2       2
  257    1     407    1129       0     825       3     289    5683       2       0
  258    1     421    1110       0     860       8     273    5720       0       5
  259    1     378    1047       0     878       5     294    5892       4       2
  260    1     360     990       0     851       2     307    6085       2       2
  261    1     316     997       0     883       1     316    6177       2       4
  262    1     313     929       0     892       2     279    6364       3       0
  263    1     247     830       0     832       2     325    6615       3       1
  264    1     223     823       0     816       3     318    6708       4       5
  265    1     207     780       0     807       1     323    6726       2       1
  266    1     191     715       0     791       1     315    7120       2       3
  267    1     132     649       0     741       1     285    7203       2       3
  268    1      92     605       0     673       0     336    7372       1       2
  269    1      75     446       0     609       0     329    7353       2       2
  270    1      36     419       0     565       0     285    7630       7       6
  271    1      22     288       0     494       0     276    7441       3       6
  272    1      19     242       0     413       0     213    7535       1       3
  273    1      14     177       0     364       0     191    6917       4       3
  274    1      12     133       0     344       0     144    6425       3       4
  275    1       7      84       0     291       0     109    5598       4       7
  276    1       4      57       0     265       0      88    4627       6       7
  277    1       5      46       0     246       0      72    3606       5       8
  278    1       5      40       0     214       0      26    2606      10       9
  279    1       9      48       0     166       0      10    1737      14       2
  280    1       5      39       0     130       0       9    1100       6       9
  281    1       3      33       0      95       0       9     685       4       5
  282    1      10      41       0      56       0      10     407       4       0
  283    1       4      37       0      34       0       3     257       2       0
  284    1       1      31       0      27       0       2     218       2       0
  285    1       2      41       0      20       0       5     156       2       0
  286    1       2      29       0      14       0       2     143       0       0
  287    1       4      39       0      12       0       1     160       0       0
  288    1       9      32       0      11       0       1     164       0       0
  289    1       2      33       0      13       0       5     148       0       0
  290    1       7      31       0       8       0       1     156       0       0
  291    1       9      29       0      18       0       1     143       0       0
  292    1       3      34       0       8       0       1     144       0       0
  293    1       0      28       0      14       0       3     139       0       0
  294    1       4      36       0      17       0       2     122       0       0
  295    1       8      19       0      10       0       1     131       0       0
  296    1       5      27       0      11       0       1     129       0       0
  297    1       4      29       0      12       0       1     139       0       0
  298    1       7      32       0      19       0       1     139       0       0
  299    1       4      32       0      15       0       6     129       0       0
  300    1       4      35       0      11       0       3     135       0       0
  301    0       0       0       0       0       0       0       0       0       0
   SUM ==>  160662  421811      35  199024    1638   59047 1194164     310     252
