20000000
300
  ZONE MED   LOSS(MEV)      (MEV)    EXCITATION    PI0   (MEV)        PI+     K+    MU-    MU+     PROT    DEUT    TRIT     HE3    ALPH     ELSC    INEL    FISS
  1   1  0.899792E+07 0.128197E+04 0.3905E+02      4 0.1005E+03       0      0      0      0     9509    1920     475    1220    5467     7084   22300       0
   2   1  0.909459E+07 0.125502E+04 0.1093E+02      4 0.4183E+02       0      0      0      0    12513    2287     609    1284    5500     7135   22332       0
   3   1  0.916553E+07 0.128593E+04 0.8390E+01      2 0.2722E+02       0      0      0      0    14304    2394     643    1252    5653     7342   22735       0
   4   1  0.922099E+07 0.128595E+04 0.1462E+02      6 0.4075E+02       0      0      0      0    15408    2441     630    1299    5727     7390   22805       0
   5   1  0.927503E+07 0.128249E+04 0.5017E+02      3 0.2954E+02       0      0      0      0    16652    2423     596    1277    5564     7483   22680       0
   6   1  0.932187E+07 0.130946E+04 0.3444E+02      7 0.1225E+03       0      0      0      0    17355    2460     644    1308    5678     7674   23001       0
   7   1  0.936200E+07 0.135546E+04 0.3158E+02      2 0.1202E+02       0      0      0      0    18122    2278     630    1338    5633     7848   23042       0
   8   1  0.940500E+07 0.135682E+04 0.2997E+02      3 0.1851E+02       0      0      0      0    18912    2401     619    1266    5685     7854   23373       0
   9   1  0.944720E+07 0.135804E+04 0.2282E+02      2 0.4036E+02       0      0      0      0    19361    2494     604    1329    5727     7990   23259       0
  10   1  0.948173E+07 0.135640E+04 0.3877E+02      3 0.5090E+02       0      0      0      0    19973    2436     643    1302    5851     8080   23426       0
  11   1  0.951547E+07 0.139500E+04 0.3311E+02      4 0.9465E+02       0      0      0      0    20188    2388     613    1342    5918     8153   23419       0
  12   1  0.955078E+07 0.138854E+04 0.2336E+02      2 0.1482E+02       0      0      0      0    20619    2454     650    1343    5949     8171   23760       0
  13   1  0.958174E+07 0.144405E+04 0.4653E+02      2 0.2692E+02       0      0      0      0    21562    2370     610    1303    5762     8517   23721       0
  14   1  0.961245E+07 0.143370E+04 0.2300E+02      1 0.3244E+01       0      0      0      0    21677    2454     622    1289    5897     8457   23831       0
  15   1  0.964176E+07 0.142894E+04 0.3589E+02      0 0.0000E+00       0      0      0      0    22049    2411     629    1334    5833     8586   23755       0
  16   1  0.967238E+07 0.145056E+04 0.4672E+02      1 0.8297E+01       0      0      0      0    22346    2449     607    1309    5713     8488   23986       0
  17   1  0.970001E+07 0.147018E+04 0.3675E+02      2 0.1283E+02       0      0      0      0    22629    2476     609    1317    5915     8521   23953       0
  18   1  0.973391E+07 0.147257E+04 0.5516E+02      3 0.2557E+02       0      0      0      0    23310    2466     627    1378    5835     8771   24328       0
  19   1  0.975881E+07 0.145339E+04 0.4986E+02      4 0.3871E+02       0      0      0      0    23416    2556     667    1299    6014     8697   24311       0
  20   1  0.978564E+07 0.148177E+04 0.4453E+02      6 0.4820E+02       0      0      0      0    23788    2584     590    1315    6014     8781   24470       0
  21   1  0.981600E+07 0.151378E+04 0.5349E+02      1 0.9431E+01       0      0      0      0    24104    2488     616    1329    5703     9041   24275       0
  22   1  0.984391E+07 0.153222E+04 0.4246E+02      4 0.1986E+02       0      0      0      0    24521    2507     712    1297    5995     8951   24371       0
  23   1  0.986769E+07 0.149115E+04 0.9121E+02      0 0.0000E+00       0      0      0      0    24638    2492     608    1336    5788     9112   24469       0
  24   1  0.989283E+07 0.148535E+04 0.3594E+02      6 0.2846E+02       0      0      0      0    25039    2665     569    1300    5858     9015   24787       0
  25   1  0.992230E+07 0.151342E+04 0.2718E+02      2 0.1139E+02       0      0      0      0    25550    2553     615    1340    6185     9209   24873       0
  26   1  0.994207E+07 0.151516E+04 0.4029E+02      0 0.0000E+00       0      0      0      0    25294    2529     636    1390    5981     9277   24704       0
  27   1  0.996901E+07 0.157046E+04 0.4723E+02      1 0.2780E+01       0      0      0      0    25528    2496     568    1345    6001     9451   24828       0
  28   1  0.999576E+07 0.158313E+04 0.8299E+02      0 0.0000E+00       0      0      0      0    25986    2527     628    1326    6155     9500   24869       0
  29   1  0.100126E+08 0.156324E+04 0.4032E+02      0 0.0000E+00       0      0      0      0    25830    2501     613    1323    5856     9563   24653       0
  30   1  0.100390E+08 0.156558E+04 0.3742E+02      0 0.0000E+00       0      0      0      0    26256    2500     602    1271    5829     9547   24954       0
  31   1  0.100611E+08 0.152953E+04 0.1513E+02      1 0.8640E+01       0      0      0      0    26305    2512     620    1322    5965     9659   24750       0
  32   1  0.100889E+08 0.158644E+04 0.4514E+02      0 0.0000E+00       0      0      0      0    26628    2575     620    1302    6063     9679   25095       0
  33   1  0.101166E+08 0.161335E+04 0.3819E+02      2 0.1261E+02       0      0      0      0    27104    2582     638    1295    6120     9894   25072       0
  34   1  0.101392E+08 0.158697E+04 0.5163E+02      3 0.2993E+02       0      0      0      0    27061    2534     620    1298    6005     9820   25212       0
  35   1  0.101643E+08 0.160252E+04 0.3484E+02      3 0.4014E+02       0      0      0      0    27835    2535     622    1362    6072     9830   25370       0
  36   1  0.101790E+08 0.161667E+04 0.5183E+02      0 0.0000E+00       0      0      0      0    27866    2506     658    1285    5935    10071   25311       0
  37   1  0.102010E+08 0.159155E+04 0.3844E+02      1 0.8460E+01       0      0      0      0    27672    2591     615    1309    5982    10053   25126       0
  38   1  0.102267E+08 0.164424E+04 0.5632E+02      3 0.3194E+02       0      0      0      0    27896    2535     670    1335    6105    10032   25598       0
  39   1  0.102523E+08 0.161125E+04 0.2524E+02      2 0.3002E+02       0      0      0      0    28466    2475     652    1350    6146    10093   25535       0
  40   1  0.102713E+08 0.164444E+04 0.3929E+02      2 0.3961E+01       0      0      0      0    28376    2508     648    1255    6115    10235   25400       0
  41   1  0.102997E+08 0.164719E+04 0.1526E+02      2 0.2213E+02       0      0      0      0    28604    2489     697    1374    6274    10232   25732       0
  42   1  0.103228E+08 0.168498E+04 0.5143E+02      1 0.1171E+02       0      0      0      0    29281    2636     638    1262    6183    10507   25436       0
  43   1  0.103393E+08 0.168486E+04 0.1484E+02      1 0.8173E+01       0      0      0      0    28853    2656     625    1283    6131    10642   25568       0
  44   1  0.103595E+08 0.168754E+04 0.2111E+02      1 0.2516E+01       0      0      0      0    29059    2509     663    1345    6111    10482   25560       0
  45   1  0.103808E+08 0.168999E+04 0.2544E+02      0 0.0000E+00       0      0      0      0    29134    2518     612    1285    6308    10411   25872       0
  46   1  0.104056E+08 0.166560E+04 0.3394E+02      0 0.0000E+00       0      0      0      0    29648    2747     635    1330    6326    10396   25699       0
  47   1  0.104213E+08 0.171908E+04 0.5380E+02      1 0.1676E+02       0      0      0      0    29704    2605     619    1272    6068    10660   25862       0
  48   1  0.104431E+08 0.170787E+04 0.3716E+02      1 0.4864E+00       0      0      0      0    29888    2589     650    1306    6119    10756   25604       0
  49   1  0.104665E+08 0.173371E+04 0.3672E+02      0 0.0000E+00       0      0      0      0    30314    2537     677    1323    6133    11074   25826       0
  50   1  0.104830E+08 0.172341E+04 0.3361E+02      0 0.0000E+00       0      0      0      0    30234    2539     649    1282    6015    10838   25786       0
  51   1  0.105061E+08 0.174343E+04 0.1648E+02      0 0.0000E+00       0      0      0      0    30697    2499     655    1423    6133    10914   26124       0
  52   1  0.105211E+08 0.171499E+04 0.3543E+02      0 0.0000E+00       0      0      0      0    30430    2551     615    1350    6065    10972   25705       0
  53   1  0.105378E+08 0.175077E+04 0.3204E+02      0 0.0000E+00       0      0      0      0    30359    2539     628    1319    6145    10761   26008       0
  54   1  0.105542E+08 0.176426E+04 0.4302E+02      1 0.1671E+02       0      0      0      0    30664    2474     620    1274    6067    11071   25875       0
  55   1  0.105753E+08 0.169264E+04 0.0000E+00      0 0.0000E+00       0      0      0      0    30675    2562     651    1358    6187    10872   25903       0
  56   1  0.105992E+08 0.175299E+04 0.4378E+02      0 0.0000E+00       0      0      0      0    31021    2561     630    1274    6128    11146   25997       0
  57   1  0.106215E+08 0.177858E+04 0.2598E+02      0 0.0000E+00       0      0      0      0    31516    2589     641    1376    6387    11146   26461       0
  58   1  0.106341E+08 0.177719E+04 0.2574E+02      1 0.1880E+01       0      0      0      0    31219    2614     594    1315    6219    11246   26096       0
  59   1  0.106520E+08 0.178250E+04 0.4466E+02      0 0.0000E+00       0      0      0      0    31310    2543     610    1328    6047    11174   26078       0
  60   1  0.106737E+08 0.182128E+04 0.5658E+02      0 0.0000E+00       0      0      0      0    31485    2578     610    1324    6068    11433   26167       0
  61   1  0.106954E+08 0.180760E+04 0.4889E+02      0 0.0000E+00       0      0      0      0    32237    2574     675    1321    6236    11552   26457       0
  62   1  0.107093E+08 0.177736E+04 0.2178E+02      1 0.1366E+01       0      0      0      0    31868    2537     641    1292    6331    11226   26312       0
  63   1  0.107300E+08 0.180836E+04 0.7025E+02      0 0.0000E+00       0      0      0      0    32024    2606     633    1218    6292    11555   26425       0
  64   1  0.107479E+08 0.184095E+04 0.8649E+02      0 0.0000E+00       0      0      0      0    31989    2538     631    1336    6077    11556   26336       0
  65   1  0.107688E+08 0.181827E+04 0.3422E+02      0 0.0000E+00       0      0      0      0    32256    2499     675    1278    6259    11793   26565       0
  66   1  0.107862E+08 0.182611E+04 0.6267E+02      0 0.0000E+00       0      0      0      0    32264    2484     621    1337    5999    11798   26053       0
  67   1  0.108011E+08 0.182729E+04 0.5739E+02      0 0.0000E+00       0      0      0      0    32146    2547     649    1276    6184    11724   26304       0
  68   1  0.108188E+08 0.182145E+04 0.2171E+02      0 0.0000E+00       0      0      0      0    32372    2561     630    1346    6219    11782   26218       0
  69   1  0.108430E+08 0.184640E+04 0.2920E+02      0 0.0000E+00       0      0      0      0    32876    2499     660    1365    6161    11823   26553       0
  70   1  0.108596E+08 0.186587E+04 0.2801E+02      0 0.0000E+00       0      0      0      0    32926    2516     613    1254    6385    12056   26362       0
  71   1  0.108838E+08 0.186253E+04 0.2341E+02      1 0.5876E+01       0      0      0      0    32757    2643     686    1315    6512    11968   26623       0
  72   1  0.108969E+08 0.189643E+04 0.2107E+02      0 0.0000E+00       0      0      0      0    33403    2509     626    1295    6142    12353   26274       0
  73   1  0.109126E+08 0.187412E+04 0.4270E+02      0 0.0000E+00       0      0      0      0    33164    2615     666    1327    6204    12217   26528       0
  74   1  0.109332E+08 0.187264E+04 0.4259E+02      0 0.0000E+00       0      0      0      0    33631    2610     675    1328    6247    12264   26745       0
  75   1  0.109512E+08 0.187924E+04 0.2629E+02      0 0.0000E+00       0      0      0      0    33145    2564     650    1349    6310    12165   26442       0
  76   1  0.109703E+08 0.187538E+04 0.3084E+02      0 0.0000E+00       0      0      0      0    33820    2527     684    1348    6332    12158   26516       0
  77   1  0.109868E+08 0.189975E+04 0.8799E+02      0 0.0000E+00       0      0      0      0    33596    2602     631    1292    6391    12344   26755       0
  78   1  0.110020E+08 0.188623E+04 0.6040E+02      0 0.0000E+00       0      0      0      0    33714    2519     628    1385    6194    12358   26543       0
  79   1  0.110177E+08 0.192131E+04 0.6328E+02      0 0.0000E+00       0      0      0      0    33767    2477     647    1285    6274    12462   26441       0
  80   1  0.110352E+08 0.196557E+04 0.5340E+02      0 0.0000E+00       0      0      0      0    33755    2556     647    1315    6244    12524   26563       0
  81   1  0.110558E+08 0.189765E+04 0.1701E+02      0 0.0000E+00       0      0      0      0    33951    2577     621    1315    6213    12241   26754       0
  82   1  0.110739E+08 0.194600E+04 0.4769E+02      0 0.0000E+00       0      0      0      0    34417    2603     629    1270    6324    12450   26647       0
  83   1  0.110858E+08 0.190730E+04 0.3306E+02      0 0.0000E+00       0      0      0      0    34299    2480     645    1265    6143    12530   26620       0
  84   1  0.111050E+08 0.192937E+04 0.6324E+02      0 0.0000E+00       0      0      0      0    34376    2538     628    1336    6306    12634   26954       0
  85   1  0.111271E+08 0.196460E+04 0.3673E+02      1 0.6372E+00       0      0      0      0    34668    2578     621    1351    6267    12845   26941       0
  86   1  0.111421E+08 0.194584E+04 0.2317E+02      1 0.6455E+01       0      0      0      0    34390    2491     711    1390    6283    12805   26823       0
  87   1  0.111567E+08 0.195563E+04 0.3616E+02      0 0.0000E+00       0      0      0      0    34792    2594     628    1337    6195    12870   26544       0
  88   1  0.111747E+08 0.192436E+04 0.4743E+02      0 0.0000E+00       0      0      0      0    34698    2608     621    1277    6323    12966   26650       0
  89   1  0.111912E+08 0.197384E+04 0.8238E+02      0 0.0000E+00       0      0      0      0    34591    2531     652    1399    6163    13039   26766       0
  90   1  0.112064E+08 0.194474E+04 0.3701E+02      0 0.0000E+00       0      0      0      0    34927    2565     625    1311    6349    12788   26712       0
  91   1  0.112305E+08 0.196769E+04 0.6306E+02      0 0.0000E+00       0      0      0      0    35330    2513     582    1278    6288    13057   26868       0
  92   1  0.112446E+08 0.199246E+04 0.6907E+02      0 0.0000E+00       0      0      0      0    34994    2480     629    1273    6432    13007   27039       0
  93   1  0.112587E+08 0.199690E+04 0.4119E+02      0 0.0000E+00       0      0      0      0    35197    2545     627    1260    6088    13070   26798       0
  94   1  0.112732E+08 0.198602E+04 0.3521E+02      0 0.0000E+00       0      0      0      0    35087    2474     644    1293    6178    13170   26625       0
  95   1  0.112881E+08 0.195213E+04 0.3938E+02      0 0.0000E+00       0      0      0      0    35381    2506     634    1297    6147    12874   26766       0
  96   1  0.113108E+08 0.201993E+04 0.2257E+02      0 0.0000E+00       0      0      0      0    35211    2521     690    1334    6404    13286   27264       0
  97   1  0.113282E+08 0.197878E+04 0.4659E+02      0 0.0000E+00       0      0      0      0    35464    2427     614    1338    6192    13269   26857       0
  98   1  0.113484E+08 0.202739E+04 0.2843E+02      0 0.0000E+00       0      0      0      0    35861    2597     582    1300    6171    13487   27030       0
  99   1  0.113646E+08 0.204990E+04 0.1061E+03      0 0.0000E+00       0      0      0      0    35640    2675     606    1283    6289    13569   27072       0
 100   1  0.113836E+08 0.203254E+04 0.2385E+02      0 0.0000E+00       0      0      0      0    36324    2602     717    1353    6446    13506   27136       0
 101   1  0.113949E+08 0.203610E+04 0.3059E+02      0 0.0000E+00       0      0      0      0    35981    2608     636    1304    6189    13635   26693       0
 102   1  0.114066E+08 0.204019E+04 0.4287E+02      0 0.0000E+00       0      0      0      0    35729    2529     590    1266    6185    13688   27005       0
 103   1  0.114261E+08 0.205521E+04 0.6580E+02      0 0.0000E+00       0      0      0      0    36151    2491     651    1338    6134    13646   26808       0
 104   1  0.114440E+08 0.208720E+04 0.4267E+02      0 0.0000E+00       0      0      0      0    36413    2505     645    1311    6322    13766   27011       0
 105   1  0.114538E+08 0.208032E+04 0.8776E+02      0 0.0000E+00       0      0      0      0    36152    2473     640    1171    6244    13675   26608       0
 106   1  0.114734E+08 0.207306E+04 0.4906E+02      0 0.0000E+00       0      0      0      0    36351    2520     652    1257    6129    13835   26911       0
 107   1  0.114819E+08 0.206187E+04 0.7247E+02      0 0.0000E+00       0      0      0      0    36169    2472     567    1229    6069    13975   26746       0
 108   1  0.114977E+08 0.207606E+04 0.2505E+02      0 0.0000E+00       0      0      0      0    35884    2493     568    1278    6266    13788   26871       0
 109   1  0.115234E+08 0.213220E+04 0.4942E+02      0 0.0000E+00       0      0      0      0    36816    2488     607    1343    6460    14142   27260       0
 110   1  0.115382E+08 0.211171E+04 0.8047E+01      0 0.0000E+00       0      0      0      0    36325    2501     623    1266    6464    14276   26666       0
 111   1  0.115535E+08 0.211069E+04 0.4263E+02      0 0.0000E+00       0      0      0      0    36518    2627     622    1245    6187    14026   26890       0
 112   1  0.115673E+08 0.212150E+04 0.5567E+02      0 0.0000E+00       0      0      0      0    36949    2449     648    1260    6265    14304   26767       0
 113   1  0.115825E+08 0.218317E+04 0.1599E+02      0 0.0000E+00       0      0      0      0    36488    2471     678    1240    6427    14320   27079       0
 114   1  0.115962E+08 0.214549E+04 0.6876E+02      0 0.0000E+00       0      0      0      0    36632    2435     590    1248    6263    14527   26847       0
 115   1  0.116156E+08 0.217265E+04 0.3617E+02      0 0.0000E+00       0      0      0      0    36925    2448     622    1273    6158    14603   26826       0
 116   1  0.116245E+08 0.221055E+04 0.1314E+02      0 0.0000E+00       0      0      0      0    36579    2419     567    1183    6060    14709   26634       0
 117   1  0.116458E+08 0.218912E+04 0.6769E+02      0 0.0000E+00       0      0      0      0    36963    2607     593    1285    6220    14502   27027       0
 118   1  0.116599E+08 0.215917E+04 0.7963E+02      0 0.0000E+00       0      0      0      0    37041    2466     562    1346    6262    14907   26854       0
 119   1  0.116700E+08 0.218119E+04 0.5462E+02      0 0.0000E+00       0      0      0      0    36876    2380     622    1231    5984    14865   26594       0
 120   1  0.116866E+08 0.221554E+04 0.2447E+02      0 0.0000E+00       0      0      0      0    36987    2436     579    1277    6314    15079   26749       0
 121   1  0.117034E+08 0.224156E+04 0.5552E+02      0 0.0000E+00       0      0      0      0    37128    2447     594    1277    6215    15101   26817       0
 122   1  0.117203E+08 0.227441E+04 0.3450E+02      0 0.0000E+00       0      0      0      0    37653    2440     587    1316    6175    15247   26944       0
 123   1  0.117317E+08 0.225331E+04 0.7075E+02      0 0.0000E+00       0      0      0      0    37122    2425     594    1248    6245    15217   26965       0
 124   1  0.117525E+08 0.224865E+04 0.3766E+02      0 0.0000E+00       0      0      0      0    37613    2495     615    1233    6312    15472   26911       0
 125   1  0.117646E+08 0.226971E+04 0.2551E+02      0 0.0000E+00       0      0      0      0    37588    2465     626    1236    6140    15612   26575       0
 126   1  0.117842E+08 0.228636E+04 0.4274E+02      0 0.0000E+00       0      0      0      0    37440    2351     630    1296    6259    15530   26953       0
 127   1  0.118058E+08 0.222548E+04 0.5348E+02      0 0.0000E+00       0      0      0      0    37632    2504     644    1264    6298    15474   26980       0
 128   1  0.118201E+08 0.227322E+04 0.3578E+02      0 0.0000E+00       0      0      0      0    37827    2475     595    1304    6104    15663   26849       0
 129   1  0.118400E+08 0.230957E+04 0.3330E+02      0 0.0000E+00       0      0      0      0    37858    2460     630    1224    6354    15743   26848       0
 130   1  0.118559E+08 0.227330E+04 0.3192E+02      0 0.0000E+00       0      0      0      0    37871    2397     645    1330    6144    15644   27202       0
 131   1  0.118774E+08 0.234295E+04 0.3954E+02      0 0.0000E+00       0      0      0      0    38065    2528     535    1244    6250    15962   27326       0
 132   1  0.118892E+08 0.231660E+04 0.2281E+02      0 0.0000E+00       0      0      0      0    37575    2393     604    1285    6255    15850   26901       0
 133   1  0.119113E+08 0.229242E+04 0.4818E+02      0 0.0000E+00       0      0      0      0    38078    2497     588    1297    6187    15841   27117       0
 134   1  0.119297E+08 0.231209E+04 0.6394E+02      0 0.0000E+00       0      0      0      0    38438    2409     533    1284    6323    16135   27149       0
 135   1  0.119416E+08 0.236739E+04 0.2943E+02      0 0.0000E+00       0      0      0      0    37921    2402     621    1341    6266    16265   26877       0
 136   1  0.119571E+08 0.231614E+04 0.1495E+02      0 0.0000E+00       0      0      0      0    38293    2469     599    1183    6139    16064   26788       0
 137   1  0.119735E+08 0.236683E+04 0.2254E+02      0 0.0000E+00       0      0      0      0    37975    2393     555    1253    6116    16279   26937       0
 138   1  0.119904E+08 0.238270E+04 0.3893E+02      0 0.0000E+00       0      0      0      0    38529    2456     598    1232    6186    16323   27090       0
 139   1  0.120041E+08 0.239152E+04 0.4119E+02      0 0.0000E+00       0      0      0      0    38253    2475     610    1239    6152    16449   27083       0
 140   1  0.120210E+08 0.234377E+04 0.7954E+02      0 0.0000E+00       0      0      0      0    38544    2488     631    1236    6174    16335   27181       0
 141   1  0.120354E+08 0.234388E+04 0.3569E+02      0 0.0000E+00       0      0      0      0    38361    2449     584    1316    6064    16454   26849       0
 142   1  0.120505E+08 0.237490E+04 0.3895E+02      0 0.0000E+00       0      0      0      0    38378    2501     569    1230    6271    16552   26900       0
 143   1  0.120686E+08 0.236497E+04 0.1690E+02      0 0.0000E+00       0      0      0      0    38887    2414     547    1223    6300    16529   27107       0
 144   1  0.120803E+08 0.243667E+04 0.6390E+02      0 0.0000E+00       0      0      0      0    38887    2364     659    1209    6284    16889   27173       0
 145   1  0.120849E+08 0.242829E+04 0.2906E+02      0 0.0000E+00       0      0      0      0    38464    2382     538    1183    6082    16895   26926       0
 146   1  0.121090E+08 0.240231E+04 0.9176E+02      0 0.0000E+00       0      0      0      0    38943    2511     598    1247    6384    16880   27022       0
 147   1  0.121202E+08 0.245445E+04 0.5810E+02      0 0.0000E+00       0      0      0      0    38950    2452     614    1252    6099    17265   26906       0
 148   1  0.121334E+08 0.247515E+04 0.4110E+02      0 0.0000E+00       0      0      0      0    39012    2366     560    1294    6419    17351   27277       0
 149   1  0.121487E+08 0.245442E+04 0.6011E+02      0 0.0000E+00       0      0      0      0    38759    2499     559    1235    6361    17173   27166       0
 150   1  0.121671E+08 0.247430E+04 0.4088E+02      0 0.0000E+00       0      0      0      0    39218    2377     583    1294    6244    17295   27104       0
 151   1  0.121868E+08 0.246419E+04 0.7416E+02      0 0.0000E+00       0      0      0      0    39024    2428     563    1171    6482    17491   27186       0
 152   1  0.122146E+08 0.248521E+04 0.5976E+02      0 0.0000E+00       0      0      0      0    39033    2442     548    1320    6280    17648   27083       0
 153   1  0.122506E+08 0.248052E+04 0.5930E+02      0 0.0000E+00       0      0      0      0    39385    2428     569    1287    6285    17658   27041       0
 154   1  0.122990E+08 0.259368E+04 0.7577E+02      0 0.0000E+00       0      0      0      0    39534    2392     593    1218    6334    18012   27399       0
 155   1  0.123421E+08 0.251415E+04 0.9800E+02      0 0.0000E+00       0      0      0      0    39394    2441     576    1208    6229    18002   27035       0
 156   1  0.123870E+08 0.252681E+04 0.4810E+02      0 0.0000E+00       0      0      0      0    39661    2425     542    1173    6298    18014   27215       0
 157   1  0.124293E+08 0.258674E+04 0.4068E+02      0 0.0000E+00       0      0      0      0    39630    2422     576    1213    6253    18262   26934       0
 158   1  0.124646E+08 0.257532E+04 0.4497E+02      0 0.0000E+00       0      0      0      0    39228    2453     606    1205    6232    18277   27091       0
 159   1  0.125010E+08 0.258635E+04 0.3267E+02      0 0.0000E+00       0      0      0      0    40075    2484     570    1238    6291    18396   27137       0
 160   1  0.125199E+08 0.266099E+04 0.2710E+02      0 0.0000E+00       0      0      0      0    39875    2346     568    1187    6242    18812   26957       0
 161   1  0.125468E+08 0.261021E+04 0.4533E+02      0 0.0000E+00       0      0      0      0    39521    2347     603    1248    6144    18613   27245       0
 162   1  0.125770E+08 0.262030E+04 0.4771E+02      0 0.0000E+00       0      0      0      0    39955    2369     593    1264    6316    18668   27147       0
 163   1  0.126007E+08 0.265785E+04 0.2416E+02      0 0.0000E+00       0      0      0      0    40476    2407     602    1244    6055    18833   27349       0
 164   1  0.126233E+08 0.268391E+04 0.4697E+02      0 0.0000E+00       0      0      0      0    39995    2361     566    1262    6244    18988   27195       0
 165   1  0.126437E+08 0.272637E+04 0.5657E+02      0 0.0000E+00       0      0      0      0    39933    2386     548    1163    5935    19253   26881       0
 166   1  0.126723E+08 0.273623E+04 0.6156E+02      0 0.0000E+00       0      0      0      0    40322    2360     597    1182    6170    19632   27069       0
 167   1  0.126980E+08 0.270436E+04 0.7272E+02      0 0.0000E+00       0      0      0      0    40546    2343     577    1285    6162    19282   27288       0
 168   1  0.127204E+08 0.275402E+04 0.3454E+02      0 0.0000E+00       0      0      0      0    40044    2428     563    1227    6208    19742   27113       0
 169   1  0.127521E+08 0.277564E+04 0.5651E+02      0 0.0000E+00       0      0      0      0    40335    2386     577    1215    6324    19854   27277       0
 170   1  0.127765E+08 0.282181E+04 0.5263E+02      0 0.0000E+00       0      0      0      0    40698    2431     585    1217    6153    20071   26829       0
 171   1  0.128048E+08 0.279043E+04 0.1970E+02      0 0.0000E+00       0      0      0      0    41088    2426     535    1225    6178    20018   27126       0
 172   1  0.128259E+08 0.280640E+04 0.7294E+02      0 0.0000E+00       0      0      0      0    40791    2323     500    1196    6282    20257   27291       0
 173   1  0.128513E+08 0.282166E+04 0.2578E+02      0 0.0000E+00       0      0      0      0    40709    2394     579    1293    6182    20323   26959       0
 174   1  0.128768E+08 0.283535E+04 0.3047E+02      0 0.0000E+00       0      0      0      0    40635    2356     584    1184    6239    20609   26996       0
 175   1  0.129102E+08 0.283097E+04 0.6037E+02      0 0.0000E+00       0      0      0      0    40796    2358     543    1226    6251    20438   27344       0
 176   1  0.129326E+08 0.288439E+04 0.6217E+02      0 0.0000E+00       0      0      0      0    40834    2358     554    1187    6190    20769   27024       0
 177   1  0.129643E+08 0.288746E+04 0.5262E+02      0 0.0000E+00       0      0      0      0    41118    2296     495    1281    6156    20745   26964       0
 178   1  0.129930E+08 0.287381E+04 0.1637E+02      0 0.0000E+00       0      0      0      0    41302    2332     557    1211    6179    20980   26876       0
 179   1  0.130222E+08 0.294515E+04 0.5401E+02      0 0.0000E+00       0      0      0      0    41457    2331     540    1135    6273    21257   27354       0
 180   1  0.130448E+08 0.297104E+04 0.4758E+02      0 0.0000E+00       0      0      0      0    41177    2288     557    1158    5945    21625   26997       0
 181   1  0.130750E+08 0.290277E+04 0.3065E+02      0 0.0000E+00       0      0      0      0    41152    2367     559    1165    6150    21359   26779       0
 182   1  0.131072E+08 0.300519E+04 0.3813E+02      0 0.0000E+00       0      0      0      0    41278    2261     501    1191    6237    21699   27153       0
 183   1  0.131345E+08 0.302365E+04 0.3665E+02      0 0.0000E+00       0      0      0      0    41416    2236     558    1228    6161    21816   27113       0
 184   1  0.131671E+08 0.299276E+04 0.3485E+02      0 0.0000E+00       0      0      0      0    41101    2215     555    1202    5983    21937   26815       0
 185   1  0.131937E+08 0.298105E+04 0.5338E+02      0 0.0000E+00       0      0      0      0    41585    2324     517    1155    6010    21940   26952       0
 186   1  0.132257E+08 0.301778E+04 0.4208E+02      0 0.0000E+00       0      0      0      0    41338    2319     580    1216    6120    22196   26980       0
 187   1  0.132649E+08 0.304803E+04 0.5015E+02      0 0.0000E+00       0      0      0      0    41807    2269     525    1243    6276    22383   27094       0
 188   1  0.132910E+08 0.308107E+04 0.2187E+02      0 0.0000E+00       0      0      0      0    41828    2307     519    1215    6118    22566   26937       0
 189   1  0.133251E+08 0.313204E+04 0.4933E+02      0 0.0000E+00       0      0      0      0    41834    2286     537    1200    6212    22884   27074       0
 190   1  0.133554E+08 0.310589E+04 0.3285E+02      0 0.0000E+00       0      0      0      0    41941    2282     564    1115    5996    22968   26986       0
 191   1  0.133918E+08 0.313117E+04 0.3358E+02      0 0.0000E+00       0      0      0      0    41993    2223     542    1168    6214    22856   27341       0
 192   1  0.134261E+08 0.315866E+04 0.4963E+02      0 0.0000E+00       0      0      0      0    42089    2288     502    1142    6075    23358   26873       0
 193   1  0.134587E+08 0.318718E+04 0.4689E+02      0 0.0000E+00       0      0      0      0    42166    2268     535    1144    6148    23476   27158       0
 194   1  0.134908E+08 0.323281E+04 0.5645E+02      0 0.0000E+00       0      0      0      0    42057    2292     511    1167    6221    23924   26871       0
 195   1  0.135242E+08 0.314573E+04 0.3551E+02      0 0.0000E+00       0      0      0      0    42012    2225     508    1193    5862    23515   26624       0
 196   1  0.135597E+08 0.330543E+04 0.4857E+02      0 0.0000E+00       0      0      0      0    42423    2303     560    1137    6168    24271   27105       0
 197   1  0.135918E+08 0.327456E+04 0.6895E+02      0 0.0000E+00       0      0      0      0    41972    2156     542    1174    6198    24269   26986       0
 198   1  0.136302E+08 0.327364E+04 0.2834E+02      0 0.0000E+00       0      0      0      0    42386    2369     555    1098    6104    24168   27125       0
 199   1  0.136661E+08 0.330145E+04 0.5869E+02      0 0.0000E+00       0      0      0      0    42538    2140     551    1141    6044    24598   26862       0
 200   1  0.136975E+08 0.327887E+04 0.5167E+02      0 0.0000E+00       0      0      0      0    42662    2242     527    1176    6085    24503   27016       0
 201   1  0.137294E+08 0.332097E+04 0.4132E+02      0 0.0000E+00       0      0      0      0    42143    2219     480    1092    6085    24838   26823       0
 202   1  0.137668E+08 0.335726E+04 0.4567E+02      0 0.0000E+00       0      0      0      0    42672    2247     497    1181    5856    25083   26939       0
 203   1  0.138057E+08 0.341029E+04 0.2481E+02      0 0.0000E+00       0      0      0      0    42565    2219     510    1174    5997    25465   26992       0
 204   1  0.138552E+08 0.343404E+04 0.4192E+02      0 0.0000E+00       0      0      0      0    43108    2269     520    1174    6122    25665   27049       0
 205   1  0.138951E+08 0.343054E+04 0.7502E+02      0 0.0000E+00       0      0      0      0    43231    2257     527    1035    6263    25755   27030       0
 206   1  0.139434E+08 0.343479E+04 0.4630E+02      0 0.0000E+00       0      0      0      0    43570    2256     483    1151    6236    26012   27286       0
 207   1  0.139939E+08 0.348209E+04 0.4420E+02      0 0.0000E+00       0      0      0      0    43310    2233     454    1139    6329    26069   26968       0
 208   1  0.140500E+08 0.345279E+04 0.1905E+02      0 0.0000E+00       0      0      0      0    43503    2201     486    1143    6227    26006   27222       0
 209   1  0.141072E+08 0.353784E+04 0.8237E+02      0 0.0000E+00       0      0      0      0    43502    2213     471    1102    6151    26609   27095       0
 210   1  0.141686E+08 0.355957E+04 0.1867E+02      0 0.0000E+00       0      0      0      0    43185    2282     460    1174    6287    26762   27232       0
 211   1  0.142358E+08 0.357983E+04 0.6966E+02      0 0.0000E+00       0      0      0      0    43526    2215     483    1144    6171    27014   27377       0
 212   1  0.142954E+08 0.362059E+04 0.5087E+02      0 0.0000E+00       0      0      0      0    43708    2280     538    1176    6324    27373   27299       0
 213   1  0.143515E+08 0.372533E+04 0.1319E+02      0 0.0000E+00       0      0      0      0    44389    2178     506    1095    6131    27690   27389       0
 214   1  0.144039E+08 0.366851E+04 0.6131E+02      0 0.0000E+00       0      0      0      0    43819    2106     498    1156    6068    27802   27175       0
 215   1  0.144581E+08 0.374583E+04 0.3416E+02      0 0.0000E+00       0      0      0      0    43880    2190     449    1140    6204    28010   27148       0
 216   1  0.145178E+08 0.374624E+04 0.6076E+02      0 0.0000E+00       0      0      0      0    44003    2216     465    1087    6080    28249   27330       0
 217   1  0.145844E+08 0.378384E+04 0.6418E+02      0 0.0000E+00       0      0      0      0    44605    2178     460    1162    6189    28819   27523       0
 218   1  0.146434E+08 0.380609E+04 0.6005E+02      0 0.0000E+00       0      0      0      0    44424    2170     425    1074    6110    28866   27485       0
 219   1  0.147126E+08 0.383847E+04 0.4565E+02      0 0.0000E+00       0      0      0      0    44564    2163     492    1102    6129    29367   27323       0
 220   1  0.147822E+08 0.384588E+04 0.2380E+02      0 0.0000E+00       0      0      0      0    44928    2157     427    1058    6243    29508   27463       0
 221   1  0.148527E+08 0.395839E+04 0.7029E+02      0 0.0000E+00       0      0      0      0    45030    2177     467    1086    6241    30109   27589       0
 222   1  0.149270E+08 0.392697E+04 0.6497E+02      0 0.0000E+00       0      0      0      0    45215    2233     474    1081    6460    30056   27998       0
 223   1  0.149916E+08 0.402343E+04 0.5999E+02      0 0.0000E+00       0      0      0      0    45367    2182     477    1094    6228    30657   27677       0
 224   1  0.150568E+08 0.403392E+04 0.1918E+02      0 0.0000E+00       0      0      0      0    45265    2219     470    1076    6407    30920   27797       0
 225   1  0.151150E+08 0.408768E+04 0.6416E+02      0 0.0000E+00       0      0      0      0    45648    2222     474    1101    6297    31369   27769       0
 226   1  0.151795E+08 0.417081E+04 0.6994E+02      0 0.0000E+00       0      0      0      0    45658    2129     420    1067    6308    31929   27818       0
 227   1  0.152457E+08 0.416710E+04 0.7852E+02      0 0.0000E+00       0      0      0      0    45545    2190     431    1087    5978    32080   27852       0
 228   1  0.153238E+08 0.420320E+04 0.4614E+02      0 0.0000E+00       0      0      0      0    45380    2224     505    1071    6248    32359   27785       0
 229   1  0.154040E+08 0.428694E+04 0.2846E+02      0 0.0000E+00       0      0      0      0    45423    2131     469    1025    6223    32917   27831       0
 230   1  0.155014E+08 0.431958E+04 0.4524E+02      0 0.0000E+00       0      0      0      0    45807    2131     430    1049    6526    32992   27855       0
 231   1  0.155913E+08 0.435872E+04 0.4014E+02      0 0.0000E+00       0      0      0      0    46004    2081     389    1010    6262    33795   27761       0
 232   1  0.156946E+08 0.443593E+04 0.4932E+02      0 0.0000E+00       0      0      0      0    46322    2131     446    1092    6133    34378   27823       0
 233   1  0.158019E+08 0.447488E+04 0.6984E+02      0 0.0000E+00       0      0      0      0    46265    2109     459    1043    6393    34638   27971       0
 234   1  0.159048E+08 0.445253E+04 0.7187E+02      0 0.0000E+00       0      0      0      0    46682    2160     437     949    6108    34902   27544       0
 235   1  0.160149E+08 0.451800E+04 0.3642E+02      0 0.0000E+00       0      0      0      0    46841    2043     417    1046    6387    35326   28159       0
 236   1  0.161270E+08 0.462858E+04 0.2670E+02      0 0.0000E+00       0      0      0      0    46571    2045     424    1059    6312    36234   28031       0
 237   1  0.162466E+08 0.465334E+04 0.6173E+02      0 0.0000E+00       0      0      0      0    46236    2121     478     990    6319    36073   28114       0
 238   1  0.163724E+08 0.470301E+04 0.6803E+02      0 0.0000E+00       0      0      0      0    47293    2144     433    1044    6151    36338   28210       0
 239   1  0.165012E+08 0.470995E+04 0.6113E+02      0 0.0000E+00       0      0      0      0    46820    2125     442     971    6315    36622   28265       0
 240   1  0.166385E+08 0.476954E+04 0.1106E+03      0 0.0000E+00       0      0      0      0    47343    2177     402     999    6344    37203   28148       0
 241   1  0.167806E+08 0.482355E+04 0.1116E+03      0 0.0000E+00       0      0      0      0    47274    2120     371    1015    6317    37454   28146       0
 242   1  0.169282E+08 0.486837E+04 0.4128E+02      0 0.0000E+00       0      0      0      0    47564    2079     420    1054    6216    37951   28448       0
 243   1  0.170833E+08 0.490457E+04 0.6325E+02      0 0.0000E+00       0      0      0      0    47503    2054     409    1013    6191    38229   28540       0
 244   1  0.172523E+08 0.493934E+04 0.2797E+02      0 0.0000E+00       0      0      0      0    47819    2109     449    1028    6436    38502   29078       0
 245   1  0.174224E+08 0.498341E+04 0.8728E+02      0 0.0000E+00       0      0      0      0    48094    2163     432    1007    6364    39073   28958       0
 246   1  0.176047E+08 0.503532E+04 0.8462E+02      0 0.0000E+00       0      0      0      0    48528    2202     416     963    6335    39280   29251       0
 247   1  0.177963E+08 0.514328E+04 0.4994E+02      0 0.0000E+00       0      0      0      0    48513    2203     398     974    6504    40132   29621       0
 248   1  0.179926E+08 0.514272E+04 0.6446E+02      0 0.0000E+00       0      0      0      0    48621    2170     392     925    6153    40310   29521       0
 249   1  0.182058E+08 0.523680E+04 0.3659E+02      0 0.0000E+00       0      0      0      0    49100    2311     430     942    6206    40737   29726       0
 250   1  0.184342E+08 0.525974E+04 0.1023E+03      0 0.0000E+00       0      0      0      0    49556    2213     389     970    6456    41117   30185       0
 251   1  0.186703E+08 0.531977E+04 0.3859E+02      0 0.0000E+00       0      0      0      0    49905    2137     415     958    6610    41540   30391       0
 252   1  0.189216E+08 0.536807E+04 0.4969E+02      0 0.0000E+00       0      0      0      0    49993    2182     425    1039    6719    42252   30621       0
 253   1  0.191894E+08 0.547163E+04 0.5041E+02      0 0.0000E+00       0      0      0      0    50549    2245     405     912    6571    43015   30617       0
 254   1  0.194695E+08 0.560371E+04 0.5421E+02      0 0.0000E+00       0      0      0      0    51164    2233     436     969    6567    43547   31169       0
 255   1  0.197741E+08 0.567448E+04 0.5160E+02      0 0.0000E+00       0      0      0      0    51898    2371     411     908    6655    44323   31669       0
 256   1  0.200937E+08 0.572965E+04 0.1830E+02      0 0.0000E+00       0      0      0      0    52433    2317     398     937    6621    45113   31943       0
 257   1  0.204361E+08 0.580001E+04 0.8060E+02      0 0.0000E+00       0      0      0      0    52641    2334     411     928    6810    46088   32215       0
 258   1  0.208106E+08 0.595611E+04 0.1193E+03      0 0.0000E+00       0      0      0      0    54120    2348     426     956    6880    46699   32943       0
 259   1  0.212094E+08 0.610080E+04 0.5170E+02      0 0.0000E+00       0      0      0      0    54550    2372     418     873    6994    47849   33329       0
 260   1  0.216389E+08 0.620458E+04 0.3706E+02      0 0.0000E+00       0      0      0      0    55440    2344     451     944    6786    48641   33519       0
 261   1  0.221160E+08 0.631116E+04 0.4888E+02      0 0.0000E+00       0      0      0      0    57076    2313     473     928    7208    49155   34222       0
 262   1  0.226286E+08 0.641369E+04 0.7638E+02      0 0.0000E+00       0      0      0      0    58621    2379     420     899    7224    50019   34522       0
 263   1  0.232050E+08 0.640257E+04 0.6175E+02      0 0.0000E+00       0      0      0      0    60572    2450     422     921    7392    50386   35462       0
 264   1  0.238344E+08 0.657806E+04 0.8426E+02      0 0.0000E+00       0      0      0      0    63365    2298     457     819    7617    51660   35871       0
 265   1  0.245433E+08 0.661135E+04 0.9658E+02      0 0.0000E+00       0      0      0      0    67023    2343     413     805    7618    52433   36489       0
 266   1  0.253473E+08 0.671430E+04 0.5661E+02      0 0.0000E+00       0      0      0      0    72154    2361     400     845    7820    52775   37752       0
 267   1  0.262627E+08 0.679666E+04 0.8571E+02      0 0.0000E+00       0      0      0      0    78519    2409     407     823    8244    53506   38880       0
 268   1  0.273188E+08 0.693151E+04 0.1045E+03      0 0.0000E+00       0      0      0      0    88871    2433     446     796    8305    54119   40236       0
 269   1  0.285450E+08 0.694234E+04 0.7796E+02      0 0.0000E+00       0      0      0      0   104438    2515     401     797    8451    54477   41994       0
 270   1  0.299804E+08 0.695529E+04 0.1803E+03      0 0.0000E+00       0      0      0      0   129213    2512     429     751    8515    54625   43632       0
 271   1  0.316920E+08 0.691113E+04 0.1564E+03      0 0.0000E+00       0      0      0      0   170586    2526     374     664    8357    54332   46596       0
 272   1  0.337174E+08 0.694506E+04 0.1903E+03      0 0.0000E+00       0      0      0      0   245222    2490     362     609    8181    53982   50601       0
 273   1  0.360160E+08 0.685608E+04 0.3535E+03      0 0.0000E+00       0      0      0      0   367828    2378     261     525    7798    52983   56669       0
 274   1  0.384486E+08 0.641665E+04 0.4636E+03      0 0.0000E+00       0      0      0      0   559270    2213     250     419    7052    50157   64301       0
 275   1  0.406707E+08 0.612221E+04 0.4984E+03      0 0.0000E+00       0      0      0      0   836031    2020     193     303    6364    47507   74708       0
 276   1  0.420637E+08 0.547539E+04 0.5294E+03      0 0.0000E+00       0      0      0      0  1179033    1735     141     265    5351    42722   86160       0
 277   1  0.419151E+08 0.467805E+04 0.4552E+03      0 0.0000E+00       0      0      0      0  1541253    1387     129     155    4446    36642   95794       0
 278   1  0.396159E+08 0.380958E+04 0.4930E+03      0 0.0000E+00       0      0      0      0  1838279    1049      95     112    3219    29796  101920       0
 279   1  0.349848E+08 0.299906E+04 0.4127E+03      0 0.0000E+00       0      0      0      0  1979887     713      87      78    2485    23597   98981       0
 280   1  0.284775E+08 0.219163E+04 0.3404E+03      0 0.0000E+00       0      0      0      0  1908029     517      59      66    1693    17024   87920       0
 281   1  0.211338E+08 0.149723E+04 0.1614E+03      0 0.0000E+00       0      0      0      0  1635210     364      86      50    1218    11712   71666       0
 282   1  0.141632E+08 0.104452E+04 0.1584E+03      0 0.0000E+00       0      0      0      0  1242591     279      53      28     893     8057   51621       0
 283   1  0.849629E+07 0.688800E+03 0.2654E+02      0 0.0000E+00       0      0      0      0   829168     223      65      32     752     5423   34110       0
 284   1  0.456052E+07 0.546135E+03 0.3100E+02      0 0.0000E+00       0      0      0      0   488672     211      51      32     617     4215   21114       0
 285   1  0.217937E+07 0.455044E+03 0.3347E+02      0 0.0000E+00       0      0      0      0   251582     202      61      39     586     3419   12306       0
 286   1  0.941379E+06 0.404605E+03 0.6535E+01      0 0.0000E+00       0      0      0      0   113969     180      53      30     588     3028    7454       0
 287   1  0.383998E+06 0.401642E+03 0.1867E+02      0 0.0000E+00       0      0      0      0    45293     184      73      30     564     3022    5202       0
 288   1  0.172484E+06 0.388453E+03 0.2806E+02      0 0.0000E+00       0      0      0      0    17086     163      65      37     586     2934    4320       0
 289   1  0.101740E+06 0.385811E+03 0.1024E+02      0 0.0000E+00       0      0      0      0     6933     202      61      33     568     2875    3966       0
 290   1  0.804330E+05 0.392896E+03 0.1023E+01      0 0.0000E+00       0      0      0      0     3920     189      45      30     566     2874    3854       0
 291   1  0.748898E+05 0.372360E+03 0.1965E+02      0 0.0000E+00       0      0      0      0     3015     200      50      28     528     2808    3767       0
 292   1  0.743833E+05 0.376008E+03 0.2191E+01      0 0.0000E+00       0      0      0      0     2821     166      59      27     534     2813    3851       0
 293   1  0.740019E+05 0.371647E+03 0.2254E+02      0 0.0000E+00       0      0      0      0     2876     190      53      30     515     2765    3676       0
 294   1  0.730444E+05 0.354159E+03 0.2853E+02      0 0.0000E+00       0      0      0      0     2893     168      56      31     549     2725    3653       0
 295   1  0.719251E+05 0.364144E+03 0.6414E+01      0 0.0000E+00       0      0      0      0     2727     171      43      22     502     2770    3705       0
 296   1  0.721046E+05 0.361479E+03 0.7647E+01      0 0.0000E+00       0      0      0      0     2775     171      52      43     509     2816    3628       0
 297   1  0.721634E+05 0.362469E+03 0.0000E+00      0 0.0000E+00       0      0      0      0     2777     174      56      32     568     2698    3731       0
 298   1  0.721664E+05 0.353324E+03 0.6466E+01      0 0.0000E+00       0      0      0      0     2721     189      61      37     543     2665    3607       0
 299   1  0.719088E+05 0.362017E+03 0.8709E+01      0 0.0000E+00       0      0      0      0     2714     159      45      26     543     2687    3547       0
 300   1  0.699698E+05 0.353666E+03 0.1780E+02      0 0.0000E+00       0      0      0      0     2704     152      39      26     499     2710    3538       0
 301   0  0.000000E+00 0.000000E+00 0.0000E+00      0 0.0000E+00       0      0      0      0        0       0       0       0       0        0       0       0
  SUMM:   0.392477E+10 0.821654E+06 0.1728E+05    105 0.1090E+04       0      0      0      0 25658723  668699  155284  329685 1753601  5940524 8358055       0
 ZONE  MED     C10     C11     N12     N13     O13     O14     O15     F17     F18
    1    1     639    1604       0     705      16     206    3649       1       2
    2    1     634    1604       1     633      10     188    3742       1       0
    3    1     680    1610       0     638       5     218    3721       0       1
    4    1     664    1597       0     693       4     212    3765       0       3
    5    1     635    1534       0     668       3     191    3623       1       1
    6    1     660    1629       0     687       4     197    3697       1       0
    7    1     612    1612       0     685       9     196    3780       0       2
    8    1     717    1605       0     686       8     176    3778       2       1
    9    1     684    1604       0     658       5     219    3671       0       0
   10    1     679    1612       0     698      12     193    3830       2       0
   11    1     666    1667       0     676       3     206    3714       1       0
   12    1     659    1663       0     680      12     191    3751       1       1
   13    1     648    1628       0     688       7     184    3717       0       1
   14    1     695    1605       1     673       5     180    3840       1       0
   15    1     677    1573       0     658       8     181    3687       0       1
   16    1     655    1640       0     724       4     208    3762       1       1
   17    1     677    1598       0     653       8     181    3881       0       0
   18    1     680    1611       0     701      10     216    3833       0       0
   19    1     658    1687       0     728       6     200    3755       0       1
   20    1     680    1667       1     685       6     221    3793       1       1
   21    1     696    1599       0     697       7     209    3848       0       0
   22    1     614    1677       0     662       9     214    3744       0       0
   23    1     684    1602       0     689       7     187    3863       3       1
   24    1     626    1732       0     689       7     181    3900       1       2
   25    1     677    1725       0     696       8     188    3726       0       0
   26    1     696    1630       0     709       7     185    3908       1       1
   27    1     662    1620       1     755       2     186    3898       1       0
   28    1     652    1734       0     695       7     190    4019       0       0
   29    1     663    1660       0     685       5     204    3881       1       0
   30    1     635    1626       1     707       6     205    3973       1       0
   31    1     642    1690       0     742       7     192    3833       1       0
   32    1     650    1664       2     732       6     188    3863       0       0
   33    1     656    1613       0     655       6     226    3866       1       0
   34    1     647    1603       0     716       3     183    3956       2       0
   35    1     682    1602       0     709      17     203    3938       2       0
   36    1     670    1640       1     716       4     199    3884       3       0
   37    1     674    1700       0     717       6     220    3871       1       0
   38    1     692    1665       0     691       5     211    3953       1       0
   39    1     675    1613       1     745       6     206    3789       1       0
   40    1     665    1639       0     762       6     211    3901       1       0
   41    1     707    1758       1     714       8     184    3968       1       0
   42    1     717    1684       0     688       4     209    3814       3       0
   43    1     637    1633       0     710       3     212    4002       1       0
   44    1     632    1668       0     724       9     216    3992       2       0
   45    1     668    1681       0     733       3     234    3937       0       0
   46    1     641    1645       1     702       5     197    3946       1       0
   47    1     671    1661       0     766       5     226    3939       0       0
   48    1     662    1643       1     743       3     190    3973       0       0
   49    1     662    1652       2     730       4     188    3980       0       1
   50    1     697    1646       0     746       3     200    3860       0       0
   51    1     723    1613       0     730       8     216    3944       1       0
   52    1     663    1609       0     715       7     206    3920       0       0
   53    1     683    1623       0     679       8     174    3948       0       0
   54    1     648    1668       0     702       2     186    3990       0       2
   55    1     629    1642       0     743       4     214    3926       0       1
   56    1     663    1677       0     755       5     205    3925       0       0
   57    1     716    1714       0     685       7     216    4000       0       0
   58    1     711    1625       0     651       8     168    3917       0       0
   59    1     624    1625       0     766       2     196    3931       2       0
   60    1     656    1626       0     760       8     210    3992       1       0
   61    1     608    1708       0     715      10     191    4035       1       2
   62    1     641    1652       0     732       8     195    4015       0       1
   63    1     666    1673       0     710       8     212    4008       0       0
   64    1     662    1659       0     741       2     181    4088       1       1
   65    1     654    1689       0     742       4     226    4073       0       0
   66    1     674    1689       0     700       4     199    3977       2       0
   67    1     667    1637       0     663      11     202    4033       0       0
   68    1     734    1660       0     761       7     208    3984       0       0
   69    1     671    1651       0     728       9     210    4008       1       0
   70    1     670    1634       0     716       5     212    3850       1       0
   71    1     674    1693       2     727       9     218    3981       0       0
   72    1     642    1714       0     693       5     165    3952       0       0
   73    1     634    1653       0     752       1     191    3968       1       1
   74    1     642    1671       0     725       3     226    3940       1       1
   75    1     660    1746       0     738       5     213    3930       0       0
   76    1     645    1710       0     708       6     244    3994       0       1
   77    1     670    1692       0     714       5     228    4013       2       1
   78    1     647    1643       0     686       8     199    3978       0       1
   79    1     714    1712       0     725       6     172    3924       1       1
   80    1     622    1660       1     681       8     215    4098       0       1
   81    1     669    1641       0     752       7     215    4074       2       0
   82    1     599    1659       0     722       3     228    4062       1       1
   83    1     679    1601       0     745       4     217    4044       1       0
   84    1     680    1654       0     749       8     199    4049       1       4
   85    1     671    1621       0     702       9     201    3968       1       0
   86    1     660    1728       0     727       7     229    4048       1       1
   87    1     659    1691       0     763       8     195    3998       1       0
   88    1     642    1618       1     737       6     223    4081       0       0
   89    1     642    1664       0     772       6     205    3953       0       3
   90    1     641    1643       0     700       5     193    3985       0       0
   91    1     689    1645       0     735       6     220    3986       1       1
   92    1     617    1705       0     712       9     226    4108       1       1
   93    1     667    1616       0     738       6     196    4143       1       2
   94    1     702    1664       0     704       8     209    4055       1       1
   95    1     656    1613       0     722       9     217    4062       3       0
   96    1     648    1700       0     728       5     222    4170       2       0
   97    1     662    1632       0     749       7     194    3952       1       0
   98    1     608    1670       1     747       4     202    4095       0       0
   99    1     662    1699       0     730       3     216    4114       2       0
  100    1     678    1648       0     707       2     216    4073       0       0
  101    1     651    1663       1     693      10     191    3909       0       1
  102    1     591    1653       0     696       6     231    4040       1       0
  103    1     631    1626       0     725      10     236    4018       2       1
  104    1     629    1670       1     758      11     219    4082       0       1
  105    1     640    1608       0     694       7     202    4001       3       1
  106    1     633    1650       0     760       5     183    4057       0       2
  107    1     620    1703       1     675       2     208    4089       0       1
  108    1     620    1688       0     767       6     208    4021       1       0
  109    1     678    1692       0     746       4     192    4215       0       1
  110    1     641    1686       0     696       5     205    3946       0       1
  111    1     572    1705       0     754       9     220    4081       0       1
  112    1     642    1585       0     663       7     180    4131       1       0
  113    1     629    1705       0     763       4     189    4151       1       0
  114    1     672    1678       2     734       2     222    4043       1       1
  115    1     669    1595       0     672      11     215    4021       1       1
  116    1     646    1621       0     741      13     226    4093       2       0
  117    1     615    1641       0     754      11     244    4148       0       0
  118    1     635    1612       0     702       4     193    4082       0       2
  119    1     687    1594       0     698       7     216    4003       0       4
  120    1     664    1662       0     742      12     212    4005       0       0
  121    1     666    1672       0     749       6     216    4040       0       1
  122    1     686    1644       0     723      10     221    4043       0       1
  123    1     592    1678       0     712       8     219    4146       1       2
  124    1     626    1665       1     728       8     218    4050       0       1
  125    1     615    1650       0     745       7     213    4094       1       0
  126    1     601    1645       1     700       4     213    4011       2       0
  127    1     627    1740       0     748      16     198    4017       0       1
  128    1     623    1588       1     723       6     220    4117       0       1
  129    1     612    1620       0     710       7     226    3984       0       0
  130    1     636    1660       0     733      10     205    3996       0       0
  131    1     616    1673       0     721       4     209    4196       3       1
  132    1     691    1585       0     744       8     188    4077       0       0
  133    1     634    1672       0     713       9     226    4150       2       1
  134    1     629    1662       0     729       2     218    4154       0       1
  135    1     627    1640       0     712       6     215    4087       2       0
  136    1     625    1640       0     735       6     195    3999       0       0
  137    1     604    1639       0     769      10     226    4011       1       1
  138    1     618    1580       0     710       3     223    4183       2       1
  139    1     643    1668       0     702       4     235    4086       1       0
  140    1     591    1639       0     658       4     203    4087       5       3
  141    1     624    1655       0     733       7     196    4022       1       1
  142    1     641    1588       0     719       6     237    4136       3       2
  143    1     617    1597       0     730       3     197    4154       1       2
  144    1     649    1657       0     704       7     219    4170       4       1
  145    1     588    1583       1     724       8     204    4028       3       0
  146    1     624    1568       1     744       6     206    3990       1       0
  147    1     607    1612       0     709       5     207    4174       1       0
  148    1     619    1677       0     679       5     227    4116       1       0
  149    1     660    1696       0     724      11     178    4259       0       1
  150    1     643    1658       2     727       2     205    4056       1       0
  151    1     624    1649       0     707       3     212    4093       0       1
  152    1     673    1657       0     706       7     222    4007       0       0
  153    1     598    1679       0     749       9     224    3997       0       1
  154    1     665    1703       0     740       9     198    4114       0       2
  155    1     641    1628       0     698       7     202    4028       2       0
  156    1     646    1677       0     718       2     201    4071       2       0
  157    1     609    1578       0     685       1     199    4126       0       0
  158    1     624    1685       0     747       8     214    4077       1       0
  159    1     625    1692       0     739       5     208    4041       2       1
  160    1     655    1536       0     752       2     220    4071       1       1
  161    1     596    1638       0     722       6     195    4101       0       0
  162    1     620    1668       0     728      10     203    3997       1       2
  163    1     570    1702       0     784       5     213    4228       1       0
  164    1     593    1597       0     743       5     179    4077       2       0
  165    1     570    1603       0     694       3     204    4113       2       1
  166    1     599    1616       0     700       8     189    4074       0       0
  167    1     630    1615       0     778       4     207    4142       0       0
  168    1     597    1593       0     724       8     201    4019       3       0
  169    1     629    1567       0     745       6     210    4190       1       1
  170    1     621    1568       1     678       3     226    3970       2       1
  171    1     572    1600       0     759       6     211    4192       0       0
  172    1     615    1569       0     755       3     232    4121       0       1
  173    1     572    1667       0     703       6     214    4111       1       1
  174    1     680    1608       0     736       6     161    4024       0       0
  175    1     619    1640       0     729      11     221    4115       2       1
  176    1     604    1572       0     670       5     203    4091       0       0
  177    1     573    1543       0     773       3     187    4096       1       1
  178    1     594    1585       0     720       7     192    3935       2       0
  179    1     584    1611       0     734       7     217    4193       0       2
  180    1     573    1598       0     707       6     220    4109       1       1
  181    1     614    1586       0     731       9     203    4060       0       1
  182    1     608    1665       0     700       8     191    4012       1       1
  183    1     607    1641       1     712       7     188    4097       0       2
  184    1     628    1542       0     697       2     212    4065       1       0
  185    1     561    1567       2     680       7     190    4128       1       1
  186    1     602    1556       0     681       7     222    4093       2       0
  187    1     620    1579       0     732      10     196    4079       0       1
  188    1     552    1520       0     770       6     194    4123       0       1
  189    1     611    1645       0     701       8     191    4057       2       1
  190    1     556    1590       0     774       8     205    4127       1       0
  191    1     589    1513       0     741       3     218    4083       0       0
  192    1     597    1520       0     714      10     197    4014       1       0
  193    1     601    1604       0     747       6     215    4164       0       1
  194    1     601    1568       0     717       5     220    4126       3       0
  195    1     567    1567       0     730       9     228    3974       1       2
  196    1     588    1578       0     712       5     198    4091       2       2
  197    1     593    1554       0     713      10     202    4022       1       0
  198    1     611    1439       1     743       6     208    4098       2       0
  199    1     598    1552       0     724       4     224    4091       1       1
  200    1     584    1506       0     724       6     207    4108       1       1
  201    1     599    1489       0     712       5     198    4176       0       0
  202    1     571    1496       1     757      14     196    4105       2       0
  203    1     530    1490       0     716       5     227    4162       0       0
  204    1     581    1524       0     732       7     196    4119       1       1
  205    1     538    1600       1     732       6     220    4168       2       1
  206    1     564    1581       0     697      11     217    4046       1       2
  207    1     589    1569       0     708       5     202    4067       0       1
  208    1     558    1567       0     735       7     176    4186       0       1
  209    1     539    1588       1     737       5     198    4194       0       2
  210    1     578    1533       0     774       2     207    4136       0       0
  211    1     565    1604       0     738       4     207    4212       3       0
  212    1     590    1605       0     759       7     223    4156       0       1
  213    1     571    1539       0     722      12     196    4248       0       0
  214    1     583    1545       0     731       4     203    4208       0       1
  215    1     540    1536       0     650       9     233    4172       2       0
  216    1     532    1522       0     748       9     183    4239       2       0
  217    1     542    1502       0     759       5     176    4363       1       1
  218    1     523    1498       0     725      10     233    4374       2       2
  219    1     540    1548       0     732       8     200    4189       0       1
  220    1     562    1499       0     711       1     203    4286       2       1
  221    1     559    1482       0     748       9     197    4344       1       0
  222    1     569    1516       0     771       5     219    4257       2       3
  223    1     541    1550       0     765       9     205    4333       1       1
  224    1     543    1509       0     733       6     243    4227       0       0
  225    1     533    1470       0     765      10     219    4316       1       0
  226    1     521    1533       0     748       4     201    4452       0       2
  227    1     539    1478       0     730      10     245    4422       1       0
  228    1     536    1537       0     729       4     214    4315       2       0
  229    1     513    1466       0     749      10     198    4455       2       0
  230    1     540    1526       0     793       5     203    4331       1       0
  231    1     511    1487       2     746      12     231    4263       0       0
  232    1     536    1456       0     766       7     217    4193       3       3
  233    1     497    1420       0     808       6     221    4353       1       3
  234    1     488    1397       0     743       8     237    4300       2       0
  235    1     509    1520       0     721       6     208    4364       1       1
  236    1     529    1452       0     697       6     195    4461       0       1
  237    1     554    1492       0     748       6     222    4409       1       2
  238    1     481    1431       0     803       8     241    4553       0       0
  239    1     449    1418       1     757       5     223    4475       0       2
  240    1     509    1448       0     799       7     223    4482       1       1
  241    1     500    1430       0     762       6     223    4521       2       4
  242    1     514    1492       0     704       7     221    4451       1       0
  243    1     447    1391       0     818       5     196    4666       2       3
  244    1     465    1404       0     809       7     228    4742       1       1
  245    1     428    1439       0     802       4     273    4665       0       1
  246    1     458    1360       0     811      13     241    4777       3       2
  247    1     468    1389       1     828       4     253    4837       2       0
  248    1     474    1335       0     781       6     233    4848       1       0
  249    1     467    1292       0     793       6     254    4879       1       1
  250    1     466    1356       0     789       7     259    5037       0       3
  251    1     457    1367       1     794       6     257    5226       1       2
  252    1     478    1304       1     795       9     233    5163       1       2
  253    1     461    1248       0     847       3     263    5214       0       5
  254    1     462    1230       0     821       4     232    5378       2       0
  255    1     403    1206       0     911       3     240    5337       5       2
  256    1     407    1128       1     899       4     304    5549       2       1
  257    1     382    1144       0     854       4     259    5669       5       0
  258    1     402    1086       0     883       6     257    5806       3       4
  259    1     359    1105       0     873       2     280    5940       0       1
  260    1     350     959       0     862       4     316    6051       3       2
  261    1     360    1028       0     870       4     287    6123       1       4
  262    1     303     882       0     892       2     304    6303       3       2
  263    1     268     886       0     849       2     321    6544       2       0
  264    1     222     784       0     807       0     333    6752       2       2
  265    1     178     782       1     773       0     332    6881       1       3
  266    1     156     713       0     745       0     310    7022       3       0
  267    1     136     650       0     706       2     344    7036       1       4
  268    1     101     562       0     684       0     299    7378       1       3
  269    1      77     465       0     653       0     304    7473       1       1
  270    1      40     387       0     585       0     293    7492       0       4
  271    1      32     328       0     477       0     284    7485       2       1
  272    1      20     250       0     460       0     246    7540       1       3
  273    1       7     179       0     369       0     180    7063       1       4
  274    1       6     125       0     335       0     170    6375       5      10
  275    1       8      87       0     276       0     106    5621       1       6
  276    1       6      64       0     287       0      77    4617       6      13
  277    1      10      46       0     241       0      51    3594       6       4
  278    1       2      27       0     223       0      31    2659       5      11
  279    1       7      41       0     196       0      19    1686       3       9
  280    1       5      31       0     134       0      10    1068       7       6
  281    1       7      36       0      84       0      12     707       9       2
  282    1       4      38       0      59       0       2     410       5       1
  283    1       4      43       0      23       0       4     247       1       0
  284    1       4      36       0      19       0       5     208       0       1
  285    1       8      55       0      23       0       1     177       2       0
  286    1       2      40       0      10       0       0     137       0       0
  287    1       2      35       0      15       0       1     112       0       0
  288    1      10      33       0      16       0       3     136       0       0
  289    1       4      31       0      17       0       2     150       0       0
  290    1       3      33       0      10       0       3     128       0       0
  291    1       7      39       0      18       0       4     183       0       0
  292    1       4      40       0      15       0       1     151       0       0
  293    1       3      35       0       8       1       3     141       0       0
  294    1       4      36       0      16       0       3     136       0       0
  295    1       4      32       0      11       0       2     148       0       0
  296    1       5      34       0       4       0       1     133       0       0
  297    1       2      30       0      13       0       2     131       0       0
  298    1       7      39       0      13       0       3     138       0       0
  299    1       0      33       0      11       0       6     137       0       1
  300    1       5      26       0      18       0       3     126       0       0
  301    0       0       0       0       0       0       0       0       0       0
   SUM ==>  160686  422488      47  200677    1679   59018 1194695     315     285
