20000000
300
 ZONE MED   LOSS(MEV)      (MEV)    EXCITATION    PI0   (MEV)        PI+     K+    MU-    MU+     PROT    DEUT    TRIT     HE3    ALPH     ELSC    INEL    FISS
   1   1  0.899661E+07 0.127496E+04 0.1299E+02      4 0.5317E+02       0      0      0      0     9340    1966     520    1241    5444     7076   21974       0
   2   1  0.909517E+07 0.127205E+04 0.6132E+01      4 0.3207E+02       0      0      0      0    12523    2272     639    1262    5521     7206   22448       0
   3   1  0.916425E+07 0.126721E+04 0.2648E+02      4 0.4324E+02       0      0      0      0    14156    2295     579    1313    5543     7288   22523       0
   4   1  0.922684E+07 0.133889E+04 0.6423E+02      5 0.6928E+02       0      0      0      0    15552    2366     638    1339    5596     7721   22948       0
   5   1  0.927961E+07 0.130930E+04 0.3680E+02      4 0.7240E+02       0      0      0      0    16829    2530     607    1304    5679     7730   22934       0
   6   1  0.932090E+07 0.133192E+04 0.8184E+01      2 0.2143E+02       0      0      0      0    17473    2494     608    1256    5618     7797   23081       0
   7   1  0.936560E+07 0.135799E+04 0.1417E+02      5 0.1032E+03       0      0      0      0    18088    2450     602    1324    5846     7669   23394       0
   8   1  0.940608E+07 0.137154E+04 0.2048E+02      1 0.3322E+01       0      0      0      0    18817    2450     617    1251    5719     7910   23131       0
   9   1  0.944610E+07 0.137119E+04 0.2580E+02      4 0.9648E+02       0      0      0      0    19434    2525     671    1268    5861     7919   23567       0
  10   1  0.948146E+07 0.136192E+04 0.2070E+02      2 0.7442E+02       0      0      0      0    19800    2375     576    1335    5594     8025   23405       0
  11   1  0.951669E+07 0.140368E+04 0.6070E+02      2 0.3138E+02       0      0      0      0    20488    2519     617    1345    5716     8250   23488       0
  12   1  0.954967E+07 0.142422E+04 0.4484E+02      0 0.0000E+00       0      0      0      0    20810    2493     676    1257    5828     8378   23666       0
  13   1  0.958530E+07 0.139488E+04 0.1416E+02      4 0.3740E+02       0      0      0      0    21254    2394     623    1259    6056     8263   23918       0
  14   1  0.961036E+07 0.143001E+04 0.5039E+02      4 0.5198E+02       0      0      0      0    21610    2473     598    1363    5752     8307   23807       0
  15   1  0.964659E+07 0.140286E+04 0.3389E+02      1 0.9646E+01       0      0      0      0    21763    2507     609    1361    5888     8637   23784       0
  16   1  0.967714E+07 0.144585E+04 0.2954E+02      3 0.6030E+02       0      0      0      0    22706    2498     646    1356    5966     8612   24169       0
  17   1  0.970447E+07 0.148555E+04 0.2069E+02      1 0.1110E+02       0      0      0      0    22761    2492     631    1300    5890     8738   24044       0
  18   1  0.973287E+07 0.145580E+04 0.3957E+02      4 0.3869E+02       0      0      0      0    22965    2517     602    1372    6148     8685   24129       0
  19   1  0.975541E+07 0.145708E+04 0.3845E+02      1 0.1483E+02       0      0      0      0    23167    2488     673    1329    5968     8858   24017       0
  20   1  0.978449E+07 0.146203E+04 0.3964E+02      2 0.1295E+02       0      0      0      0    23589    2486     649    1293    6035     8946   24290       0
  21   1  0.980908E+07 0.147114E+04 0.7119E+02      1 0.4961E+01       0      0      0      0    23777    2517     601    1329    5935     8933   24417       0
  22   1  0.984193E+07 0.147802E+04 0.2465E+02      1 0.1831E+02       0      0      0      0    24188    2495     665    1400    5994     8775   24453       0
  23   1  0.986799E+07 0.153934E+04 0.6628E+02      7 0.5975E+02       0      0      0      0    24594    2581     646    1258    6063     9272   24581       0
  24   1  0.989808E+07 0.152513E+04 0.7347E+02      2 0.7239E+01       0      0      0      0    25091    2601     644    1330    5870     9222   24826       0
  25   1  0.992286E+07 0.151133E+04 0.4359E+02      0 0.0000E+00       0      0      0      0    25464    2621     642    1335    5977     9097   24540       0
  26   1  0.994186E+07 0.154288E+04 0.2430E+02      1 0.1539E+00       0      0      0      0    25213    2442     650    1278    5898     9345   24711       0
  27   1  0.997463E+07 0.155244E+04 0.4806E+02      1 0.6287E+01       0      0      0      0    25952    2502     605    1300    6102     9460   24852       0
  28   1  0.100002E+08 0.156275E+04 0.3740E+02      1 0.4688E+01       0      0      0      0    26006    2607     651    1352    6133     9554   24839       0
  29   1  0.100189E+08 0.155812E+04 0.2809E+02      2 0.1816E+02       0      0      0      0    26188    2504     637    1355    5958     9597   24757       0
  30   1  0.100403E+08 0.159436E+04 0.5616E+02      4 0.5783E+02       0      0      0      0    26278    2508     621    1285    5824     9614   24757       0
  31   1  0.100698E+08 0.157795E+04 0.3344E+02      1 0.1177E+02       0      0      0      0    26576    2534     668    1286    6076     9685   25214       0
  32   1  0.100990E+08 0.156557E+04 0.5205E+02      1 0.2773E+01       0      0      0      0    26941    2585     648    1374    6027     9702   25151       0
  33   1  0.101180E+08 0.163655E+04 0.1968E+02      1 0.8770E+01       0      0      0      0    27241    2639     680    1298    5937    10023   25175       0
  34   1  0.101363E+08 0.160807E+04 0.4932E+02      1 0.5659E+01       0      0      0      0    27466    2521     642    1320    6009     9884   25054       0
  35   1  0.101567E+08 0.164368E+04 0.4059E+02      4 0.2300E+02       0      0      0      0    27240    2579     652    1322    6118     9978   25078       0
  36   1  0.101899E+08 0.161215E+04 0.2743E+02      0 0.0000E+00       0      0      0      0    27747    2648     650    1388    6145     9983   25644       0
  37   1  0.102043E+08 0.166404E+04 0.5580E+02      1 0.2665E+01       0      0      0      0    28110    2480     630    1318    5999     9973   25292       0
  38   1  0.102283E+08 0.165624E+04 0.4415E+02      1 0.1902E+02       0      0      0      0    27956    2510     665    1358    6185    10199   25542       0
  39   1  0.102524E+08 0.163733E+04 0.9635E+01      2 0.2702E+02       0      0      0      0    28194    2485     638    1303    6149    10142   25649       0
  40   1  0.102721E+08 0.160750E+04 0.9380E+02      3 0.7294E+01       0      0      0      0    28552    2452     660    1261    6051    10120   25415       0
  41   1  0.102921E+08 0.162741E+04 0.4045E+02      3 0.1959E+02       0      0      0      0    28323    2535     644    1309    6051    10292   25273       0
  42   1  0.103125E+08 0.166572E+04 0.3393E+02      1 0.1064E+02       0      0      0      0    28527    2589     640    1372    5964    10377   25232       0
  43   1  0.103357E+08 0.167086E+04 0.3540E+02      0 0.0000E+00       0      0      0      0    29063    2550     612    1295    6102    10448   25567       0
  44   1  0.103565E+08 0.171886E+04 0.2056E+02      0 0.0000E+00       0      0      0      0    29268    2524     655    1355    6130    10641   25556       0
  45   1  0.103740E+08 0.169746E+04 0.5170E+02      3 0.1859E+02       0      0      0      0    29170    2537     683    1212    6034    10520   25513       0
  46   1  0.103957E+08 0.168039E+04 0.5158E+02      0 0.0000E+00       0      0      0      0    29333    2558     606    1323    6041    10474   25678       0
  47   1  0.104178E+08 0.171950E+04 0.3149E+02      0 0.0000E+00       0      0      0      0    29733    2561     644    1259    6274    10703   25665       0
  48   1  0.104405E+08 0.171055E+04 0.6042E+02      0 0.0000E+00       0      0      0      0    29769    2397     630    1361    6092    10833   25811       0
  49   1  0.104651E+08 0.169668E+04 0.2245E+02      0 0.0000E+00       0      0      0      0    30174    2631     694    1257    6130    10761   25804       0
  50   1  0.104821E+08 0.168668E+04 0.3449E+02      0 0.0000E+00       0      0      0      0    30079    2609     654    1272    6077    10773   25862       0
  51   1  0.105065E+08 0.169568E+04 0.6555E+02      0 0.0000E+00       0      0      0      0    30539    2615     602    1325    6039    10655   26094       0
  52   1  0.105205E+08 0.175625E+04 0.9046E+01      0 0.0000E+00       0      0      0      0    30735    2541     660    1350    6050    11016   25882       0
  53   1  0.105410E+08 0.174621E+04 0.3102E+02      1 0.2523E+01       0      0      0      0    30589    2525     612    1358    6065    11042   26011       0
  54   1  0.105602E+08 0.174732E+04 0.3560E+02      0 0.0000E+00       0      0      0      0    30946    2536     652    1314    6172    11037   25805       0
  55   1  0.105792E+08 0.177854E+04 0.2949E+02      0 0.0000E+00       0      0      0      0    30648    2595     627    1306    6199    11303   25932       0
  56   1  0.105985E+08 0.172190E+04 0.3919E+02      0 0.0000E+00       0      0      0      0    30966    2561     616    1256    6206    11162   26142       0
  57   1  0.106204E+08 0.176605E+04 0.6430E+02      0 0.0000E+00       0      0      0      0    31158    2632     656    1356    6153    11276   25886       0
  58   1  0.106373E+08 0.176876E+04 0.2951E+02      0 0.0000E+00       0      0      0      0    31126    2571     618    1247    6221    11195   26309       0
  59   1  0.106588E+08 0.178992E+04 0.3565E+02      0 0.0000E+00       0      0      0      0    31855    2568     657    1310    5959    11490   26160       0
  60   1  0.106759E+08 0.174778E+04 0.2497E+02      1 0.1292E+01       0      0      0      0    31678    2447     637    1398    6087    11185   25948       0
  61   1  0.106945E+08 0.181911E+04 0.6736E+02      0 0.0000E+00       0      0      0      0    31812    2561     650    1384    6108    11414   26350       0
  62   1  0.107102E+08 0.178076E+04 0.5497E+02      0 0.0000E+00       0      0      0      0    31717    2445     599    1328    6317    11396   25937       0
  63   1  0.107341E+08 0.182610E+04 0.3008E+02      0 0.0000E+00       0      0      0      0    32028    2655     638    1402    6382    11625   26484       0
  64   1  0.107489E+08 0.180629E+04 0.3548E+02      0 0.0000E+00       0      0      0      0    32313    2493     616    1327    5940    11750   26157       0
  65   1  0.107700E+08 0.181327E+04 0.4113E+02      0 0.0000E+00       0      0      0      0    32218    2590     628    1286    6308    11382   26537       0
  66   1  0.107818E+08 0.186763E+04 0.4354E+02      1 0.7795E+01       0      0      0      0    32210    2529     621    1280    6271    11905   26161       0
  67   1  0.108025E+08 0.183329E+04 0.3513E+02      0 0.0000E+00       0      0      0      0    32593    2515     565    1314    6014    11895   26361       0
  68   1  0.108195E+08 0.179812E+04 0.1860E+02      0 0.0000E+00       0      0      0      0    32545    2458     621    1285    6279    11546   26172       0
  69   1  0.108416E+08 0.190062E+04 0.1238E+02      0 0.0000E+00       0      0      0      0    32948    2614     584    1349    6138    11870   26542       0
  70   1  0.108566E+08 0.186548E+04 0.3293E+02      0 0.0000E+00       0      0      0      0    32642    2558     627    1302    6372    11925   26438       0
  71   1  0.108763E+08 0.185406E+04 0.4112E+02      0 0.0000E+00       0      0      0      0    33269    2480     654    1278    6037    11877   26349       0
  72   1  0.108934E+08 0.187574E+04 0.6669E+02      0 0.0000E+00       0      0      0      0    33083    2505     659    1295    6307    11906   26584       0
  73   1  0.109119E+08 0.186321E+04 0.3929E+02      0 0.0000E+00       0      0      0      0    33299    2456     638    1313    6331    12014   26631       0
  74   1  0.109289E+08 0.191349E+04 0.5804E+02      0 0.0000E+00       0      0      0      0    33220    2521     629    1336    6223    12197   26629       0
  75   1  0.109441E+08 0.186731E+04 0.2644E+02      0 0.0000E+00       0      0      0      0    33299    2540     676    1301    6160    12143   26376       0
  76   1  0.109646E+08 0.187822E+04 0.7416E+02      0 0.0000E+00       0      0      0      0    33384    2607     652    1315    6266    12151   26667       0
  77   1  0.109873E+08 0.191055E+04 0.5450E+02      0 0.0000E+00       0      0      0      0    33790    2568     641    1359    6263    12231   26686       0
  78   1  0.110006E+08 0.192246E+04 0.2067E+02      0 0.0000E+00       0      0      0      0    33411    2572     676    1362    6261    12371   26664       0
  79   1  0.110210E+08 0.191637E+04 0.4784E+02      0 0.0000E+00       0      0      0      0    33949    2550     650    1393    6238    12396   26866       0
  80   1  0.110356E+08 0.197709E+04 0.3682E+02      1 0.3413E+01       0      0      0      0    33894    2646     599    1349    6244    12688   26658       0
  81   1  0.110545E+08 0.187963E+04 0.6605E+02      0 0.0000E+00       0      0      0      0    33956    2562     613    1285    6207    12184   26622       0
  82   1  0.110761E+08 0.191985E+04 0.4827E+02      0 0.0000E+00       0      0      0      0    34005    2595     614    1341    6475    12276   26841       0
  83   1  0.110894E+08 0.194823E+04 0.1879E+02      0 0.0000E+00       0      0      0      0    34223    2578     639    1309    6074    12806   26462       0
  84   1  0.111035E+08 0.192426E+04 0.3979E+02      0 0.0000E+00       0      0      0      0    34331    2612     618    1284    6261    12550   26687       0
  85   1  0.111212E+08 0.191404E+04 0.3024E+02      0 0.0000E+00       0      0      0      0    34323    2497     635    1367    6318    12614   26678       0
  86   1  0.111397E+08 0.194376E+04 0.5202E+02      0 0.0000E+00       0      0      0      0    34286    2609     606    1352    6235    12669   26535       0
  87   1  0.111559E+08 0.192077E+04 0.4164E+02      0 0.0000E+00       0      0      0      0    34790    2583     622    1267    6101    12532   26704       0
  88   1  0.111667E+08 0.195798E+04 0.4090E+02      0 0.0000E+00       0      0      0      0    34342    2450     661    1233    6238    12921   26236       0
  89   1  0.111842E+08 0.193794E+04 0.2807E+02      0 0.0000E+00       0      0      0      0    34433    2525     595    1272    6256    12685   26316       0
  90   1  0.112017E+08 0.199772E+04 0.7740E+02      0 0.0000E+00       0      0      0      0    34636    2571     637    1318    6103    13129   26797       0
  91   1  0.112256E+08 0.198735E+04 0.4752E+02      0 0.0000E+00       0      0      0      0    35201    2449     618    1320    6289    13060   26922       0
  92   1  0.112413E+08 0.199189E+04 0.3863E+02      0 0.0000E+00       0      0      0      0    35069    2486     619    1375    6254    13022   26927       0
  93   1  0.112628E+08 0.200164E+04 0.3000E+02      0 0.0000E+00       0      0      0      0    35181    2562     656    1350    6249    13210   27105       0
  94   1  0.112787E+08 0.202949E+04 0.3007E+02      0 0.0000E+00       0      0      0      0    35283    2595     633    1262    6230    13172   26917       0
  95   1  0.112918E+08 0.199430E+04 0.8283E+02      0 0.0000E+00       0      0      0      0    35366    2521     579    1234    6093    13061   26495       0
  96   1  0.113074E+08 0.200849E+04 0.4521E+02      0 0.0000E+00       0      0      0      0    35529    2407     686    1325    6171    13463   26836       0
  97   1  0.113243E+08 0.201735E+04 0.2928E+02      0 0.0000E+00       0      0      0      0    35222    2493     651    1316    6362    13368   26958       0
  98   1  0.113420E+08 0.202256E+04 0.8504E+02      0 0.0000E+00       0      0      0      0    35629    2579     604    1330    6245    13371   26871       0
  99   1  0.113596E+08 0.203586E+04 0.4782E+02      0 0.0000E+00       0      0      0      0    35294    2535     604    1310    6285    13399   26708       0
 100   1  0.113758E+08 0.204495E+04 0.3252E+02      0 0.0000E+00       0      0      0      0    35787    2471     660    1274    6210    13559   26935       0
 101   1  0.113892E+08 0.203594E+04 0.3581E+02      0 0.0000E+00       0      0      0      0    35931    2481     606    1287    6113    13402   26852       0
 102   1  0.114089E+08 0.205527E+04 0.9305E+02      0 0.0000E+00       0      0      0      0    35845    2534     606    1288    6346    13772   26787       0
 103   1  0.114195E+08 0.206020E+04 0.5661E+02      0 0.0000E+00       0      0      0      0    35875    2465     615    1258    6180    13632   26804       0
 104   1  0.114374E+08 0.205805E+04 0.6673E+02      1 0.2348E+02       0      0      0      0    35877    2569     620    1290    6384    13743   26703       0
 105   1  0.114521E+08 0.204626E+04 0.8082E+02      0 0.0000E+00       0      0      0      0    35845    2572     622    1287    6313    13572   26663       0
 106   1  0.114727E+08 0.202700E+04 0.6988E+02      0 0.0000E+00       0      0      0      0    36170    2571     632    1269    6196    13738   27059       0
 107   1  0.114863E+08 0.213304E+04 0.5191E+02      0 0.0000E+00       0      0      0      0    36136    2457     634    1237    6177    13940   26843       0
 108   1  0.115007E+08 0.210319E+04 0.5769E+02      0 0.0000E+00       0      0      0      0    36143    2581     551    1217    6257    14146   26642       0
 109   1  0.115223E+08 0.211000E+04 0.2108E+02      0 0.0000E+00       0      0      0      0    36476    2446     636    1332    6298    14000   26991       0
 110   1  0.115341E+08 0.214474E+04 0.7452E+02      0 0.0000E+00       0      0      0      0    36622    2573     605    1247    6273    14233   26802       0
 111   1  0.115464E+08 0.209697E+04 0.2034E+02      0 0.0000E+00       0      0      0      0    36286    2484     604    1336    6217    14020   26960       0
 112   1  0.115673E+08 0.208549E+04 0.3764E+01      0 0.0000E+00       0      0      0      0    36568    2555     594    1297    6179    14389   26689       0
 113   1  0.115777E+08 0.214278E+04 0.5069E+02      0 0.0000E+00       0      0      0      0    36551    2441     601    1326    6264    14377   26984       0
 114   1  0.115937E+08 0.212657E+04 0.7010E+01      0 0.0000E+00       0      0      0      0    36407    2482     604    1261    6158    14306   26683       0
 115   1  0.116077E+08 0.215839E+04 0.6189E+02      0 0.0000E+00       0      0      0      0    36502    2486     590    1324    6175    14524   26841       0
 116   1  0.116246E+08 0.216038E+04 0.1470E+02      0 0.0000E+00       0      0      0      0    36638    2543     586    1272    6151    14670   26857       0
 117   1  0.116380E+08 0.218488E+04 0.5526E+02      0 0.0000E+00       0      0      0      0    37081    2540     598    1247    6081    14896   26951       0
 118   1  0.116540E+08 0.219504E+04 0.6629E+02      0 0.0000E+00       0      0      0      0    36811    2436     556    1306    6200    14963   27066       0
 119   1  0.116726E+08 0.222521E+04 0.3430E+02      0 0.0000E+00       0      0      0      0    37014    2437     621    1230    6163    14954   26714       0
 120   1  0.116885E+08 0.221439E+04 0.3924E+02      0 0.0000E+00       0      0      0      0    37199    2407     603    1318    6233    14815   26939       0
 121   1  0.117053E+08 0.219074E+04 0.1793E+02      0 0.0000E+00       0      0      0      0    37287    2481     601    1304    6148    15069   26662       0
 122   1  0.117141E+08 0.221675E+04 0.5389E+02      0 0.0000E+00       0      0      0      0    37194    2502     578    1330    6026    15162   26883       0
 123   1  0.117310E+08 0.227620E+04 0.2502E+02      0 0.0000E+00       0      0      0      0    37087    2391     631    1225    6183    15360   26723       0
 124   1  0.117458E+08 0.226013E+04 0.3743E+02      0 0.0000E+00       0      0      0      0    37006    2483     595    1339    6194    15351   26681       0
 125   1  0.117665E+08 0.223088E+04 0.2453E+02      0 0.0000E+00       0      0      0      0    37800    2521     641    1233    6142    15314   27049       0
 126   1  0.117841E+08 0.226764E+04 0.5266E+02      0 0.0000E+00       0      0      0      0    37475    2393     622    1297    6155    15451   26973       0
 127   1  0.118045E+08 0.229452E+04 0.4844E+02      0 0.0000E+00       0      0      0      0    37351    2447     616    1287    6192    15625   26800       0
 128   1  0.118181E+08 0.227501E+04 0.5629E+02      0 0.0000E+00       0      0      0      0    37661    2481     589    1245    6105    15506   26438       0
 129   1  0.118364E+08 0.231855E+04 0.4217E+02      0 0.0000E+00       0      0      0      0    37287    2453     602    1272    6071    15947   26784       0
 130   1  0.118617E+08 0.233011E+04 0.7099E+02      0 0.0000E+00       0      0      0      0    37787    2541     597    1279    6193    16075   26958       0
 131   1  0.118806E+08 0.229706E+04 0.7422E+02      0 0.0000E+00       0      0      0      0    38119    2474     602    1280    6341    15686   27256       0
 132   1  0.118961E+08 0.228508E+04 0.4499E+02      0 0.0000E+00       0      0      0      0    37548    2560     581    1307    6266    15966   27024       0
 133   1  0.119125E+08 0.235714E+04 0.4286E+02      0 0.0000E+00       0      0      0      0    38042    2462     546    1326    6201    16082   26954       0
 134   1  0.119373E+08 0.232187E+04 0.6510E+02      0 0.0000E+00       0      0      0      0    38409    2459     592    1379    6373    15815   27337       0
 135   1  0.119474E+08 0.231887E+04 0.9428E+02      0 0.0000E+00       0      0      0      0    38527    2440     634    1273    6264    16159   26864       0
 136   1  0.119622E+08 0.233257E+04 0.5766E+02      0 0.0000E+00       0      0      0      0    38279    2552     600    1278    6167    15966   26861       0
 137   1  0.119755E+08 0.231299E+04 0.3138E+02      0 0.0000E+00       0      0      0      0    38126    2432     567    1248    6088    16068   27062       0
 138   1  0.119967E+08 0.229589E+04 0.3287E+02      0 0.0000E+00       0      0      0      0    38187    2404     590    1298    6369    15938   27057       0
 139   1  0.120172E+08 0.230893E+04 0.5259E+02      0 0.0000E+00       0      0      0      0    38790    2456     618    1251    6181    16098   27256       0
 140   1  0.120293E+08 0.234020E+04 0.4331E+02      0 0.0000E+00       0      0      0      0    39000    2453     633    1258    6365    16307   27074       0
 141   1  0.120397E+08 0.240306E+04 0.6243E+02      0 0.0000E+00       0      0      0      0    38877    2510     561    1242    6236    16529   27223       0
 142   1  0.120516E+08 0.239452E+04 0.6911E+02      0 0.0000E+00       0      0      0      0    38560    2400     616    1228    6253    16569   27011       0
 143   1  0.120714E+08 0.237926E+04 0.5026E+02      0 0.0000E+00       0      0      0      0    38725    2484     587    1285    6277    16769   26978       0
 144   1  0.120851E+08 0.240384E+04 0.1594E+02      0 0.0000E+00       0      0      0      0    38569    2402     554    1311    6188    16553   27114       0
 145   1  0.121015E+08 0.242437E+04 0.4847E+02      0 0.0000E+00       0      0      0      0    39161    2472     605    1220    6359    16804   27350       0
 146   1  0.121133E+08 0.246525E+04 0.4150E+02      0 0.0000E+00       0      0      0      0    38891    2425     588    1257    6346    17205   27152       0
 147   1  0.121264E+08 0.247274E+04 0.3204E+02      0 0.0000E+00       0      0      0      0    38933    2518     588    1262    6416    17097   27180       0
 148   1  0.121383E+08 0.239918E+04 0.3480E+02      0 0.0000E+00       0      0      0      0    39272    2554     593    1228    6173    16937   27068       0
 149   1  0.121522E+08 0.246764E+04 0.2878E+02      0 0.0000E+00       0      0      0      0    39072    2469     535    1266    6221    17353   27151       0
 150   1  0.121641E+08 0.246974E+04 0.4687E+02      0 0.0000E+00       0      0      0      0    39074    2400     552    1269    5956    17409   26851       0
 151   1  0.121898E+08 0.247076E+04 0.6204E+02      0 0.0000E+00       0      0      0      0    39321    2370     587    1252    6265    17424   27396       0
 152   1  0.122127E+08 0.250295E+04 0.3381E+02      0 0.0000E+00       0      0      0      0    39046    2368     616    1231    5956    17704   26670       0
 153   1  0.122588E+08 0.250033E+04 0.4913E+02      0 0.0000E+00       0      0      0      0    39625    2447     606    1243    6349    17429   27218       0
 154   1  0.122946E+08 0.253721E+04 0.2711E+02      0 0.0000E+00       0      0      0      0    39234    2348     607    1251    6254    17831   26797       0
 155   1  0.123413E+08 0.254844E+04 0.8362E+02      0 0.0000E+00       0      0      0      0    39309    2421     552    1258    6278    17897   26918       0
 156   1  0.123931E+08 0.254738E+04 0.3974E+02      0 0.0000E+00       0      0      0      0    39832    2451     575    1266    6242    18123   27182       0
 157   1  0.124363E+08 0.257069E+04 0.5508E+02      0 0.0000E+00       0      0      0      0    40100    2436     607    1234    6281    18141   27320       0
 158   1  0.124656E+08 0.258444E+04 0.6314E+02      0 0.0000E+00       0      0      0      0    39785    2415     568    1229    6317    18257   27031       0
 159   1  0.124948E+08 0.258755E+04 0.3112E+02      0 0.0000E+00       0      0      0      0    39705    2406     609    1276    6318    18371   26981       0
 160   1  0.125239E+08 0.262547E+04 0.7968E+02      0 0.0000E+00       0      0      0      0    39883    2424     547    1257    6218    18760   27176       0
 161   1  0.125467E+08 0.263756E+04 0.3240E+02      0 0.0000E+00       0      0      0      0    39534    2437     570    1267    6236    18647   27117       0
 162   1  0.125720E+08 0.260658E+04 0.4286E+02      0 0.0000E+00       0      0      0      0    40229    2365     561    1277    6292    18739   27161       0
 163   1  0.125911E+08 0.262170E+04 0.3176E+02      0 0.0000E+00       0      0      0      0    39826    2342     545    1287    6025    18741   26969       0
 164   1  0.126188E+08 0.270945E+04 0.2896E+02      0 0.0000E+00       0      0      0      0    39977    2403     596    1183    6157    19135   27049       0
 165   1  0.126400E+08 0.263202E+04 0.8058E+02      0 0.0000E+00       0      0      0      0    40008    2405     598    1215    6044    18975   27080       0
 166   1  0.126709E+08 0.274768E+04 0.3962E+02      0 0.0000E+00       0      0      0      0    40221    2388     584    1252    6298    19456   27255       0
 167   1  0.126956E+08 0.273715E+04 0.5202E+02      0 0.0000E+00       0      0      0      0    40190    2455     578    1266    6295    19582   27250       0
 168   1  0.127195E+08 0.272376E+04 0.4691E+02      0 0.0000E+00       0      0      0      0    40315    2351     563    1239    6315    19469   27131       0
 169   1  0.127455E+08 0.272424E+04 0.6184E+02      0 0.0000E+00       0      0      0      0    40328    2381     583    1239    6268    19801   27150       0
 170   1  0.127692E+08 0.278135E+04 0.3217E+02      0 0.0000E+00       0      0      0      0    40252    2383     583    1259    6265    19945   26994       0
 171   1  0.127993E+08 0.280285E+04 0.1865E+02      0 0.0000E+00       0      0      0      0    40834    2363     544    1206    6224    20143   27167       0
 172   1  0.128220E+08 0.285456E+04 0.2295E+02      0 0.0000E+00       0      0      0      0    40749    2341     539    1251    6156    20216   27016       0
 173   1  0.128468E+08 0.276217E+04 0.3856E+02      0 0.0000E+00       0      0      0      0    40227    2434     554    1255    6212    20345   27053       0
 174   1  0.128747E+08 0.284739E+04 0.4823E+02      0 0.0000E+00       0      0      0      0    40407    2298     539    1195    6161    20284   26872       0
 175   1  0.129022E+08 0.289412E+04 0.2250E+02      0 0.0000E+00       0      0      0      0    40771    2295     523    1280    6084    20836   26899       0
 176   1  0.129322E+08 0.286134E+04 0.3969E+02      0 0.0000E+00       0      0      0      0    40730    2339     512    1204    6169    20784   26921       0
 177   1  0.129600E+08 0.286682E+04 0.4462E+02      0 0.0000E+00       0      0      0      0    40957    2330     586    1177    6153    20739   26787       0
 178   1  0.129867E+08 0.284335E+04 0.5656E+02      0 0.0000E+00       0      0      0      0    40833    2363     525    1193    6244    20713   27029       0
 179   1  0.130152E+08 0.292947E+04 0.7726E+01      0 0.0000E+00       0      0      0      0    41005    2326     551    1228    6165    21172   27017       0
 180   1  0.130487E+08 0.294995E+04 0.3496E+02      0 0.0000E+00       0      0      0      0    41406    2346     592    1167    6285    21316   27090       0
 181   1  0.130741E+08 0.294962E+04 0.5196E+02      0 0.0000E+00       0      0      0      0    41077    2367     562    1224    6186    21617   26949       0
 182   1  0.131025E+08 0.297009E+04 0.3209E+02      0 0.0000E+00       0      0      0      0    41258    2317     546    1205    6347    21782   26965       0
 183   1  0.131393E+08 0.299175E+04 0.3106E+02      0 0.0000E+00       0      0      0      0    41292    2391     535    1224    6207    22024   27086       0
 184   1  0.131685E+08 0.295939E+04 0.3909E+02      0 0.0000E+00       0      0      0      0    41306    2314     588    1225    6251    21807   27192       0
 185   1  0.131965E+08 0.301614E+04 0.4247E+02      0 0.0000E+00       0      0      0      0    41496    2311     576    1195    6005    22213   26838       0
 186   1  0.132322E+08 0.307042E+04 0.4708E+02      0 0.0000E+00       0      0      0      0    41477    2228     557    1176    6171    22251   27239       0
 187   1  0.132648E+08 0.310171E+04 0.5735E+02      0 0.0000E+00       0      0      0      0    42150    2364     558    1216    6063    22469   26873       0
 188   1  0.132946E+08 0.307848E+04 0.5247E+02      0 0.0000E+00       0      0      0      0    41535    2359     532    1198    6259    22517   27337       0
 189   1  0.133250E+08 0.310097E+04 0.5890E+02      0 0.0000E+00       0      0      0      0    42082    2288     505    1131    6044    22828   26923       0
 190   1  0.133606E+08 0.317803E+04 0.6501E+02      0 0.0000E+00       0      0      0      0    41974    2302     584    1175    6232    23243   27189       0
 191   1  0.133910E+08 0.315096E+04 0.6478E+02      0 0.0000E+00       0      0      0      0    41979    2305     541    1164    6067    23140   27035       0
 192   1  0.134247E+08 0.315013E+04 0.7571E+02      0 0.0000E+00       0      0      0      0    41990    2237     556    1164    6115    23300   26938       0
 193   1  0.134580E+08 0.317592E+04 0.5211E+02      0 0.0000E+00       0      0      0      0    41902    2241     539    1121    6226    23406   27061       0
 194   1  0.134980E+08 0.320674E+04 0.4154E+02      0 0.0000E+00       0      0      0      0    42445    2300     573    1146    6189    23844   27251       0
 195   1  0.135332E+08 0.324740E+04 0.4354E+02      0 0.0000E+00       0      0      0      0    42258    2325     551    1211    6292    23922   27186       0
 196   1  0.135665E+08 0.322249E+04 0.7477E+02      0 0.0000E+00       0      0      0      0    42322    2284     525    1219    6224    23907   27285       0
 197   1  0.135955E+08 0.322204E+04 0.4080E+02      0 0.0000E+00       0      0      0      0    42442    2239     471    1180    5987    24124   26757       0
 198   1  0.136352E+08 0.328523E+04 0.2719E+02      0 0.0000E+00       0      0      0      0    42229    2259     521    1134    6119    24300   26980       0
 199   1  0.136629E+08 0.329367E+04 0.3719E+02      0 0.0000E+00       0      0      0      0    42355    2235     543    1172    6120    24405   27110       0
 200   1  0.137026E+08 0.330826E+04 0.3144E+02      0 0.0000E+00       0      0      0      0    42671    2218     516    1212    6031    24826   26841       0
 201   1  0.137360E+08 0.331294E+04 0.7236E+02      0 0.0000E+00       0      0      0      0    42680    2266     478    1172    6046    24750   27036       0
 202   1  0.137692E+08 0.329867E+04 0.5901E+02      0 0.0000E+00       0      0      0      0    42645    2203     500    1067    6213    25073   26845       0
 203   1  0.138150E+08 0.341836E+04 0.5110E+02      0 0.0000E+00       0      0      0      0    43311    2207     492    1184    6426    25317   27559       0
 204   1  0.138511E+08 0.343134E+04 0.3422E+02      0 0.0000E+00       0      0      0      0    43051    2251     491    1174    6278    25651   27216       0
 205   1  0.138942E+08 0.346108E+04 0.4768E+02      0 0.0000E+00       0      0      0      0    42885    2191     540    1129    6357    26106   27032       0
 206   1  0.139422E+08 0.345327E+04 0.5347E+02      0 0.0000E+00       0      0      0      0    42927    2197     484    1137    6258    26091   26987       0
 207   1  0.140013E+08 0.346786E+04 0.2277E+02      0 0.0000E+00       0      0      0      0    43649    2345     519    1170    6188    26067   27349       0
 208   1  0.140541E+08 0.355683E+04 0.4804E+02      0 0.0000E+00       0      0      0      0    43371    2252     493    1083    6062    26601   27124       0
 209   1  0.141189E+08 0.346223E+04 0.4839E+02      0 0.0000E+00       0      0      0      0    43815    2169     491    1142    6391    26391   27491       0
 210   1  0.141760E+08 0.355338E+04 0.3953E+02      0 0.0000E+00       0      0      0      0    43543    2145     472    1125    6123    26665   27198       0
 211   1  0.142352E+08 0.357143E+04 0.3287E+02      0 0.0000E+00       0      0      0      0    43618    2181     518    1080    6282    27151   27438       0
 212   1  0.142970E+08 0.359909E+04 0.5681E+02      0 0.0000E+00       0      0      0      0    43581    2284     507    1143    6210    27155   27543       0
 213   1  0.143573E+08 0.367531E+04 0.2847E+02      0 0.0000E+00       0      0      0      0    44169    2243     515    1132    6300    27680   27246       0
 214   1  0.144120E+08 0.371233E+04 0.6870E+02      0 0.0000E+00       0      0      0      0    44534    2125     489    1113    6271    27883   27728       0
 215   1  0.144685E+08 0.365249E+04 0.4195E+02      0 0.0000E+00       0      0      0      0    44306    2156     494    1143    6195    27704   27487       0
 216   1  0.145308E+08 0.374292E+04 0.7048E+02      0 0.0000E+00       0      0      0      0    45097    2141     483    1077    6424    28287   27830       0
 217   1  0.145845E+08 0.379790E+04 0.5713E+02      0 0.0000E+00       0      0      0      0    44953    2253     501    1184    6197    28919   27359       0
 218   1  0.146427E+08 0.372896E+04 0.4557E+02      0 0.0000E+00       0      0      0      0    44326    2157     500    1058    6259    28527   27206       0
 219   1  0.147155E+08 0.383787E+04 0.5368E+02      0 0.0000E+00       0      0      0      0    44800    2223     480    1104    6361    29259   27629       0
 220   1  0.147863E+08 0.385226E+04 0.3533E+02      0 0.0000E+00       0      0      0      0    44951    2248     455    1062    6382    29237   28015       0
 221   1  0.148575E+08 0.390131E+04 0.6907E+02      0 0.0000E+00       0      0      0      0    44696    2244     513    1107    6424    30015   27687       0
 222   1  0.149199E+08 0.395529E+04 0.7567E+02      0 0.0000E+00       0      0      0      0    45033    2230     409    1037    6224    30573   27407       0
 223   1  0.149893E+08 0.401225E+04 0.1896E+02      0 0.0000E+00       0      0      0      0    45069    2200     472    1029    6096    30801   27587       0
 224   1  0.150558E+08 0.404692E+04 0.3380E+02      0 0.0000E+00       0      0      0      0    45465    2179     445    1148    6500    31062   27842       0
 225   1  0.151159E+08 0.412784E+04 0.7482E+02      0 0.0000E+00       0      0      0      0    45168    2147     490    1103    6241    31582   27915       0
 226   1  0.151791E+08 0.412716E+04 0.5360E+02      0 0.0000E+00       0      0      0      0    45295    2128     458    1087    6251    31832   27612       0
 227   1  0.152523E+08 0.413528E+04 0.7574E+02      0 0.0000E+00       0      0      0      0    46006    2249     456    1035    6316    32026   27964       0
 228   1  0.153232E+08 0.419810E+04 0.1055E+03      0 0.0000E+00       0      0      0      0    45661    2155     404     999    6088    32609   27833       0
 229   1  0.154094E+08 0.428934E+04 0.4326E+02      0 0.0000E+00       0      0      0      0    45988    2112     459    1089    6221    33229   27794       0
 230   1  0.154948E+08 0.432356E+04 0.4683E+02      0 0.0000E+00       0      0      0      0    45995    2148     446    1048    6234    33262   27778       0
 231   1  0.155937E+08 0.428867E+04 0.6856E+02      0 0.0000E+00       0      0      0      0    46238    2130     482    1108    6308    33370   27731       0
 232   1  0.156950E+08 0.441001E+04 0.5136E+02      0 0.0000E+00       0      0      0      0    46212    2148     435    1079    6385    33900   27690       0
 233   1  0.157920E+08 0.452120E+04 0.6246E+02      0 0.0000E+00       0      0      0      0    46350    2184     414     942    6247    34577   27862       0
 234   1  0.158988E+08 0.444431E+04 0.1293E+02      0 0.0000E+00       0      0      0      0    46404    2155     436    1079    6064    34575   27972       0
 235   1  0.160123E+08 0.448396E+04 0.5965E+02      0 0.0000E+00       0      0      0      0    46506    2068     444    1017    6194    34921   28122       0
 236   1  0.161247E+08 0.460787E+04 0.1063E+03      0 0.0000E+00       0      0      0      0    46747    2121     432    1064    6155    35462   28007       0
 237   1  0.162450E+08 0.465164E+04 0.5695E+02      0 0.0000E+00       0      0      0      0    46263    2029     471     992    6411    36015   28075       0
 238   1  0.163666E+08 0.473283E+04 0.1165E+02      0 0.0000E+00       0      0      0      0    46744    2142     401     995    6007    36526   28096       0
 239   1  0.165036E+08 0.475477E+04 0.6373E+02      0 0.0000E+00       0      0      0      0    46952    2164     405     957    6230    36933   28137       0
 240   1  0.166378E+08 0.475351E+04 0.5933E+02      0 0.0000E+00       0      0      0      0    47016    2085     404     974    6221    36954   28118       0
 241   1  0.167836E+08 0.484104E+04 0.7948E+02      0 0.0000E+00       0      0      0      0    47358    2128     400     958    6386    37707   28861       0
 242   1  0.169355E+08 0.491755E+04 0.1258E+03      0 0.0000E+00       0      0      0      0    47683    2132     463    1035    6258    37961   28690       0
 243   1  0.170929E+08 0.493443E+04 0.3169E+02      0 0.0000E+00       0      0      0      0    47975    2101     377    1015    6228    38545   28681       0
 244   1  0.172557E+08 0.497633E+04 0.5891E+02      0 0.0000E+00       0      0      0      0    48493    2139     397     952    6371    38572   29041       0
 245   1  0.174266E+08 0.497147E+04 0.2588E+02      0 0.0000E+00       0      0      0      0    48089    2139     430     983    6470    38727   29157       0
 246   1  0.176047E+08 0.499761E+04 0.6417E+02      0 0.0000E+00       0      0      0      0    48439    2113     383     998    6303    38985   29155       0
 247   1  0.177929E+08 0.512907E+04 0.2714E+02      0 0.0000E+00       0      0      0      0    48811    2138     386     975    6338    39879   29389       0
 248   1  0.179946E+08 0.508593E+04 0.6726E+02      0 0.0000E+00       0      0      0      0    48841    2097     383     945    6480    40095   29829       0
 249   1  0.182065E+08 0.521452E+04 0.2502E+02      0 0.0000E+00       0      0      0      0    49186    2113     394    1006    6276    40655   29948       0
 250   1  0.184332E+08 0.525749E+04 0.1052E+03      0 0.0000E+00       0      0      0      0    49809    2215     398     988    6483    41190   30460       0
 251   1  0.186711E+08 0.543617E+04 0.7245E+02      0 0.0000E+00       0      0      0      0    49812    2257     412    1046    6626    42123   30323       0
 252   1  0.189215E+08 0.544634E+04 0.2985E+02      0 0.0000E+00       0      0      0      0    50436    2162     398     993    6621    42424   30662       0
 253   1  0.191880E+08 0.554608E+04 0.7554E+02      0 0.0000E+00       0      0      0      0    50671    2255     411     976    6575    43010   31007       0
 254   1  0.194711E+08 0.560421E+04 0.5721E+02      0 0.0000E+00       0      0      0      0    51168    2251     402     953    6567    43749   31470       0
 255   1  0.197738E+08 0.565902E+04 0.6567E+02      0 0.0000E+00       0      0      0      0    52049    2305     386     947    6804    44238   31592       0
 256   1  0.200907E+08 0.578724E+04 0.5850E+02      0 0.0000E+00       0      0      0      0    52275    2269     420     910    6604    45327   32026       0
 257   1  0.204370E+08 0.588580E+04 0.6773E+02      0 0.0000E+00       0      0      0      0    53188    2332     399     941    6699    45885   32278       0
 258   1  0.208076E+08 0.592207E+04 0.1381E+03      0 0.0000E+00       0      0      0      0    53848    2330     382     932    6774    46653   32775       0
 259   1  0.212071E+08 0.609292E+04 0.6173E+02      0 0.0000E+00       0      0      0      0    55121    2252     386     914    7087    47930   33376       0
 260   1  0.216328E+08 0.614913E+04 0.1062E+03      0 0.0000E+00       0      0      0      0    55116    2360     386     923    6968    48455   33088       0
 261   1  0.221084E+08 0.624193E+04 0.4821E+02      0 0.0000E+00       0      0      0      0    56845    2306     428     875    7044    48913   34015       0
 262   1  0.226247E+08 0.640262E+04 0.8148E+02      0 0.0000E+00       0      0      0      0    58908    2340     404     854    7163    50170   34648       0
 263   1  0.231993E+08 0.642509E+04 0.7444E+02      0 0.0000E+00       0      0      0      0    60461    2322     438     895    7409    50745   35380       0
 264   1  0.238329E+08 0.660045E+04 0.1252E+03      0 0.0000E+00       0      0      0      0    63929    2423     493     855    7529    51648   36058       0
 265   1  0.245408E+08 0.664426E+04 0.4571E+02      0 0.0000E+00       0      0      0      0    67011    2340     425     905    7702    52021   36920       0
 266   1  0.253410E+08 0.669321E+04 0.5812E+02      0 0.0000E+00       0      0      0      0    71588    2338     441     840    7924    52943   37641       0
 267   1  0.262636E+08 0.679900E+04 0.1036E+03      0 0.0000E+00       0      0      0      0    78697    2431     447     830    8082    53566   38972       0
 268   1  0.273098E+08 0.686415E+04 0.1350E+03      0 0.0000E+00       0      0      0      0    88433    2417     438     796    8413    53777   40082       0
 269   1  0.285365E+08 0.704032E+04 0.1201E+03      0 0.0000E+00       0      0      0      0   103552    2423     372     777    8528    54918   41973       0
 270   1  0.299887E+08 0.699499E+04 0.1025E+03      0 0.0000E+00       0      0      0      0   129418    2570     442     768    8490    54557   44253       0
 271   1  0.316905E+08 0.693264E+04 0.2265E+03      0 0.0000E+00       0      0      0      0   171734    2558     373     674    8366    54455   46627       0
 272   1  0.337077E+08 0.692956E+04 0.2166E+03      0 0.0000E+00       0      0      0      0   244447    2454     342     591    8144    53954   50375       0
 273   1  0.360160E+08 0.678785E+04 0.3134E+03      0 0.0000E+00       0      0      0      0   367041    2377     294     563    7825    52811   56593       0
 274   1  0.384531E+08 0.651990E+04 0.3115E+03      0 0.0000E+00       0      0      0      0   560392    2345     236     425    7173    50633   64961       0
 275   1  0.406736E+08 0.604486E+04 0.4439E+03      0 0.0000E+00       0      0      0      0   835532    2040     186     314    6396    47508   74847       0
 276   1  0.420578E+08 0.544470E+04 0.5162E+03      0 0.0000E+00       0      0      0      0  1181520    1757     186     244    5317    42541   86315       0
 277   1  0.418982E+08 0.473693E+04 0.4063E+03      0 0.0000E+00       0      0      0      0  1539384    1389     136     189    4253    36556   96080       0
 278   1  0.396163E+08 0.384038E+04 0.3713E+03      0 0.0000E+00       0      0      0      0  1837363    1125      87     112    3357    30198  100958       0
 279   1  0.349788E+08 0.297055E+04 0.3030E+03      0 0.0000E+00       0      0      0      0  1978252     779      75      90    2464    23181   98761       0
 280   1  0.284800E+08 0.219545E+04 0.2131E+03      0 0.0000E+00       0      0      0      0  1906485     537      61      54    1753    17117   88177       0
 281   1  0.211437E+08 0.149596E+04 0.1413E+03      0 0.0000E+00       0      0      0      0  1634976     355      57      30    1232    11684   71115       0
 282   1  0.141829E+08 0.102958E+04 0.1534E+03      0 0.0000E+00       0      0      0      0  1244080     278      72      36     911     8066   52510       0
 283   1  0.851515E+07 0.732574E+03 0.5519E+02      0 0.0000E+00       0      0      0      0   832314     251      39      33     743     5600   34499       0
 284   1  0.455908E+07 0.540124E+03 0.5530E+02      0 0.0000E+00       0      0      0      0   487818     207      70      30     668     4018   20631       0
 285   1  0.217533E+07 0.467815E+03 0.5474E+02      0 0.0000E+00       0      0      0      0   251665     198      70      37     581     3484   12044       0
 286   1  0.940124E+06 0.438806E+03 0.3940E+02      0 0.0000E+00       0      0      0      0   113278     168      61      23     599     3180    7599       0
 287   1  0.387332E+06 0.397137E+03 0.1628E+02      0 0.0000E+00       0      0      0      0    45550     179      72      25     532     3038    5005       0
 288   1  0.171990E+06 0.394711E+03 0.1942E+02      0 0.0000E+00       0      0      0      0    17144     185      56      36     550     2923    4247       0
 289   1  0.101213E+06 0.384054E+03 0.0000E+00      0 0.0000E+00       0      0      0      0     6937     194      63      29     553     2915    3877       0
 290   1  0.806763E+05 0.379476E+03 0.1741E+02      0 0.0000E+00       0      0      0      0     3849     201      54      41     555     2819    3843       0
 291   1  0.753374E+05 0.390490E+03 0.6494E+01      0 0.0000E+00       0      0      0      0     3067     175      48      19     556     2888    3746       0
 292   1  0.739129E+05 0.392831E+03 0.6653E+01      0 0.0000E+00       0      0      0      0     2911     180      60      34     525     2859    3794       0
 293   1  0.742552E+05 0.392203E+03 0.4288E+02      0 0.0000E+00       0      0      0      0     2849     193      77      36     557     2833    3752       0
 294   1  0.741199E+05 0.370882E+03 0.1379E+02      0 0.0000E+00       0      0      0      0     2840     179      56      42     549     2684    3756       0
 295   1  0.727741E+05 0.352658E+03 0.1919E+02      0 0.0000E+00       0      0      0      0     2773     165      53      31     563     2708    3630       0
 296   1  0.710646E+05 0.369106E+03 0.6451E+01      0 0.0000E+00       0      0      0      0     2682     166      48      35     538     2789    3578       0
 297   1  0.708957E+05 0.355900E+03 0.2235E+02      0 0.0000E+00       0      0      0      0     2705     149      54      37     550     2680    3595       0
 298   1  0.713885E+05 0.348577E+03 0.7843E+01      0 0.0000E+00       0      0      0      0     2796     187      65      26     541     2622    3725       0
 299   1  0.710941E+05 0.362645E+03 0.3071E+02      0 0.0000E+00       0      0      0      0     2692     173      48      32     554     2752    3560       0
 300   1  0.693659E+05 0.340264E+03 0.0000E+00      0 0.0000E+00       0      0      0      0     2662     126      47      27     501     2600    3420       0
 301   0  0.000000E+00 0.000000E+00 0.0000E+00      0 0.0000E+00       0      0      0      0        0       0       0       0       0        0       0       0
  SUMM:   0.392482E+10 0.821737E+06 0.1702E+05    104 0.1210E+04       0      0      0      0 25658008  669943  155370  331278 1754395  5938853 8359847       0
 ZONE  MED     C10     C11     N12     N13     O13     O14     O15     F17     F18
    1    1     627    1602       0     665       6     166    3567       0       0
    2    1     696    1558       0     699      10     187    3753       0       0
    3    1     691    1600       0     685       8     188    3656       1       0
    4    1     655    1595       0     686       3     200    3702       0       1
    5    1     661    1629       0     661       8     180    3566       0       0
    6    1     630    1606       0     719      12     212    3668       0       0
    7    1     636    1670       0     670       7     177    3764       0       0
    8    1     621    1583       0     690       5     201    3747       3       0
    9    1     644    1665       0     712       5     200    3670       1       0
   10    1     630    1654       0     766       6     173    3689       0       0
   11    1     660    1614       0     679       7     219    3773       0       1
   12    1     645    1631       1     695       5     207    3792       0       0
   13    1     618    1587       0     653       5     196    3758       0       1
   14    1     683    1614       0     714       8     225    3875       0       0
   15    1     644    1665       0     712       7     202    3808       3       1
   16    1     678    1616       0     708       3     208    3719       0       0
   17    1     703    1573       0     691       9     210    3845       1       0
   18    1     650    1641       2     745       7     188    3788       1       0
   19    1     652    1725       1     691       7     191    3786       0       1
   20    1     697    1614       0     689       8     203    3771       1       0
   21    1     638    1680       0     665      10     205    3863       1       0
   22    1     652    1628       0     732       9     207    3871       0       0
   23    1     670    1655       0     713       7     184    3950       0       1
   24    1     642    1714       0     710      10     207    3925       0       0
   25    1     696    1606       0     715       4     179    3833       0       2
   26    1     670    1679       1     742       2     209    3839       0       2
   27    1     648    1651       1     743       6     162    3880       0       0
   28    1     686    1681       1     730       4     188    3901       1       0
   29    1     640    1714       0     691       3     228    3811       0       0
   30    1     695    1569       0     695       3     204    3874       1       1
   31    1     695    1698       0     769       7     197    3930       0       0
   32    1     670    1586       0     728       6     197    3989       1       0
   33    1     660    1661       0     715       4     198    3882       1       0
   34    1     678    1717       0     707       7     188    3942       0       0
   35    1     646    1700       0     715       4     193    3911       1       2
   36    1     675    1716       0     732       9     190    3870       0       0
   37    1     663    1614       0     705       7     187    3896       2       3
   38    1     685    1679       1     701       6     191    3873       0       0
   39    1     686    1581       0     684       9     213    3917       1       0
   40    1     634    1612       1     698       4     175    3892       2       0
   41    1     685    1688       0     722       5     231    3905       2       1
   42    1     667    1702       1     732       5     203    3795       1       0
   43    1     641    1569       0     716       6     201    4049       0       0
   44    1     619    1669       0     684      10     207    3832       1       0
   45    1     654    1638       0     669       4     194    3942       0       0
   46    1     660    1640       0     689       6     215    3899       1       0
   47    1     625    1673       0     749       7     200    3929       1       0
   48    1     681    1720       0     745       5     179    3912       0       2
   49    1     669    1609       1     749      12     200    3890       1       0
   50    1     671    1687       0     711       5     195    3927       2       0
   51    1     703    1607       0     772       4     199    3999       2       0
   52    1     659    1655       0     734       4     196    3871       1       0
   53    1     692    1613       0     748       5     172    3942       1       0
   54    1     671    1689       1     690      11     192    3838       0       0
   55    1     626    1616       0     706       7     214    3934       0       0
   56    1     684    1709       0     739       3     189    4001       1       1
   57    1     669    1583       1     712       8     216    3996       1       0
   58    1     662    1675       0     759       8     191    4036       1       0
   59    1     633    1638       0     673       4     197    3876       2       0
   60    1     648    1609       0     651       8     212    3988       0       1
   61    1     611    1643       0     740       5     199    4017       2       1
   62    1     630    1565       0     720       7     223    3914       0       0
   63    1     636    1676       0     715       5     220    3911       0       0
   64    1     657    1677       0     722       9     183    3878       0       0
   65    1     660    1691       0     740       9     210    4051       4       0
   66    1     664    1710       0     703       4     202    3948       1       0
   67    1     707    1626       0     743       5     185    4018       0       1
   68    1     694    1594       0     750       2     202    4008       1       0
   69    1     702    1676       0     639       8     213    3936       2       0
   70    1     668    1675       0     739       2     215    4018       0       0
   71    1     641    1547       0     746       8     202    4061       1       1
   72    1     687    1652       2     693       8     203    4175       2       0
   73    1     669    1708       0     687       6     199    4135       1       0
   74    1     639    1619       1     717       7     207    4054       0       0
   75    1     672    1631       0     703       5     209    3978       1       1
   76    1     610    1704       0     712       3     203    4065       0       1
   77    1     667    1728       0     676       5     223    4013       1       0
   78    1     681    1633       0     752       8     223    4042       1       0
   79    1     625    1680       0     763       6     209    4207       1       0
   80    1     639    1567       0     787      12     205    4076       3       0
   81    1     677    1675       0     708      12     204    4031       0       1
   82    1     699    1749       1     743       3     193    4053       0       2
   83    1     633    1659       1     736       5     198    4050       0       0
   84    1     665    1624       0     706       7     182    4050       1       0
   85    1     627    1704       0     729       8     203    4064       0       0
   86    1     685    1656       0     696       7     196    3912       0       1
   87    1     637    1647       0     704       5     210    3998       1       0
   88    1     663    1677       0     685      11     217    3937       0       0
   89    1     663    1524       0     719       4     212    4087       0       0
   90    1     642    1647       0     747       6     216    4109       1       1
   91    1     622    1712       0     729       7     237    4193       1       1
   92    1     668    1629       1     761       4     194    4034       1       0
   93    1     640    1756       0     709       8     222    4102       1       0
   94    1     637    1680       0     721      10     220    4093       2       0
   95    1     630    1583       0     697      11     211    3998       2       1
   96    1     634    1711       0     771      10     206    4010       3       1
   97    1     676    1699       0     748       5     200    4169       2       1
   98    1     650    1700       0     715       3     193    4083       3       0
   99    1     637    1606       0     743       5     190    3996       0       2
  100    1     649    1657       0     724       9     225    4090       4       1
  101    1     617    1684       0     702       4     196    4054       1       1
  102    1     668    1681       0     759       3     188    4041       2       0
  103    1     687    1644       0     685      14     193    4049       0       2
  104    1     656    1631       0     712       5     192    3869       0       1
  105    1     646    1723       0     706       8     209    3932       2       1
  106    1     652    1672       0     751       9     204    4114       2       0
  107    1     631    1659       0     695       5     217    4099       2       0
  108    1     626    1660       0     685       8     206    4069       1       1
  109    1     647    1650       0     707       7     231    4084       0       0
  110    1     635    1676       0     703       7     205    3960       3       0
  111    1     592    1683       0     719      11     203    4103       1       0
  112    1     649    1583       0     679       8     199    4007       0       1
  113    1     673    1683       0     711       7     192    4147       0       1
  114    1     624    1611       0     730       5     210    4017       1       0
  115    1     579    1640       0     698       5     199    4139       0       0
  116    1     651    1655       0     720       6     238    4136       0       0
  117    1     635    1638       0     717       3     204    4115       0       0
  118    1     612    1701       0     701       6     207    4070       1       2
  119    1     656    1623       0     683       4     191    4005       0       2
  120    1     672    1643       0     692       8     211    4082       0       0
  121    1     653    1639       0     745       4     218    3942       0       1
  122    1     631    1640       0     734       4     239    4028       2       1
  123    1     619    1598       0     742       4     216    4016       1       1
  124    1     667    1664       1     737       9     205    3964       2       0
  125    1     699    1658       0     666      10     230    4066       0       1
  126    1     603    1621       0     735      10     211    3994       4       0
  127    1     605    1715       0     728       5     231    4029       0       1
  128    1     599    1651       0     687       7     186    4065       0       1
  129    1     627    1594       0     666       5     198    3941       0       1
  130    1     585    1670       0     726       3     212    4023       0       2
  131    1     673    1644       0     713       8     207    4141       1       2
  132    1     657    1618       0     745       5     232    4085       2       0
  133    1     639    1680       0     678       2     216    4100       0       0
  134    1     676    1667       0     768       6     185    4013       1       2
  135    1     618    1631       0     687       6     210    4062       2       3
  136    1     638    1597       0     741       6     178    4035       0       0
  137    1     660    1630       1     716       9     200    4144       2       0
  138    1     652    1590       0     716       9     229    4126       1       2
  139    1     640    1602       0     708       2     213    4070       3       1
  140    1     644    1675       0     719      11     219    4192       1       0
  141    1     652    1627       2     729       4     212    4040       1       1
  142    1     661    1592       0     703       5     191    4089       1       1
  143    1     626    1608       0     725       5     189    4072       1       0
  144    1     664    1629       0     694       8     210    4053       1       0
  145    1     652    1603       0     739       5     206    4028       0       0
  146    1     660    1620       0     717       9     204    4109       1       0
  147    1     657    1622       0     721       5     268    4193       2       1
  148    1     645    1696       0     743       7     219    4038       1       0
  149    1     644    1654       0     717       7     202    4135       1       0
  150    1     622    1643       0     731       6     200    4094       0       1
  151    1     633    1648       0     723       9     229    4123       0       1
  152    1     628    1636       0     777       8     230    3990       2       0
  153    1     655    1644       0     753       6     210    4130       1       1
  154    1     604    1602       0     696       6     227    4074       0       0
  155    1     646    1604       0     703       6     199    4025       0       1
  156    1     606    1669       0     705       5     197    4102       1       0
  157    1     658    1698       1     735       7     243    4036       2       0
  158    1     611    1645       0     714       8     195    4096       4       0
  159    1     570    1647       0     722       8     223    3990       0       2
  160    1     637    1632       0     698       2     216    4045       0       1
  161    1     617    1645       0     719      11     210    4144       1       0
  162    1     585    1667       0     715       3     204    3951       0       0
  163    1     601    1644       0     667       9     199    4054       0       1
  164    1     644    1594       1     719       8     195    3939       0       1
  165    1     631    1599       0     749       7     193    4084       0       0
  166    1     595    1680       0     758       3     235    4125       3       0
  167    1     628    1682       1     724       4     194    4295       0       1
  168    1     642    1673       0     698       5     196    4010       4       0
  169    1     623    1619       0     690       7     174    4028       0       2
  170    1     553    1663       1     713       3     217    4055       1       0
  171    1     622    1625       0     721       4     209    4171       0       0
  172    1     627    1577       0     691       9     216    4160       0       1
  173    1     596    1685       0     720       9     213    4078       2       0
  174    1     594    1579       2     706       1     215    3985       0       0
  175    1     588    1623       0     710       4     207    4052       1       0
  176    1     635    1636       0     709       9     212    4034       1       0
  177    1     585    1623       1     702       6     194    4058       1       1
  178    1     595    1612       0     711       3     206    4120       0       0
  179    1     582    1575       0     706       6     215    4113       1       0
  180    1     584    1631       0     758       3     168    4076       0       1
  181    1     609    1640       0     671       6     181    4119       0       0
  182    1     576    1599       0     750       9     207    3992       0       1
  183    1     621    1670       0     729       3     209    3999       1       2
  184    1     583    1666       0     721       6     197    4167       0       0
  185    1     619    1582       0     703       7     234    4103       1       0
  186    1     618    1576       1     781       5     193    4152       0       0
  187    1     614    1567       0     688       9     212    4132       4       3
  188    1     597    1605       2     788       8     221    4075       0       0
  189    1     567    1562       0     723       7     213    4102       1       0
  190    1     596    1633       0     691       7     208    4119       2       2
  191    1     554    1653       0     758       6     220    4153       1       0
  192    1     589    1533       1     726       8     184    4178       0       0
  193    1     572    1537       0     793       7     200    4162       0       1
  194    1     543    1663       0     725       6     219    4108       0       1
  195    1     577    1577       0     751      10     231    4106       1       1
  196    1     614    1568       0     720       7     177    4164       2       0
  197    1     553    1541       0     744       9     204    4071       1       2
  198    1     573    1548       0     752       5     217    4156       2       1
  199    1     562    1547       0     687       1     199    4168       0       1
  200    1     583    1515       0     709       7     195    4092       0       1
  201    1     598    1518       0     741       6     224    4135       0       3
  202    1     550    1507       1     692       8     198    4098       0       1
  203    1     591    1561       0     748       4     201    4124       2       1
  204    1     547    1524       1     692      11     210    4151       1       1
  205    1     589    1584       0     782       4     191    4181       0       2
  206    1     597    1529       0     698       7     201    4004       3       0
  207    1     549    1554       0     751       6     207    4183       0       0
  208    1     567    1495       0     721       9     216    4245       1       1
  209    1     595    1545       0     748       6     219    4122       0       1
  210    1     629    1533       0     738       7     197    4159       3       0
  211    1     555    1537       0     775       5     213    4313       2       2
  212    1     539    1510       0     700       5     216    4222       0       0
  213    1     548    1535       0     712      11     199    4215       1       0
  214    1     591    1523       0     687       9     204    4240       2       0
  215    1     568    1523       1     774       3     210    4191       0       1
  216    1     567    1540       0     744      15     227    4321       1       1
  217    1     550    1545       1     722       7     186    4022       1       3
  218    1     568    1501       0     707       7     222    4166       3       0
  219    1     542    1556       0     744       8     220    4237       0       0
  220    1     600    1541       0     745       5     213    4440       0       2
  221    1     564    1552       1     783       7     195    4186       1       0
  222    1     566    1424       0     749       7     203    4188       0       2
  223    1     540    1523       0     734       6     221    4321       0       0
  224    1     558    1513       0     686       5     211    4367       1       0
  225    1     555    1464       0     745       5     216    4319       2       1
  226    1     489    1477       0     752       8     243    4304       0       3
  227    1     542    1481       1     734       9     230    4293       2       1
  228    1     494    1413       0     805       7     230    4326       0       1
  229    1     517    1438       0     772       4     196    4318       2       0
  230    1     497    1515       0     762      20     206    4253       0       0
  231    1     534    1440       1     751       3     226    4218       1       0
  232    1     513    1499       1     790      12     235    4267       1       0
  233    1     507    1442       0     724       7     197    4333       0       2
  234    1     518    1443       1     728       5     219    4354       2       0
  235    1     495    1452       0     716       3     187    4461       1       3
  236    1     490    1365       0     762       5     238    4439       0       2
  237    1     537    1478       0     725       8     225    4386       1       1
  238    1     435    1412       0     778       5     235    4508       1       2
  239    1     480    1488       1     778       4     239    4482       0       1
  240    1     513    1377       0     769      10     199    4459       1       0
  241    1     500    1390       0     755       4     215    4705       3       3
  242    1     482    1509       0     755       9     239    4618       0       1
  243    1     491    1390       0     811       7     232    4699       1       0
  244    1     466    1381       0     772       3     237    4649       1       0
  245    1     475    1396       0     764       8     226    4747       1       3
  246    1     439    1351       0     793       2     228    4814       1       1
  247    1     480    1389       0     810       4     236    4730       0       1
  248    1     492    1436       1     809       7     223    4961       2       2
  249    1     451    1336       0     827       4     232    4973       2       1
  250    1     451    1323       0     844      11     252    5145       1       0
  251    1     464    1319       0     820       6     261    5187       1       1
  252    1     379    1352       0     810       3     250    5194       1       0
  253    1     415    1239       0     842       6     247    5303       1       2
  254    1     442    1212       0     837       5     255    5585       1       0
  255    1     401    1201       0     833       2     256    5346       0       0
  256    1     420    1181       0     856       2     255    5679       2       3
  257    1     406    1154       0     867       0     297    5628       1       1
  258    1     365    1054       0     858       4     308    5776       1       3
  259    1     366    1053       0     883       1     290    5989       1       0
  260    1     321     939       0     865       5     292    5946       0       1
  261    1     273     972       1     847       3     289    6235       2       0
  262    1     296     928       0     853       6     316    6261       1       3
  263    1     259     851       0     843       2     327    6470       2       2
  264    1     240     817       0     889       1     300    6615       0       2
  265    1     187     770       0     813       0     303    6873       0       2
  266    1     158     652       0     782       1     310    7035       3       0
  267    1     137     667       0     754       0     303    7178       0       2
  268    1      88     541       0     731       0     308    7277       2       2
  269    1      75     476       0     574       0     292    7570       1       0
  270    1      50     410       0     583       0     308    7676       1       2
  271    1      30     328       0     488       0     277    7555       0       7
  272    1      21     241       0     419       0     228    7419       3       3
  273    1      14     174       0     362       0     204    7013       6       8
  274    1       9     115       0     376       0     162    6463       5       5
  275    1       4      84       0     300       0     117    5681       3       6
  276    1       6      56       0     255       0     103    4643       9       6
  277    1      12      62       0     240       0      50    3596      11      10
  278    1       6      50       0     204       0      31    2658       2       7
  279    1       8      43       0     164       0      23    1716       3       4
  280    1       3      32       0     137       1      10    1142      10       4
  281    1       4      31       0      88       0       8     675       5       5
  282    1      11      31       0      66       0       2     400       5       2
  283    1       5      37       0      44       0       2     266       5       0
  284    1       9      31       0      20       0       2     200       0       2
  285    1       6      35       0      20       0       3     171       1       0
  286    1       8      46       0      23       0       2     117       0       0
  287    1       8      27       0      21       0       1     144       0       0
  288    1       5      23       0      10       0       3     146       0       0
  289    1       3      35       0      12       0       2     146       0       0
  290    1       2      38       0      15       0       0     135       0       0
  291    1       4      40       0      17       1       1     124       0       0
  292    1       2      28       0      15       0       0     158       1       0
  293    1       2      38       0      12       0       8     143       0       0
  294    1       8      28       0      15       0       1     113       0       0
  295    1       7      35       0      11       0       3     127       0       0
  296    1       1      37       0      14       0       5     154       0       0
  297    1       3      35       0      10       0       3     150       0       0
  298    1      10      40       0      12       1       1     137       0       0
  299    1       5      33       0      11       0       1     129       0       0
  300    1       4      26       0       3       0       1     135       0       0
  301    0       0       0       0       0       0       0       0       0       0
   SUM ==>  160506  422331      46  200489    1671   58761 1195182     309     248
