19000000
300
 ZONE MED   LOSS(MEV)      (MEV)    EXCITATION    PI0   (MEV)        PI+     K+    MU-    MU+     PROT    DEUT    TRIT     HE3    ALPH     ELSC    INEL    FISS
   1   1  0.854798E+07 0.119876E+04 0.2134E+02      3 0.7001E+02       0      0      0      0     8954    1730     495    1122    5202     6775   21073       0
   2   1  0.864391E+07 0.122085E+04 0.3719E+02      6 0.1096E+03       0      0      0      0    11916    2228     521    1232    5139     6875   21247       0
   3   1  0.871209E+07 0.123287E+04 0.2850E+02      1 0.1487E+02       0      0      0      0    13778    2313     602    1295    5300     6963   21493       0
   4   1  0.876709E+07 0.124792E+04 0.3522E+02      3 0.1987E+02       0      0      0      0    14844    2321     626    1216    5345     7273   21883       0
   5   1  0.881415E+07 0.125385E+04 0.3866E+02      1 0.1499E+02       0      0      0      0    15665    2303     611    1251    5428     7314   21880       0
   6   1  0.885857E+07 0.123695E+04 0.2110E+02      3 0.6598E+02       0      0      0      0    16625    2390     572    1224    5302     7282   21906       0
   7   1  0.889930E+07 0.128393E+04 0.2163E+02      3 0.2962E+02       0      0      0      0    17359    2285     604    1207    5504     7374   22102       0
   8   1  0.893988E+07 0.130787E+04 0.3218E+02      4 0.6359E+02       0      0      0      0    17966    2235     651    1260    5326     7497   22188       0
   9   1  0.897586E+07 0.128383E+04 0.9362E+01      3 0.3990E+02       0      0      0      0    18302    2332     612    1231    5627     7592   22459       0
  10   1  0.900830E+07 0.131117E+04 0.3081E+02      2 0.1343E+02       0      0      0      0    18976    2282     534    1237    5274     7701   22312       0
  11   1  0.904637E+07 0.132940E+04 0.3082E+02      3 0.1620E+02       0      0      0      0    19514    2380     583    1279    5545     7871   22627       0
  12   1  0.907740E+07 0.134717E+04 0.3227E+02      2 0.2835E+02       0      0      0      0    19996    2425     647    1231    5510     7887   22578       0
  13   1  0.910946E+07 0.133866E+04 0.3263E+02      4 0.1149E+03       0      0      0      0    20323    2333     564    1183    5595     7872   22509       0
  14   1  0.913886E+07 0.133769E+04 0.4397E+02      1 0.3244E+01       0      0      0      0    20709    2331     608    1244    5607     7954   22747       0
  15   1  0.916657E+07 0.137531E+04 0.6629E+01      0 0.0000E+00       0      0      0      0    21103    2366     596    1243    5481     8161   22795       0
  16   1  0.919681E+07 0.136555E+04 0.2824E+02      2 0.1609E+02       0      0      0      0    21654    2336     594    1259    5575     8206   22875       0
  17   1  0.922129E+07 0.137679E+04 0.1598E+02      3 0.6681E+02       0      0      0      0    21735    2436     620    1250    5444     8305   22846       0
  18   1  0.925127E+07 0.136368E+04 0.1171E+02      0 0.0000E+00       0      0      0      0    22202    2412     578    1258    5701     8148   23260       0
  19   1  0.927533E+07 0.140998E+04 0.5651E+02      1 0.6792E+01       0      0      0      0    22500    2369     575    1246    5506     8496   23048       0
  20   1  0.929781E+07 0.140172E+04 0.3841E+02      0 0.0000E+00       0      0      0      0    22656    2318     617    1230    5680     8424   23247       0
  21   1  0.932285E+07 0.141857E+04 0.3025E+02      3 0.3312E+02       0      0      0      0    23134    2426     622    1241    5628     8561   23264       0
  22   1  0.935179E+07 0.142516E+04 0.4209E+02      4 0.5595E+02       0      0      0      0    22892    2413     648    1283    5639     8511   23415       0
  23   1  0.937201E+07 0.145615E+04 0.4575E+02      0 0.0000E+00       0      0      0      0    23207    2380     628    1241    5511     8860   23102       0
  24   1  0.939937E+07 0.145074E+04 0.4466E+02      4 0.1052E+03       0      0      0      0    23700    2409     604    1218    5592     8725   23365       0
  25   1  0.942507E+07 0.142924E+04 0.7306E+01      0 0.0000E+00       0      0      0      0    24038    2450     545    1281    5793     8762   23529       0
  26   1  0.944804E+07 0.144161E+04 0.5853E+02      2 0.2524E+02       0      0      0      0    23883    2403     638    1223    5608     8902   23322       0
  27   1  0.947870E+07 0.147657E+04 0.5450E+02      3 0.1464E+02       0      0      0      0    24588    2448     586    1210    5919     9076   23762       0
  28   1  0.949957E+07 0.148513E+04 0.6225E+02      1 0.2074E+02       0      0      0      0    24876    2417     577    1233    5648     9079   23725       0
  29   1  0.952095E+07 0.148016E+04 0.5330E+02      1 0.1953E+01       0      0      0      0    25131    2368     616    1235    5642     9027   23640       0
  30   1  0.953789E+07 0.150817E+04 0.4854E+02      2 0.2439E+02       0      0      0      0    24920    2278     573    1212    5661     9146   23542       0
  31   1  0.956460E+07 0.147141E+04 0.2866E+02      1 0.1603E+02       0      0      0      0    25539    2478     585    1240    5751     9236   23726       0
  32   1  0.959267E+07 0.150395E+04 0.2938E+02      0 0.0000E+00       0      0      0      0    25641    2346     629    1280    5883     9245   24085       0
  33   1  0.961249E+07 0.149957E+04 0.6421E+02      1 0.4382E+01       0      0      0      0    25839    2441     624    1300    5716     9441   23930       0
  34   1  0.963266E+07 0.152382E+04 0.1053E+02      2 0.5627E+01       0      0      0      0    25965    2336     594    1245    5636     9351   23943       0
  35   1  0.965755E+07 0.151675E+04 0.3453E+02      0 0.0000E+00       0      0      0      0    26117    2368     594    1262    5879     9392   24188       0
  36   1  0.967867E+07 0.151643E+04 0.5022E+02      4 0.6991E+02       0      0      0      0    26517    2499     646    1209    5685     9361   24096       0
  37   1  0.969492E+07 0.153978E+04 0.5629E+02      1 0.8497E+01       0      0      0      0    26509    2469     591    1252    5705     9581   23999       0
  38   1  0.971770E+07 0.162158E+04 0.2162E+02      1 0.1332E+02       0      0      0      0    26582    2333     565    1249    5751     9798   24083       0
  39   1  0.973948E+07 0.158861E+04 0.4896E+02      1 0.1694E+02       0      0      0      0    26921    2405     610    1245    5764     9746   24124       0
  40   1  0.976073E+07 0.158419E+04 0.3523E+02      1 0.1900E+02       0      0      0      0    27111    2390     644    1264    5809     9857   24340       0
  41   1  0.978525E+07 0.158156E+04 0.6256E+02      1 0.8408E+00       0      0      0      0    27288    2451     630    1248    5880     9852   24448       0
  42   1  0.979790E+07 0.157127E+04 0.9651E+01      1 0.1064E+02       0      0      0      0    27363    2361     595    1207    5751     9809   24190       0
  43   1  0.981910E+07 0.162212E+04 0.2894E+02      2 0.2656E+02       0      0      0      0    27475    2389     611    1282    5761     9958   24315       0
  44   1  0.984258E+07 0.158733E+04 0.2691E+02      1 0.2255E+02       0      0      0      0    27650    2484     601    1309    5908     9891   24406       0
  45   1  0.986442E+07 0.162249E+04 0.4100E+02      2 0.1177E+02       0      0      0      0    28075    2441     617    1299    5775    10157   24699       0
  46   1  0.988722E+07 0.159166E+04 0.1271E+02      0 0.0000E+00       0      0      0      0    28520    2477     636    1260    6011     9995   24622       0
  47   1  0.989806E+07 0.161792E+04 0.4640E+02      0 0.0000E+00       0      0      0      0    28041    2370     581    1293    5839    10151   24455       0
  48   1  0.991983E+07 0.162888E+04 0.2690E+02      0 0.0000E+00       0      0      0      0    28374    2424     582    1239    5982    10077   24455       0
  49   1  0.993757E+07 0.165301E+04 0.4126E+02      1 0.6924E+02       0      0      0      0    28329    2496     602    1193    5732    10260   24483       0
  50   1  0.996402E+07 0.163627E+04 0.3704E+02      0 0.0000E+00       0      0      0      0    29077    2493     606    1303    5894    10299   24648       0
  51   1  0.997658E+07 0.165433E+04 0.2533E+01      0 0.0000E+00       0      0      0      0    28948    2425     593    1253    5669    10343   24425       0
  52   1  0.999434E+07 0.165648E+04 0.2501E+02      0 0.0000E+00       0      0      0      0    28965    2368     599    1298    5681    10406   24555       0
  53   1  0.100131E+08 0.167479E+04 0.8481E+02      2 0.6091E+01       0      0      0      0    29034    2415     582    1246    5837    10310   24897       0
  54   1  0.100290E+08 0.166518E+04 0.5408E+02      1 0.6929E+00       0      0      0      0    29233    2481     639    1324    5999    10363   24761       0
  55   1  0.100449E+08 0.167337E+04 0.2261E+02      0 0.0000E+00       0      0      0      0    29015    2417     634    1229    5782    10475   24765       0
  56   1  0.100684E+08 0.167188E+04 0.3344E+02      0 0.0000E+00       0      0      0      0    29611    2356     602    1283    5788    10620   24614       0
  57   1  0.100826E+08 0.169269E+04 0.5338E+02      0 0.0000E+00       0      0      0      0    29430    2414     621    1261    5782    10830   24669       0
  58   1  0.101040E+08 0.167349E+04 0.2787E+02      0 0.0000E+00       0      0      0      0    29487    2398     601    1230    5815    10456   24894       0
  59   1  0.101241E+08 0.167471E+04 0.4086E+02      2 0.2267E+02       0      0      0      0    29935    2475     604    1305    5888    10804   24751       0
  60   1  0.101378E+08 0.169250E+04 0.5876E+02      0 0.0000E+00       0      0      0      0    29873    2437     576    1259    5873    10789   24927       0
  61   1  0.101605E+08 0.169248E+04 0.2346E+02      1 0.5964E+01       0      0      0      0    30224    2468     609    1210    5952    10887   24915       0
  62   1  0.101773E+08 0.172072E+04 0.5877E+02      1 0.1366E+01       0      0      0      0    30230    2521     584    1295    5774    11066   24951       0
  63   1  0.101918E+08 0.170307E+04 0.2937E+02      0 0.0000E+00       0      0      0      0    30531    2514     602    1165    5687    10874   24711       0
  64   1  0.102108E+08 0.174509E+04 0.2518E+02      0 0.0000E+00       0      0      0      0    30423    2454     589    1245    5852    11201   25262       0
  65   1  0.102301E+08 0.176839E+04 0.2268E+02      0 0.0000E+00       0      0      0      0    30653    2401     623    1219    5779    11250   25189       0
  66   1  0.102505E+08 0.174429E+04 0.3981E+02      0 0.0000E+00       0      0      0      0    30842    2460     633    1291    5852    11171   24854       0
  67   1  0.102663E+08 0.174630E+04 0.2360E+02      0 0.0000E+00       0      0      0      0    31148    2444     602    1259    6028    11032   25139       0
  68   1  0.102803E+08 0.178356E+04 0.5703E+02      0 0.0000E+00       0      0      0      0    30779    2430     625    1276    5793    11187   24961       0
  69   1  0.102938E+08 0.177326E+04 0.2138E+02      0 0.0000E+00       0      0      0      0    31144    2371     593    1154    5813    11421   25143       0
  70   1  0.103171E+08 0.174178E+04 0.5341E+02      0 0.0000E+00       0      0      0      0    31339    2485     610    1260    5996    11237   25142       0
  71   1  0.103299E+08 0.175255E+04 0.3779E+02      1 0.1073E+02       0      0      0      0    31122    2360     609    1319    5950    11211   25173       0
  72   1  0.103498E+08 0.179908E+04 0.4386E+02      0 0.0000E+00       0      0      0      0    31432    2462     598    1229    6061    11345   25355       0
  73   1  0.103610E+08 0.177266E+04 0.4805E+02      0 0.0000E+00       0      0      0      0    31381    2326     567    1250    5823    11413   24950       0
  74   1  0.103826E+08 0.178957E+04 0.4545E+02      0 0.0000E+00       0      0      0      0    31714    2527     572    1295    5914    11511   25288       0
  75   1  0.103979E+08 0.179641E+04 0.1059E+02      0 0.0000E+00       0      0      0      0    31333    2426     612    1148    5899    11642   25132       0
  76   1  0.104212E+08 0.180404E+04 0.4023E+02      0 0.0000E+00       0      0      0      0    31793    2390     642    1305    6092    11654   25428       0
  77   1  0.104399E+08 0.182910E+04 0.4161E+02      0 0.0000E+00       0      0      0      0    32173    2481     623    1285    5992    11850   25095       0
  78   1  0.104558E+08 0.180346E+04 0.1471E+02      0 0.0000E+00       0      0      0      0    32030    2482     579    1264    6104    11804   25208       0
  79   1  0.104722E+08 0.183220E+04 0.3912E+02      0 0.0000E+00       0      0      0      0    32291    2517     583    1204    5967    11829   25407       0
  80   1  0.104895E+08 0.182523E+04 0.3393E+02      0 0.0000E+00       0      0      0      0    32503    2459     625    1233    6008    11775   25259       0
  81   1  0.105032E+08 0.184039E+04 0.1849E+02      0 0.0000E+00       0      0      0      0    32447    2379     631    1240    5854    11868   25421       0
  82   1  0.105176E+08 0.183256E+04 0.4378E+02      0 0.0000E+00       0      0      0      0    32554    2436     576    1225    6004    11984   25279       0
  83   1  0.105335E+08 0.183083E+04 0.6406E+02      0 0.0000E+00       0      0      0      0    32615    2399     592    1244    5864    11893   25361       0
  84   1  0.105476E+08 0.182929E+04 0.6608E+02      0 0.0000E+00       0      0      0      0    32784    2438     582    1230    5841    11981   25459       0
  85   1  0.105689E+08 0.187312E+04 0.9662E+02      0 0.0000E+00       0      0      0      0    32745    2507     554    1264    5984    12097   25502       0
  86   1  0.105823E+08 0.189547E+04 0.2417E+02      0 0.0000E+00       0      0      0      0    32886    2401     598    1212    5856    12071   25550       0
  87   1  0.106000E+08 0.186297E+04 0.1814E+02      0 0.0000E+00       0      0      0      0    32861    2453     580    1227    5895    12084   25508       0
  88   1  0.106133E+08 0.185909E+04 0.4357E+02      0 0.0000E+00       0      0      0      0    33101    2433     637    1218    5906    12213   25242       0
  89   1  0.106321E+08 0.183295E+04 0.4488E+02      0 0.0000E+00       0      0      0      0    33219    2387     582    1296    6047    12095   25354       0
  90   1  0.106466E+08 0.186723E+04 0.4239E+02      0 0.0000E+00       0      0      0      0    33174    2456     640    1263    6030    12263   25284       0
  91   1  0.106648E+08 0.190853E+04 0.3872E+02      0 0.0000E+00       0      0      0      0    33253    2412     579    1234    6028    12384   25856       0
  92   1  0.106790E+08 0.184898E+04 0.3706E+02      0 0.0000E+00       0      0      0      0    33226    2380     621    1224    5859    12344   25148       0
  93   1  0.106936E+08 0.189740E+04 0.4572E+02      0 0.0000E+00       0      0      0      0    33421    2413     561    1212    5860    12494   25281       0
  94   1  0.107075E+08 0.190304E+04 0.3134E+02      0 0.0000E+00       0      0      0      0    33200    2289     563    1271    5923    12435   25389       0
  95   1  0.107267E+08 0.190611E+04 0.1910E+02      0 0.0000E+00       0      0      0      0    33542    2347     615    1192    5890    12633   25384       0
  96   1  0.107413E+08 0.192346E+04 0.7204E+02      0 0.0000E+00       0      0      0      0    33672    2471     600    1311    5963    12658   25374       0
  97   1  0.107571E+08 0.193621E+04 0.5993E+02      0 0.0000E+00       0      0      0      0    33996    2379     603    1235    5999    12560   25583       0
  98   1  0.107709E+08 0.191737E+04 0.5504E+02      0 0.0000E+00       0      0      0      0    33937    2372     609    1215    5775    12582   25648       0
  99   1  0.107862E+08 0.192328E+04 0.5784E+02      0 0.0000E+00       0      0      0      0    33369    2319     581    1224    5951    12717   25704       0
 100   1  0.108085E+08 0.195071E+04 0.1917E+02      0 0.0000E+00       0      0      0      0    34146    2499     647    1229    5974    12853   25648       0
 101   1  0.108252E+08 0.193666E+04 0.6061E+02      0 0.0000E+00       0      0      0      0    33901    2465     653    1292    6020    12788   25780       0
 102   1  0.108389E+08 0.195801E+04 0.3431E+02      0 0.0000E+00       0      0      0      0    34207    2402     554    1248    6183    13022   25544       0
 103   1  0.108529E+08 0.194111E+04 0.4890E+02      0 0.0000E+00       0      0      0      0    34198    2398     601    1203    5966    12927   25310       0
 104   1  0.108643E+08 0.192544E+04 0.9316E+02      0 0.0000E+00       0      0      0      0    33664    2335     604    1255    5864    12958   25495       0
 105   1  0.108848E+08 0.198783E+04 0.4682E+02      0 0.0000E+00       0      0      0      0    34429    2364     553    1233    5980    13041   25438       0
 106   1  0.109028E+08 0.198541E+04 0.3346E+02      0 0.0000E+00       0      0      0      0    34836    2298     540    1286    5854    13164   25518       0
 107   1  0.109133E+08 0.200698E+04 0.3493E+02      0 0.0000E+00       0      0      0      0    34423    2388     557    1246    5886    13326   25643       0
 108   1  0.109291E+08 0.201539E+04 0.3024E+02      0 0.0000E+00       0      0      0      0    34785    2437     602    1262    5970    13339   25660       0
 109   1  0.109435E+08 0.200189E+04 0.4701E+02      0 0.0000E+00       0      0      0      0    34356    2415     572    1196    5974    13266   25602       0
 110   1  0.109646E+08 0.202496E+04 0.3744E+02      0 0.0000E+00       0      0      0      0    34854    2423     542    1267    5957    13320   25983       0
 111   1  0.109772E+08 0.201267E+04 0.3925E+02      0 0.0000E+00       0      0      0      0    34810    2459     604    1253    5985    13354   25542       0
 112   1  0.109875E+08 0.203982E+04 0.7456E+02      0 0.0000E+00       0      0      0      0    35024    2237     579    1238    5875    13509   25592       0
 113   1  0.110038E+08 0.204171E+04 0.4044E+02      0 0.0000E+00       0      0      0      0    34900    2354     637    1240    6025    13671   25362       0
 114   1  0.110194E+08 0.204360E+04 0.3328E+02      0 0.0000E+00       0      0      0      0    35038    2327     616    1169    5907    13890   25568       0
 115   1  0.110290E+08 0.207353E+04 0.2743E+02      0 0.0000E+00       0      0      0      0    34920    2426     601    1223    5954    13870   25668       0
 116   1  0.110381E+08 0.204978E+04 0.4877E+02      0 0.0000E+00       0      0      0      0    34702    2363     606    1213    5762    13977   25144       0
 117   1  0.110580E+08 0.206369E+04 0.3191E+02      0 0.0000E+00       0      0      0      0    34812    2306     603    1206    5912    13972   25334       0
 118   1  0.110719E+08 0.210295E+04 0.3989E+02      0 0.0000E+00       0      0      0      0    35007    2385     605    1203    5932    14171   25641       0
 119   1  0.110890E+08 0.207449E+04 0.4620E+02      0 0.0000E+00       0      0      0      0    35427    2330     591    1261    5985    13961   25589       0
 120   1  0.111032E+08 0.213210E+04 0.3313E+02      0 0.0000E+00       0      0      0      0    35382    2375     582    1215    6020    14586   25694       0
 121   1  0.111138E+08 0.206873E+04 0.3797E+02      0 0.0000E+00       0      0      0      0    35446    2355     598    1197    5889    14169   25411       0
 122   1  0.111307E+08 0.213411E+04 0.4189E+02      0 0.0000E+00       0      0      0      0    35268    2437     593    1235    5868    14317   25780       0
 123   1  0.111449E+08 0.208314E+04 0.4093E+02      0 0.0000E+00       0      0      0      0    35440    2312     580    1215    5634    14341   25215       0
 124   1  0.111612E+08 0.213152E+04 0.3670E+02      0 0.0000E+00       0      0      0      0    35540    2311     585    1198    5941    14525   25358       0
 125   1  0.111787E+08 0.215872E+04 0.3446E+02      0 0.0000E+00       0      0      0      0    35597    2449     520    1206    5864    14838   25645       0
 126   1  0.111915E+08 0.216097E+04 0.2880E+02      0 0.0000E+00       0      0      0      0    35463    2273     540    1192    5795    14758   25310       0
 127   1  0.112120E+08 0.215884E+04 0.5765E+02      0 0.0000E+00       0      0      0      0    35774    2387     571    1184    5997    14810   25689       0
 128   1  0.112275E+08 0.213895E+04 0.7222E+02      0 0.0000E+00       0      0      0      0    35456    2274     541    1245    5939    14745   25510       0
 129   1  0.112439E+08 0.219374E+04 0.6535E+02      0 0.0000E+00       0      0      0      0    35465    2305     552    1140    5928    15161   25514       0
 130   1  0.112675E+08 0.217741E+04 0.5335E+02      0 0.0000E+00       0      0      0      0    36197    2348     564    1193    5886    14994   25656       0
 131   1  0.112833E+08 0.216562E+04 0.5421E+02      0 0.0000E+00       0      0      0      0    35641    2401     579    1255    5953    15073   25636       0
 132   1  0.113012E+08 0.219487E+04 0.2692E+02      0 0.0000E+00       0      0      0      0    36346    2336     609    1155    5915    15107   25879       0
 133   1  0.113167E+08 0.217698E+04 0.6109E+02      0 0.0000E+00       0      0      0      0    36234    2324     618    1215    5866    15296   25756       0
 134   1  0.113347E+08 0.220923E+04 0.4760E+02      0 0.0000E+00       0      0      0      0    36322    2353     577    1192    6000    15321   25704       0
 135   1  0.113481E+08 0.223622E+04 0.6536E+02      0 0.0000E+00       0      0      0      0    36140    2324     586    1285    5826    15415   25812       0
 136   1  0.113644E+08 0.224767E+04 0.4891E+02      0 0.0000E+00       0      0      0      0    36502    2284     568    1160    6047    15418   25764       0
 137   1  0.113804E+08 0.224165E+04 0.2742E+02      0 0.0000E+00       0      0      0      0    36388    2342     532    1226    6138    15554   25633       0
 138   1  0.113945E+08 0.225392E+04 0.6199E+02      0 0.0000E+00       0      0      0      0    36401    2260     572    1178    6080    15394   25724       0
 139   1  0.114129E+08 0.223532E+04 0.2907E+02      0 0.0000E+00       0      0      0      0    36612    2336     615    1243    6037    15532   25737       0
 140   1  0.114267E+08 0.228764E+04 0.8676E+02      0 0.0000E+00       0      0      0      0    36648    2309     591    1162    5995    15747   25794       0
 141   1  0.114400E+08 0.227188E+04 0.3809E+02      0 0.0000E+00       0      0      0      0    36714    2307     550    1227    5874    15801   25605       0
 142   1  0.114516E+08 0.227556E+04 0.3064E+02      0 0.0000E+00       0      0      0      0    36705    2317     570    1213    5875    15838   25292       0
 143   1  0.114628E+08 0.230594E+04 0.5578E+02      0 0.0000E+00       0      0      0      0    36885    2337     567    1214    5902    16091   25619       0
 144   1  0.114839E+08 0.236220E+04 0.5111E+02      0 0.0000E+00       0      0      0      0    37053    2310     577    1199    6040    16348   26161       0
 145   1  0.114935E+08 0.228635E+04 0.2659E+02      0 0.0000E+00       0      0      0      0    37006    2327     563    1167    6056    15940   25786       0
 146   1  0.115089E+08 0.235643E+04 0.4461E+02      0 0.0000E+00       0      0      0      0    37075    2346     591    1281    6051    16268   25852       0
 147   1  0.115198E+08 0.234130E+04 0.5113E+02      0 0.0000E+00       0      0      0      0    37318    2289     560    1149    6164    16251   25729       0
 148   1  0.115303E+08 0.229159E+04 0.5245E+02      0 0.0000E+00       0      0      0      0    37057    2350     552    1226    6129    16346   25754       0
 149   1  0.115437E+08 0.236652E+04 0.5218E+02      0 0.0000E+00       0      0      0      0    37149    2343     567    1119    5864    16536   25822       0
 150   1  0.115640E+08 0.233000E+04 0.2328E+02      0 0.0000E+00       0      0      0      0    37522    2194     547    1228    6051    16372   25907       0
 151   1  0.115808E+08 0.236188E+04 0.5629E+02      0 0.0000E+00       0      0      0      0    37293    2311     530    1269    5943    16691   25624       0
 152   1  0.116065E+08 0.241263E+04 0.7106E+02      0 0.0000E+00       0      0      0      0    37151    2282     615    1176    5988    16648   25775       0
 153   1  0.116341E+08 0.240389E+04 0.1621E+02      0 0.0000E+00       0      0      0      0    37164    2227     536    1161    5853    16961   25578       0
 154   1  0.116780E+08 0.239984E+04 0.3352E+02      0 0.0000E+00       0      0      0      0    37497    2299     544    1176    5943    16762   25820       0
 155   1  0.117256E+08 0.242060E+04 0.4446E+02      0 0.0000E+00       0      0      0      0    37191    2191     524    1187    6013    16996   25918       0
 156   1  0.117719E+08 0.244349E+04 0.7758E+02      0 0.0000E+00       0      0      0      0    37800    2338     540    1207    5998    17099   25676       0
 157   1  0.118098E+08 0.244478E+04 0.7281E+02      0 0.0000E+00       0      0      0      0    37932    2333     564    1178    5861    17283   25661       0
 158   1  0.118424E+08 0.249625E+04 0.2100E+02      0 0.0000E+00       0      0      0      0    37533    2258     567    1126    5906    17573   25773       0
 159   1  0.118721E+08 0.248803E+04 0.7587E+02      0 0.0000E+00       0      0      0      0    37936    2180     590    1176    5883    17571   25996       0
 160   1  0.118977E+08 0.252909E+04 0.8825E+02      0 0.0000E+00       0      0      0      0    38144    2319     556    1171    5951    17668   25730       0
 161   1  0.119241E+08 0.251146E+04 0.7828E+02      0 0.0000E+00       0      0      0      0    37776    2343     554    1186    6112    17916   26094       0
 162   1  0.119461E+08 0.247484E+04 0.6572E+02      0 0.0000E+00       0      0      0      0    38176    2215     520    1163    5850    17676   25643       0
 163   1  0.119685E+08 0.256189E+04 0.2415E+02      0 0.0000E+00       0      0      0      0    38249    2282     542    1184    5965    18052   25802       0
 164   1  0.119915E+08 0.255947E+04 0.4533E+02      0 0.0000E+00       0      0      0      0    38047    2244     540    1159    6133    18100   25660       0
 165   1  0.120088E+08 0.255637E+04 0.2855E+02      0 0.0000E+00       0      0      0      0    38095    2237     548    1225    5735    18331   25577       0
 166   1  0.120364E+08 0.260452E+04 0.3926E+02      0 0.0000E+00       0      0      0      0    38266    2235     560    1108    5976    18463   25743       0
 167   1  0.120570E+08 0.260181E+04 0.3729E+02      0 0.0000E+00       0      0      0      0    37834    2285     542    1184    5814    18616   25435       0
 168   1  0.120825E+08 0.259696E+04 0.5694E+02      0 0.0000E+00       0      0      0      0    38051    2284     557    1121    6025    18445   25848       0
 169   1  0.121078E+08 0.263186E+04 0.1728E+02      0 0.0000E+00       0      0      0      0    38491    2178     570    1086    5859    18934   25712       0
 170   1  0.121367E+08 0.264967E+04 0.3151E+02      0 0.0000E+00       0      0      0      0    38629    2233     507    1232    5830    19037   25684       0
 171   1  0.121542E+08 0.266502E+04 0.7130E+02      0 0.0000E+00       0      0      0      0    38624    2220     562    1082    5846    19149   25584       0
 172   1  0.121818E+08 0.266162E+04 0.3625E+02      0 0.0000E+00       0      0      0      0    38776    2169     548    1191    6020    18976   25790       0
 173   1  0.122008E+08 0.268639E+04 0.6566E+02      0 0.0000E+00       0      0      0      0    38596    2214     497    1199    5815    19557   25533       0
 174   1  0.122261E+08 0.263601E+04 0.4652E+02      0 0.0000E+00       0      0      0      0    38497    2259     515    1179    5889    19214   25400       0
 175   1  0.122515E+08 0.270210E+04 0.4255E+02      0 0.0000E+00       0      0      0      0    38854    2165     546    1191    5903    19524   25649       0
 176   1  0.122791E+08 0.271560E+04 0.3617E+02      0 0.0000E+00       0      0      0      0    38645    2252     524    1155    5878    19741   25610       0
 177   1  0.123074E+08 0.276406E+04 0.5547E+02      0 0.0000E+00       0      0      0      0    38455    2196     503    1159    5830    19963   25682       0
 178   1  0.123367E+08 0.272392E+04 0.5591E+02      0 0.0000E+00       0      0      0      0    39003    2174     516    1102    5865    19914   25531       0
 179   1  0.123668E+08 0.285087E+04 0.3052E+02      0 0.0000E+00       0      0      0      0    39044    2222     532    1109    5925    20394   25990       0
 180   1  0.123907E+08 0.273816E+04 0.5553E+02      0 0.0000E+00       0      0      0      0    39164    2204     509    1115    5779    20124   25535       0
 181   1  0.124199E+08 0.278047E+04 0.4057E+02      0 0.0000E+00       0      0      0      0    39071    2271     495    1162    5970    20384   25628       0
 182   1  0.124457E+08 0.281819E+04 0.5700E+02      0 0.0000E+00       0      0      0      0    39039    2157     517    1179    5949    20908   25349       0
 183   1  0.124781E+08 0.287269E+04 0.6303E+02      0 0.0000E+00       0      0      0      0    39230    2167     516    1144    5943    21125   25862       0
 184   1  0.125034E+08 0.287374E+04 0.5576E+02      0 0.0000E+00       0      0      0      0    39131    2253     521    1085    5785    20937   25483       0
 185   1  0.125355E+08 0.288451E+04 0.4977E+02      0 0.0000E+00       0      0      0      0    39685    2112     494    1170    5754    20985   25746       0
 186   1  0.125627E+08 0.283167E+04 0.3089E+02      0 0.0000E+00       0      0      0      0    39327    2212     530    1073    5696    20951   25508       0
 187   1  0.125914E+08 0.289299E+04 0.7307E+02      0 0.0000E+00       0      0      0      0    39574    2099     497    1108    5833    21379   25507       0
 188   1  0.126248E+08 0.295938E+04 0.4384E+02      0 0.0000E+00       0      0      0      0    39749    2243     491    1138    5834    21780   25532       0
 189   1  0.126531E+08 0.294982E+04 0.9446E+02      0 0.0000E+00       0      0      0      0    39332    2180     478    1080    5699    21674   25531       0
 190   1  0.126865E+08 0.298885E+04 0.8074E+02      0 0.0000E+00       0      0      0      0    39717    2162     481    1050    5852    21833   25707       0
 191   1  0.127220E+08 0.301817E+04 0.6644E+02      0 0.0000E+00       0      0      0      0    39735    2218     490    1143    5918    22091   25771       0
 192   1  0.127533E+08 0.301871E+04 0.5364E+02      0 0.0000E+00       0      0      0      0    39826    2086     509    1106    5721    22265   25352       0
 193   1  0.127868E+08 0.298133E+04 0.3393E+02      0 0.0000E+00       0      0      0      0    40093    2207     493    1072    5952    22184   25272       0
 194   1  0.128163E+08 0.308298E+04 0.4992E+02      0 0.0000E+00       0      0      0      0    40081    2126     462    1143    5770    22748   25951       0
 195   1  0.128452E+08 0.303454E+04 0.4862E+02      0 0.0000E+00       0      0      0      0    39904    2080     495    1075    5669    22786   25408       0
 196   1  0.128803E+08 0.309450E+04 0.4035E+02      0 0.0000E+00       0      0      0      0    40074    2166     483    1115    5795    22900   25665       0
 197   1  0.129120E+08 0.311201E+04 0.5922E+02      0 0.0000E+00       0      0      0      0    40306    2141     474    1150    5838    23232   25634       0
 198   1  0.129448E+08 0.312986E+04 0.5239E+02      0 0.0000E+00       0      0      0      0    40045    2173     486    1143    5861    23140   25747       0
 199   1  0.129763E+08 0.309281E+04 0.4750E+02      0 0.0000E+00       0      0      0      0    40034    2203     475    1096    5857    23117   25808       0
 200   1  0.130097E+08 0.316712E+04 0.5783E+02      0 0.0000E+00       0      0      0      0    40389    2131     476    1096    5753    23528   25333       0
 201   1  0.130417E+08 0.316744E+04 0.4244E+02      0 0.0000E+00       0      0      0      0    40206    2163     504    1049    5928    23666   25718       0
 202   1  0.130779E+08 0.318143E+04 0.5189E+02      0 0.0000E+00       0      0      0      0    40279    2171     467    1107    5964    23882   25762       0
 203   1  0.131156E+08 0.324307E+04 0.5044E+02      0 0.0000E+00       0      0      0      0    40952    2107     468    1076    5748    24292   25770       0
 204   1  0.131517E+08 0.322704E+04 0.8207E+02      0 0.0000E+00       0      0      0      0    40382    2155     498    1051    5807    23992   25457       0
 205   1  0.131945E+08 0.326723E+04 0.2398E+02      0 0.0000E+00       0      0      0      0    40665    2064     483    1110    5720    24421   25723       0
 206   1  0.132432E+08 0.322721E+04 0.3165E+02      0 0.0000E+00       0      0      0      0    41088    2117     472    1085    5845    24538   25839       0
 207   1  0.132928E+08 0.332277E+04 0.5702E+02      0 0.0000E+00       0      0      0      0    40923    2140     459    1133    5777    25114   25539       0
 208   1  0.133474E+08 0.333344E+04 0.3372E+02      0 0.0000E+00       0      0      0      0    41499    2091     480    1089    5808    24787   25794       0
 209   1  0.134074E+08 0.335861E+04 0.2337E+02      0 0.0000E+00       0      0      0      0    41502    2123     458    1085    6101    25337   25981       0
 210   1  0.134651E+08 0.337400E+04 0.3008E+02      0 0.0000E+00       0      0      0      0    41350    2159     477    1110    5934    25374   25987       0
 211   1  0.135237E+08 0.340664E+04 0.6873E+02      0 0.0000E+00       0      0      0      0    41577    2049     490    1087    5987    25831   25960       0
 212   1  0.135810E+08 0.344825E+04 0.4087E+02      0 0.0000E+00       0      0      0      0    41699    2145     446    1114    6011    25992   26221       0
 213   1  0.136310E+08 0.346509E+04 0.5837E+02      0 0.0000E+00       0      0      0      0    41988    2049     479    1034    5803    26141   25868       0
 214   1  0.136819E+08 0.352320E+04 0.7243E+02      0 0.0000E+00       0      0      0      0    41992    2047     460    1090    5643    26347   25966       0
 215   1  0.137370E+08 0.351343E+04 0.7940E+02      0 0.0000E+00       0      0      0      0    41700    2129     433    1048    5923    26592   26030       0
 216   1  0.137956E+08 0.353861E+04 0.3553E+02      0 0.0000E+00       0      0      0      0    42427    2038     434    1039    5932    27161   26257       0
 217   1  0.138492E+08 0.358760E+04 0.6603E+02      0 0.0000E+00       0      0      0      0    42302    1992     463    1021    5992    27138   25877       0
 218   1  0.139093E+08 0.365083E+04 0.3057E+02      0 0.0000E+00       0      0      0      0    42034    2032     460    1070    5802    27487   25892       0
 219   1  0.139797E+08 0.364713E+04 0.5787E+02      0 0.0000E+00       0      0      0      0    42703    2093     442    1057    6033    27749   26265       0
 220   1  0.140421E+08 0.370938E+04 0.3679E+02      0 0.0000E+00       0      0      0      0    42721    2050     456    1070    6113    27967   26465       0
 221   1  0.141047E+08 0.369845E+04 0.1050E+03      0 0.0000E+00       0      0      0      0    42282    2110     405     982    5900    28243   25869       0
 222   1  0.141761E+08 0.381611E+04 0.3070E+02      0 0.0000E+00       0      0      0      0    42773    2072     407    1035    5834    28972   26472       0
 223   1  0.142362E+08 0.381967E+04 0.7853E+02      0 0.0000E+00       0      0      0      0    42598    2158     403    1012    5851    29028   26264       0
 224   1  0.143009E+08 0.381912E+04 0.8199E+02      0 0.0000E+00       0      0      0      0    43046    2055     434    1064    6075    29191   26385       0
 225   1  0.143642E+08 0.390998E+04 0.6402E+02      0 0.0000E+00       0      0      0      0    43235    2123     449    1049    6200    29955   26513       0
 226   1  0.144181E+08 0.387881E+04 0.5737E+02      0 0.0000E+00       0      0      0      0    42911    2111     415     948    5841    30082   25881       0
 227   1  0.144850E+08 0.394542E+04 0.8244E+02      0 0.0000E+00       0      0      0      0    43456    2025     422    1042    5880    30205   26250       0
 228   1  0.145549E+08 0.401551E+04 0.8496E+02      0 0.0000E+00       0      0      0      0    43716    2054     376     978    5873    30942   26258       0
 229   1  0.146336E+08 0.395788E+04 0.6385E+02      0 0.0000E+00       0      0      0      0    43661    2013     434     966    5936    30790   26396       0
 230   1  0.147190E+08 0.410760E+04 0.6226E+02      0 0.0000E+00       0      0      0      0    43765    2032     433     965    5992    31576   26568       0
 231   1  0.148070E+08 0.410973E+04 0.5641E+02      0 0.0000E+00       0      0      0      0    43239    2039     392     994    5921    31945   26258       0
 232   1  0.149024E+08 0.416209E+04 0.2654E+02      0 0.0000E+00       0      0      0      0    43788    1953     422     984    5863    32234   26297       0
 233   1  0.150000E+08 0.425778E+04 0.9312E+02      0 0.0000E+00       0      0      0      0    43689    1925     413     961    6052    32825   26472       0
 234   1  0.151019E+08 0.427000E+04 0.3429E+02      0 0.0000E+00       0      0      0      0    43903    1974     410     944    5895    33189   26626       0
 235   1  0.152083E+08 0.427356E+04 0.3367E+02      0 0.0000E+00       0      0      0      0    44141    1936     389     991    5769    33113   26516       0
 236   1  0.153186E+08 0.426986E+04 0.4395E+02      0 0.0000E+00       0      0      0      0    44301    2122     425     939    6034    33437   26645       0
 237   1  0.154314E+08 0.435480E+04 0.4034E+02      0 0.0000E+00       0      0      0      0    44233    1991     420    1011    5965    33990   26594       0
 238   1  0.155509E+08 0.444141E+04 0.2959E+02      0 0.0000E+00       0      0      0      0    44495    1942     397    1016    5988    34491   26765       0
 239   1  0.156735E+08 0.448752E+04 0.8945E+02      0 0.0000E+00       0      0      0      0    44777    1933     427     958    5882    34934   26626       0
 240   1  0.158017E+08 0.447492E+04 0.5553E+02      0 0.0000E+00       0      0      0      0    44996    1961     395     912    6022    35143   27137       0
 241   1  0.159390E+08 0.465649E+04 0.7171E+02      0 0.0000E+00       0      0      0      0    44710    1957     404     926    5967    35982   27142       0
 242   1  0.160826E+08 0.458058E+04 0.3868E+02      0 0.0000E+00       0      0      0      0    44814    1997     397    1005    6010    35845   26968       0
 243   1  0.162387E+08 0.468919E+04 0.3752E+02      0 0.0000E+00       0      0      0      0    45547    2018     406     957    6171    36492   27524       0
 244   1  0.163903E+08 0.477480E+04 0.9116E+02      0 0.0000E+00       0      0      0      0    45752    2086     395     964    6106    36969   27512       0
 245   1  0.165498E+08 0.473422E+04 0.8316E+02      0 0.0000E+00       0      0      0      0    45120    1935     375     956    5739    36815   27263       0
 246   1  0.167208E+08 0.477090E+04 0.3520E+02      0 0.0000E+00       0      0      0      0    46099    2047     386     869    5907    37171   27399       0
 247   1  0.169024E+08 0.486676E+04 0.5447E+02      0 0.0000E+00       0      0      0      0    46202    2113     378     931    6034    37741   27896       0
 248   1  0.170928E+08 0.490655E+04 0.4081E+02      0 0.0000E+00       0      0      0      0    46169    2043     398     923    6099    38254   28331       0
 249   1  0.172951E+08 0.499522E+04 0.4881E+02      0 0.0000E+00       0      0      0      0    46782    2163     373     898    6082    38841   28306       0
 250   1  0.175110E+08 0.507830E+04 0.4833E+02      0 0.0000E+00       0      0      0      0    46762    1959     369     923    6223    39606   28591       0
 251   1  0.177354E+08 0.511300E+04 0.4092E+02      0 0.0000E+00       0      0      0      0    47513    2058     385     898    6327    39685   28846       0
 252   1  0.179738E+08 0.508637E+04 0.3304E+02      0 0.0000E+00       0      0      0      0    47643    2105     386     939    6333    39973   29119       0
 253   1  0.182320E+08 0.530630E+04 0.4042E+02      0 0.0000E+00       0      0      0      0    48170    2240     370     926    6273    41039   29589       0
 254   1  0.185017E+08 0.527555E+04 0.6618E+02      0 0.0000E+00       0      0      0      0    49047    2158     360     928    6367    41250   29842       0
 255   1  0.187878E+08 0.537079E+04 0.9906E+02      0 0.0000E+00       0      0      0      0    49451    2159     404     939    6537    42205   30109       0
 256   1  0.190865E+08 0.551809E+04 0.6320E+02      0 0.0000E+00       0      0      0      0    49693    2147     374     901    6248    42823   30036       0
 257   1  0.194112E+08 0.562809E+04 0.1098E+03      0 0.0000E+00       0      0      0      0    50114    2234     364     908    6293    43704   30712       0
 258   1  0.197686E+08 0.565625E+04 0.8113E+02      0 0.0000E+00       0      0      0      0    51280    2191     390     910    6496    44282   31036       0
 259   1  0.201436E+08 0.576249E+04 0.4874E+02      0 0.0000E+00       0      0      0      0    51441    2124     411     847    6471    45120   31050       0
 260   1  0.205574E+08 0.586817E+04 0.4709E+02      0 0.0000E+00       0      0      0      0    53272    2147     415     840    6682    45560   31849       0
 261   1  0.210041E+08 0.593227E+04 0.5159E+02      0 0.0000E+00       0      0      0      0    54178    2245     415     860    6818    46611   32647       0
 262   1  0.214912E+08 0.604014E+04 0.4373E+02      0 0.0000E+00       0      0      0      0    55552    2229     422     847    6808    47483   32730       0
 263   1  0.220349E+08 0.615064E+04 0.6574E+02      0 0.0000E+00       0      0      0      0    57933    2232     413     841    6880    48291   33488       0
 264   1  0.226349E+08 0.625100E+04 0.9393E+02      0 0.0000E+00       0      0      0      0    59934    2158     418     851    6960    49122   34256       0
 265   1  0.233124E+08 0.633071E+04 0.4239E+02      0 0.0000E+00       0      0      0      0    63255    2235     409     812    7386    49827   34833       0
 266   1  0.240811E+08 0.644406E+04 0.2898E+02      0 0.0000E+00       0      0      0      0    68067    2298     403     799    7525    50380   36323       0
 267   1  0.249492E+08 0.652904E+04 0.1070E+03      0 0.0000E+00       0      0      0      0    75026    2299     409     784    7570    50929   36987       0
 268   1  0.259460E+08 0.651736E+04 0.1005E+03      0 0.0000E+00       0      0      0      0    84122    2279     408     769    7736    51367   38188       0
 269   1  0.271102E+08 0.659949E+04 0.6215E+02      0 0.0000E+00       0      0      0      0    98190    2358     377     735    7988    51643   39323       0
 270   1  0.284831E+08 0.664209E+04 0.1368E+03      0 0.0000E+00       0      0      0      0   122789    2395     365     690    7965    51886   41715       0
 271   1  0.301096E+08 0.659509E+04 0.1811E+03      0 0.0000E+00       0      0      0      0   162713    2455     354     668    8067    51811   44400       0
 272   1  0.320275E+08 0.657013E+04 0.2458E+03      0 0.0000E+00       0      0      0      0   232223    2458     361     593    7700    51018   48330       0
 273   1  0.342200E+08 0.641823E+04 0.4065E+03      0 0.0000E+00       0      0      0      0   348607    2321     306     472    7454    50163   53545       0
 274   1  0.365380E+08 0.624320E+04 0.3005E+03      0 0.0000E+00       0      0      0      0   532990    2239     244     376    6766    48304   61181       0
 275   1  0.386424E+08 0.575640E+04 0.4785E+03      0 0.0000E+00       0      0      0      0   795921    1885     198     308    6098    44943   71476       0
 276   1  0.399492E+08 0.519499E+04 0.4316E+03      0 0.0000E+00       0      0      0      0  1120261    1631     158     230    5125    40470   82026       0
 277   1  0.398093E+08 0.448351E+04 0.2860E+03      0 0.0000E+00       0      0      0      0  1463516    1350     119     169    4096    34910   91726       0
 278   1  0.376290E+08 0.361503E+04 0.3826E+03      0 0.0000E+00       0      0      0      0  1745090    1068      87     141    3261    28375   96483       0
 279   1  0.332388E+08 0.283562E+04 0.3509E+03      0 0.0000E+00       0      0      0      0  1880687     706      82      89    2341    21996   94011       0
 280   1  0.270575E+08 0.207110E+04 0.2518E+03      0 0.0000E+00       0      0      0      0  1813452     508      65      52    1572    15961   84121       0
 281   1  0.200695E+08 0.144125E+04 0.1774E+03      0 0.0000E+00       0      0      0      0  1552979     360      51      37    1201    11226   67455       0
 282   1  0.134516E+08 0.975825E+03 0.6864E+02      0 0.0000E+00       0      0      0      0  1180715     291      44      29     885     7707   49461       0
 283   1  0.807010E+07 0.676337E+03 0.8391E+02      0 0.0000E+00       0      0      0      0   788806     206      62      34     713     5212   32570       0
 284   1  0.431447E+07 0.507893E+03 0.2028E+02      0 0.0000E+00       0      0      0      0   463191     175      49      27     549     3926   19819       0
 285   1  0.206009E+07 0.417691E+03 0.1639E+02      0 0.0000E+00       0      0      0      0   237248     200      47      32     568     3203   11293       0
 286   1  0.892045E+06 0.417432E+03 0.6357E+01      0 0.0000E+00       0      0      0      0   107680     165      63      33     546     3055    7122       0
 287   1  0.366350E+06 0.383165E+03 0.1453E+02      0 0.0000E+00       0      0      0      0    43331     199      45      29     535     2853    4900       0
 288   1  0.161167E+06 0.359396E+03 0.6887E+01      0 0.0000E+00       0      0      0      0    16216     166      52      33     541     2698    4012       0
 289   1  0.953401E+05 0.363465E+03 0.1293E+02      0 0.0000E+00       0      0      0      0     6444     198      59      29     529     2785    3751       0
 290   1  0.759206E+05 0.356848E+03 0.1516E+02      0 0.0000E+00       0      0      0      0     3634     187      61      33     533     2709    3640       0
 291   1  0.713012E+05 0.384989E+03 0.0000E+00      0 0.0000E+00       0      0      0      0     2908     181      51      21     519     2801    3633       0
 292   1  0.707285E+05 0.360868E+03 0.9501E+01      0 0.0000E+00       0      0      0      0     2731     166      42      38     590     2791    3663       0
 293   1  0.696243E+05 0.350137E+03 0.1696E+02      0 0.0000E+00       0      0      0      0     2715     165      64      42     514     2680    3561       0
 294   1  0.687091E+05 0.368864E+03 0.2366E+02      0 0.0000E+00       0      0      0      0     2683     147      48      23     510     2695    3534       0
 295   1  0.684759E+05 0.351136E+03 0.6480E+01      0 0.0000E+00       0      0      0      0     2638     173      47      35     479     2612    3471       0
 296   1  0.689657E+05 0.366496E+03 0.1354E+02      0 0.0000E+00       0      0      0      0     2621     163      61      32     532     2705    3511       0
 297   1  0.692169E+05 0.349315E+03 0.1520E+02      0 0.0000E+00       0      0      0      0     2684     192      62      36     509     2570    3480       0
 298   1  0.679035E+05 0.344894E+03 0.2039E+02      0 0.0000E+00       0      0      0      0     2564     177      41      26     522     2521    3382       0
 299   1  0.669494E+05 0.350010E+03 0.0000E+00      0 0.0000E+00       0      0      0      0     2518     153      55      36     494     2603    3449       0
 300   1  0.671193E+05 0.340651E+03 0.1094E+02      0 0.0000E+00       0      0      0      0     2469     138      43      26     497     2547    3400       0
 301   0  0.000000E+00 0.000000E+00 0.0000E+00      0 0.0000E+00       0      0      0      0        0       0       0       0       0        0       0       0
  SUMM:   0.372835E+10 0.781792E+06 0.1656E+05     93 0.1318E+04       0      0      0      0 24374993  635440  147527  314088 1667140  5645623 7942958       0
ZONE	MED	C10	C11	N12	N13	O13	O14	O15	F17	F18	
1	1	617	1615	0	604	10	176	3504	0	0	
2	1	589	1498	0	662	5	160	3559	0	0	
3	1	637	1500	0	652	5	171	3546	0	0	
4	1	643	1473	0	681	9	202	3576	1	0	
5	1	655	1550	0	645	9	187	3484	1	0	
6	1	614	1501	0	634	11	206	3512	0	1	
7	1	627	1566	0	604	9	174	3571	0	0	
8	1	602	1558	0	682	6	183	3627	0	2	
9	1	646	1577	0	650	7	198	3578	0	0	
10	1	606	1572	0	658	5	180	3572	0	0	
11	1	654	1591	0	676	5	178	3598	3	0	
12	1	546	1524	0	642	6	192	3591	2	0	
13	1	604	1500	0	672	5	170	3521	1	0	
14	1	636	1607	1	653	7	190	3701	0	0	
15	1	609	1575	0	693	5	183	3649	1	0	
16	1	643	1501	0	648	7	195	3612	1	0	
17	1	634	1598	1	675	4	188	3615	0	0	
18	1	643	1632	0	665	3	208	3643	1	0	
19	1	591	1587	0	622	10	150	3671	2	0	
20	1	652	1518	0	640	6	205	3703	0	0	
21	1	653	1553	0	620	9	188	3613	0	2	
22	1	670	1571	0	666	9	157	3559	2	0	
23	1	619	1528	0	650	13	207	3722	0	2	
24	1	649	1544	0	649	4	179	3691	1	1	
25	1	647	1554	0	665	9	179	3566	0	0	
26	1	636	1570	1	650	4	151	3579	0	2	
27	1	634	1515	1	694	3	185	3633	0	0	
28	1	570	1506	0	689	8	232	3765	2	0	
29	1	619	1585	0	674	11	175	3626	2	0	
30	1	602	1551	0	671	6	182	3642	1	0	
31	1	633	1528	0	669	2	176	3715	1	0	
32	1	690	1568	1	739	4	181	3643	0	0	
33	1	628	1579	0	694	4	177	3687	1	2	
34	1	624	1556	0	667	5	194	3723	0	0	
35	1	661	1617	0	633	13	199	3746	0	0	
36	1	599	1524	0	681	4	181	3747	2	0	
37	1	573	1558	0	653	6	195	3690	1	0	
38	1	672	1518	0	728	4	180	3705	0	0	
39	1	620	1550	0	706	6	201	3732	1	2	
40	1	626	1532	0	652	6	211	3757	0	2	
41	1	659	1630	0	703	5	197	3723	1	0	
42	1	656	1546	0	692	5	168	3753	1	2	
43	1	626	1650	0	671	5	198	3739	1	0	
44	1	612	1573	1	693	12	200	3698	1	0	
45	1	654	1603	0	687	6	211	3792	0	3	
46	1	631	1634	0	727	4	186	3829	0	0	
47	1	612	1589	0	662	4	174	3723	3	1	
48	1	657	1521	0	701	4	179	3827	2	0	
49	1	584	1565	1	708	3	180	3658	1	1	
50	1	590	1618	0	674	3	195	3792	0	0	
51	1	624	1557	0	693	9	191	3740	1	0	
52	1	613	1618	0	664	6	207	3842	1	0	
53	1	617	1558	0	638	4	209	3839	1	0	
54	1	613	1591	0	692	3	205	3798	0	1	
55	1	618	1519	0	701	6	203	3828	1	0	
56	1	631	1618	0	681	4	176	3798	0	1	
57	1	616	1531	1	711	8	185	3832	0	0	
58	1	623	1594	0	666	8	182	3796	2	0	
59	1	614	1532	0	679	7	166	3688	1	1	
60	1	649	1603	0	670	4	189	3809	0	2	
61	1	621	1585	1	741	5	200	3761	1	1	
62	1	648	1526	0	715	7	208	3789	0	0	
63	1	628	1543	0	730	5	207	3648	0	1	
64	1	647	1562	0	661	4	204	3851	1	0	
65	1	646	1583	0	723	5	183	3864	0	0	
66	1	628	1525	1	666	5	182	3847	1	0	
67	1	656	1564	0	669	3	183	3852	1	0	
68	1	605	1589	0	761	5	171	3793	0	0	
69	1	626	1506	0	666	2	203	3902	0	1	
70	1	642	1582	0	721	5	182	3847	0	2	
71	1	579	1639	0	654	8	207	3828	1	0	
72	1	694	1520	0	684	4	188	3902	0	0	
73	1	637	1549	0	666	9	203	3739	0	2	
74	1	618	1558	0	687	4	205	3780	1	0	
75	1	655	1568	0	678	3	205	3802	0	1	
76	1	677	1582	0	686	6	206	3780	0	2	
77	1	699	1503	0	698	6	179	3762	0	3	
78	1	634	1570	0	680	9	198	3773	1	0	
79	1	613	1634	0	705	10	186	3813	0	0	
80	1	628	1506	0	663	8	204	3810	0	0	
81	1	682	1613	0	683	8	173	3868	2	0	
82	1	638	1621	0	655	4	212	3768	1	0	
83	1	637	1590	0	719	2	176	3886	0	0	
84	1	659	1546	0	700	5	216	3749	3	1	
85	1	615	1624	1	693	4	190	3883	0	0	
86	1	612	1529	0	745	11	196	3973	1	1	
87	1	609	1567	0	731	6	194	3880	1	0	
88	1	630	1544	0	649	4	181	3854	0	0	
89	1	636	1583	0	667	10	218	3910	1	1	
90	1	639	1506	0	678	7	191	3877	0	0	
91	1	615	1604	0	736	5	182	3940	0	0	
92	1	616	1609	0	695	8	218	3699	0	0	
93	1	555	1602	0	678	10	196	3756	2	0	
94	1	578	1580	0	698	6	192	3792	1	0	
95	1	604	1557	0	688	7	202	3762	1	0	
96	1	610	1591	1	683	7	169	3822	1	0	
97	1	616	1625	0	646	6	195	3874	0	1	
98	1	583	1573	1	738	6	226	3945	2	2	
99	1	620	1570	1	706	6	235	3965	0	0	
100	1	586	1570	1	673	11	183	3886	1	0	
101	1	615	1617	0	663	6	182	3893	0	0	
102	1	605	1595	0	694	5	207	3765	0	1	
103	1	560	1639	0	659	11	158	3716	0	1	
104	1	648	1578	0	704	7	207	3831	0	0	
105	1	607	1611	0	684	7	204	3825	2	0	
106	1	584	1650	0	741	10	208	3939	0	2	
107	1	572	1547	0	643	6	192	3844	1	0	
108	1	609	1615	0	653	5	204	3790	0	0	
109	1	565	1570	0	684	5	180	3928	0	1	
110	1	632	1603	0	729	8	188	3987	1	2	
111	1	609	1598	0	690	6	178	3852	1	0	
112	1	641	1557	0	677	8	182	3854	0	1	
113	1	626	1588	0	672	3	167	3892	1	1	
114	1	612	1554	1	700	7	187	3909	0	1	
115	1	602	1576	0	704	13	186	3897	0	0	
116	1	585	1518	0	651	7	186	3853	2	3	
117	1	632	1565	0	637	8	218	3888	1	0	
118	1	595	1572	0	683	5	211	3854	0	0	
119	1	591	1592	0	658	5	197	3913	1	1	
120	1	618	1576	0	632	4	190	3912	0	0	
121	1	588	1520	0	662	6	184	3828	0	2	
122	1	578	1611	2	700	9	196	3853	0	0	
123	1	582	1586	0	695	4	201	3836	1	0	
124	1	614	1574	0	707	4	208	3899	0	0	
125	1	608	1585	1	660	10	178	3860	0	0	
126	1	626	1519	0	644	2	206	3827	0	1	
127	1	601	1606	1	695	4	204	3860	2	0	
128	1	600	1554	1	649	2	194	3830	1	2	
129	1	571	1546	0	670	2	205	3902	1	1	
130	1	570	1527	0	695	9	198	3871	1	0	
131	1	602	1498	0	663	8	191	3878	1	1	
132	1	622	1542	0	712	7	210	3891	0	0	
133	1	641	1591	0	653	5	209	3815	1	0	
134	1	597	1524	0	678	6	196	3828	0	1	
135	1	599	1571	0	735	7	189	3887	1	0	
136	1	607	1590	0	690	3	189	3786	0	0	
137	1	624	1540	0	654	5	208	3794	0	0	
138	1	614	1483	0	642	2	205	3880	0	0	
139	1	631	1637	0	682	5	188	3867	3	0	
140	1	626	1526	0	656	4	169	3892	1	0	
141	1	579	1532	0	651	8	214	3772	0	0	
142	1	616	1563	0	666	8	194	3734	0	0	
143	1	623	1544	0	682	6	176	3829	0	1	
144	1	593	1556	0	703	10	181	3917	1	0	
145	1	594	1547	0	662	10	190	3905	0	0	
146	1	634	1574	1	713	10	171	3912	1	2	
147	1	600	1584	0	703	9	199	3858	1	1	
148	1	599	1569	0	731	6	195	3800	1	1	
149	1	560	1564	1	738	8	203	3824	1	1	
150	1	636	1568	1	646	7	209	3948	0	1	
151	1	594	1496	0	756	5	216	3822	1	0	
152	1	632	1584	0	719	12	193	3906	0	0	
153	1	603	1509	0	699	6	183	3894	2	1	
154	1	559	1585	0	745	1	177	3928	0	0	
155	1	589	1561	0	682	13	189	3916	2	0	
156	1	591	1510	0	706	9	191	3864	2	1	
157	1	606	1539	0	671	6	194	3853	0	1	
158	1	578	1520	1	651	5	210	3875	0	0	
159	1	611	1568	0	707	0	204	3892	1	0	
160	1	587	1567	0	686	5	218	3861	2	1	
161	1	605	1507	0	675	10	197	3877	1	2	
162	1	563	1506	0	667	10	216	3766	0	1	
163	1	587	1533	0	712	6	210	3912	0	0	
164	1	597	1538	0	678	2	190	3736	0	0	
165	1	562	1462	0	704	5	194	3847	0	0	
166	1	607	1499	0	751	9	199	3817	1	0	
167	1	592	1536	0	666	9	192	3931	1	0	
168	1	591	1546	0	696	5	197	3923	2	1	
169	1	603	1546	0	685	5	210	3914	3	0	
170	1	569	1608	0	663	4	184	3746	0	0	
171	1	568	1515	0	687	5	218	3892	0	0	
172	1	588	1616	0	684	3	191	3886	0	2	
173	1	551	1576	0	703	8	211	3852	0	1	
174	1	598	1488	1	624	9	216	3907	1	2	
175	1	566	1468	0	648	6	185	3876	0	0	
176	1	568	1505	0	678	8	199	3822	2	0	
177	1	583	1509	0	708	6	184	3846	1	2	
178	1	585	1440	0	690	6	171	3932	0	0	
179	1	567	1516	0	696	4	183	3930	0	1	
180	1	547	1472	0	674	7	178	3904	3	1	
181	1	579	1494	0	680	9	175	3822	0	1	
182	1	586	1449	0	626	3	201	3783	2	0	
183	1	562	1551	0	659	7	193	3932	2	1	
184	1	546	1497	0	637	6	194	3947	0	1	
185	1	559	1531	1	724	7	198	3970	2	0	
186	1	521	1459	1	705	9	196	3966	0	0	
187	1	550	1506	0	699	9	172	3845	1	1	
188	1	574	1547	0	657	8	166	3845	0	0	
189	1	539	1503	0	673	6	193	3841	1	1	
190	1	522	1490	1	667	7	175	3961	0	0	
191	1	579	1482	1	696	7	202	3881	0	1	
192	1	538	1497	0	648	3	218	3827	2	2	
193	1	580	1447	0	681	11	194	3870	0	0	
194	1	549	1467	2	759	7	213	3899	2	0	
195	1	538	1496	0	666	10	184	3864	0	1	
196	1	577	1467	0	695	9	198	4021	0	1	
197	1	576	1492	0	649	4	172	3891	0	0	
198	1	541	1484	0	729	5	200	3878	1	0	
199	1	557	1482	1	724	6	227	3898	1	0	
200	1	524	1568	0	710	8	195	3900	0	0	
201	1	545	1466	0	676	9	176	3916	0	1	
202	1	547	1421	0	711	8	184	4022	1	1	
203	1	515	1419	0	684	6	191	3882	1	1	
204	1	530	1471	0	679	6	190	3906	1	1	
205	1	551	1486	1	646	7	175	4083	0	0	
206	1	563	1428	0	683	7	203	4044	0	1	
207	1	580	1447	0	659	5	174	3897	0	0	
208	1	542	1409	0	720	7	199	3940	1	0	
209	1	578	1503	0	675	5	200	4003	0	0	
210	1	531	1437	0	682	7	176	4002	1	0	
211	1	503	1445	0	648	8	198	3973	2	0	
212	1	549	1560	0	628	4	198	3936	1	0	
213	1	541	1456	1	673	4	202	3992	0	1	
214	1	520	1458	0	689	7	193	3961	1	3	
215	1	518	1462	0	697	4	187	4030	1	1	
216	1	545	1404	0	676	15	211	4082	0	2	
217	1	524	1450	0	723	8	195	4036	1	1	
218	1	525	1430	0	735	5	212	4016	0	1	
219	1	546	1419	0	712	5	190	4087	2	0	
220	1	548	1530	0	716	3	225	4078	0	2	
221	1	528	1393	0	723	4	186	4061	1	0	
222	1	522	1408	0	710	5	200	4219	1	0	
223	1	526	1365	0	701	5	195	4142	0	0	
224	1	510	1436	1	726	6	211	3967	0	2	
225	1	478	1425	0	706	5	185	4086	0	2	
226	1	500	1383	0	675	5	216	3968	1	2	
227	1	541	1408	0	752	9	205	4058	0	4	
228	1	449	1468	0	684	7	228	4061	2	0	
229	1	515	1430	0	684	5	205	4067	1	4	
230	1	502	1475	0	698	8	204	4176	1	1	
231	1	504	1447	0	706	4	222	4028	0	1	
232	1	477	1367	0	731	6	229	4140	0	0	
233	1	509	1340	0	666	3	217	4197	1	3	
234	1	493	1358	0	700	5	174	4195	0	1	
235	1	501	1346	0	683	5	194	4142	1	1	
236	1	492	1390	1	701	6	191	4237	2	1	
237	1	505	1426	0	771	13	190	4258	0	1	
238	1	447	1377	0	715	8	222	4181	2	2	
239	1	459	1376	0	750	8	191	4276	1	1	
240	1	476	1340	0	741	3	240	4343	1	2	
241	1	455	1339	0	764	7	179	4358	1	2	
242	1	426	1339	0	722	6	216	4298	0	1	
243	1	492	1353	1	752	5	228	4434	0	2	
244	1	443	1400	0	790	10	252	4376	1	3	
245	1	382	1326	0	744	6	219	4372	6	1	
246	1	433	1250	0	748	6	218	4551	0	2	
247	1	440	1356	0	727	6	255	4567	1	1	
248	1	448	1295	1	764	6	225	4687	0	2	
249	1	440	1261	0	799	7	219	4737	0	1	
250	1	423	1247	0	797	4	214	4785	1	0	
251	1	434	1258	1	734	8	243	4810	0	1	
252	1	437	1211	0	830	6	245	4781	2	1	
253	1	408	1232	0	809	6	245	5009	0	0	
254	1	433	1159	0	755	2	241	5113	1	2	
255	1	408	1193	1	805	6	223	5097	1	2	
256	1	406	1098	0	834	6	236	5327	0	0	
257	1	355	1081	0	820	7	269	5294	1	1	
258	1	371	969		0	809	3	272	5458	1	5	
259	1	364	941		0	761	5	266	5439	2	1	
260	1	324	917		0	821	3	302	5792	1	2	
261	1	294	921		0	868	3	275	5828	1	2	
262	1	270	834		0	829	2	266	5957	2	0	
263	1	230	830		0	800	1	297	6086	2	2	
264	1	236	699		0	758	1	306	6616	2	3	
265	1	170	757		0	781	1	313	6593	1	4	
266	1	161	666		1	689	1	299	6784	4	2	
267	1	115	591		0	669	0	306	6691	4	2	
268	1	106	544		0	658	0	303	6999	4	0	
269	1	74	472		0	568	0	261	7001	5	1	
270	1	26	387		0	530	0	262	7253	2	3	
271	1	29	290		0	451	0	251	7004	3	4	
272	1	20	230		0	421	0	258	7235	3	1	
273	1	21	171		0	365	0	199	6591	5	5	
274	1	5	127		0	313	0	174	6054	2	4	
275	1	2	85		0	306	0	122	5353	7	10	
276	1	4	66		0	246	0	90	4399	8	13	
277	1	7	54		0	257	0	50	3454	8	3	
278	1	2	42		0	193	0	26	2531	7	11	
279	1	5	42		0	147	0	17	1772	8	4	
280	1	4	34		0	134	0	10	1069	6	4	
281	1	9	36		0	89	0	5	621		6	2	
282	1	5	47		0	67	0	6	396		2	3	
283	1	1	47		0	28	0	5	209		6	0	
284	1	3	27		0	23	0	2	154		3	1	
285	1	3	37		0	14	1	6	132		1	0	
286	1	3	41		0	14	0	0	152		0	0	
287	1	3	32		0	14	0	2	139		0	0	
288	1	3	39		0	11	0	6	125		0	0	
289	1	3	35		0	9	1	2	147		0	0	
290	1	3	36		0	19	0	2	136		0	0	
291	1	5	33		0	13	1	1	128		0	0	
292	1	12	36		0	14	0	0	139		0	0	
293	1	2	27		0	12	0	3	125		0	0	
294	1	4	38		0	11	0	2	130		0	0	
295	1	3	32		0	7	0	2	107		0	0	
296	1	7	27		0	13	0	3	119		0	0	
297	1	5	42		0	11	0	6	109		0	0	
298	1	4	29		0	11	0	1	127		1	0	
299	1	5	38		0	15	0	5	118		0	0	
300	1	3	33		0	16	0	3	155		0	0	
301	0	0	0		0	0	0	0	0		0	0	
SUM	==>	152504	400522	42	190240	1649	55432	1135714	285	261	
