15000000
400
ZONE	MED	LOSS(MEV)	(MEV)	EXCITATION	PI0	(MEV)	PI+	K+	MU-	MU+	PROT	DEUT	TRIT	HE3	ALPH	ELSC	INEL	FISS
1	1	6748060	952438	2117	1	1003	0	0	0	0	7157	1500	354	891	4068	5305	16766	0
2	1	6820820	95969	6158	2	2633	0	0	0	0	9441	1662	426	948	4108	5488	16744	0
3	1	6875460	974437	2994	1	1917	0	0	0	0	10673	1763	440	986	4269	5512	17141	0
4	1	6916210	962913	2875	1	1319	0	0	0	0	11594	1813	504	932	4159	5562	17028	0
5	1	6955490	975062	3093	1	2905	0	0	0	0	12460	1796	471	940	4048	5625	16891	0
6	1	6995920	990146	279	3	2619	0	0	0	0	13076	1870	448	993	4258	5785	17389	0
7	1	7032420	103213	3044	3	5692	0	0	0	0	13956	1907	517	965	4479	5948	17612	0
8	1	7056760	994301	8604	2	3097	0	0	0	0	14151	1797	494	984	4272	5799	17339	0
9	1	7084580	997615	1848	4	5146	0	0	0	0	14484	1858	477	958	4258	5981	17350	0
10	1	7114080	100648	1455	3	8936	0	0	0	0	14965	1807	462	1053	4361	5974	17627	0
11	1	7137480	102951	3326	6	1122	0	0	0	0	15306	1859	475	953	4241	6096	17611	0
12	1	7163610	105821	2853	0	0	0	0	0	0	15590	1837	490	963	4390	6252	17627	0
13	1	7187240	106674	7959	0	0	0	0	0	0	15959	1787	451	919	4401	6223	17803	0
14	1	7214950	107288	1399	5	5001	0	0	0	0	16387	1864	464	1019	4426	6351	18067	0
15	1	7234670	106567	2354	3	2097	0	0	0	0	16475	1983	473	981	4328	6490	17832	0
16	1	7256480	108775	3266	4	6477	0	0	0	0	16816	1886	495	981	4333	6444	17873	0
17	1	7272670	110201	4236	1	2761	0	0	0	0	16950	1788	462	968	4349	6643	17856	0
18	1	7299070	11007	263	3	1048	0	0	0	0	17349	1875	440	972	4261	6590	18107	0
19	1	7323510	112937	1406	4	6273	0	0	0	0	17928	1884	498	1020	4437	6664	18509	0
20	1	7337930	113677	137	2	3886	0	0	0	0	18002	1896	487	897	4321	6687	18307	0
21	1	7361340	11451	252	1	3322	0	0	0	0	18406	1851	457	920	4425	6784	18431	0
22	1	7381900	114624	2537	1	1412	0	0	0	0	18311	1905	470	1004	4434	6776	18327	0
23	1	7402540	112743	7877	3	184	0	0	0	0	18329	1909	516	1007	4552	6881	18531	0
24	1	7422570	115832	4794	3	3621	0	0	0	0	18920	1957	448	985	4308	6925	18578	0
25	1	7444100	115037	1258	0	0	0	0	0	0	19250	1907	461	1079	4616	6918	18790	0
26	1	7461490	116113	2304	3	1463	0	0	0	0	19103	1916	489	999	4510	7074	18523	0
27	1	7481950	118034	2224	0	0	0	0	0	0	19327	1898	494	1041	4550	7124	18523	0
28	1	7494420	113679	3642	1	4983	0	0	0	0	19482	1856	448	999	4467	7019	18675	0
29	1	7512420	119379	417	2	1376	0	0	0	0	19677	1793	507	950	4410	7174	18627	0
30	1	7533280	119317	316	2	2289	0	0	0	0	19951	1929	509	1000	4357	7260	18929	0
31	1	7551940	117128	3796	1	1675	0	0	0	0	19962	1840	466	1031	4457	7225	18803	0
32	1	7568850	114719	1381	0	0	0	0	0	0	19956	1880	519	964	4624	7233	18686	0
33	1	7588860	120451	244	1	9465	0	0	0	0	20469	1899	428	1012	4433	7380	18900	0
34	1	7605980	12032	5034	1	5202	0	0	0	0	20698	1897	469	931	4576	7379	18913	0
35	1	7618450	12096	2624	1	1602	0	0	0	0	20616	1906	461	1031	4384	7474	18802	0
36	1	7639900	11994	2541	1	3056	0	0	0	0	20655	1922	466	1065	4576	7301	19124	0
37	1	7656340	123752	3868	0	0	0	0	0	0	21192	1929	488	968	4539	7646	18965	0
38	1	7671240	122629	2563	0	0	0	0	0	0	21058	2023	489	959	4599	7582	19175	0
39	1	7690300	122919	2121	1	1777	0	0	0	0	21152	1919	460	977	4649	7607	19072	0
40	1	7704800	122418	2209	2	1483	0	0	0	0	21478	1879	478	1004	4570	7713	19003	0
41	1	7718660	120649	4298	1	7814	0	0	0	0	21327	1933	477	1003	4534	7741	18991	0
42	1	7737430	128405	6885	2	1752	0	0	0	0	21875	1960	498	1002	4460	7801	19201	0
43	1	7750870	124382	1505	0	0	0	0	0	0	21571	1931	465	977	4547	7753	19145	0
44	1	7764830	126785	3766	1	608	0	0	0	0	21884	1826	521	1060	4544	7894	19280	0
45	1	7778120	125999	1662	0	0	0	0	0	0	21937	1906	451	1016	4482	8068	19111	0
46	1	7797310	128747	5969	1	3535	0	0	0	0	21861	1916	486	1025	4597	7902	19317	0
47	1	7816740	12727	2454	0	0	0	0	0	0	22407	1926	481	981	4610	7965	19228	0
48	1	7831030	126787	3942	0	0	0	0	0	0	22490	1951	468	1039	4705	8198	19318	0
49	1	7843680	126856	9089	1	6924	0	0	0	0	22264	1858	498	967	4693	7958	19446	0
50	1	7861270	128331	1022	0	0	0	0	0	0	22760	1916	469	981	4688	8012	19586	0
51	1	7878800	129527	2069	0	0	0	0	0	0	22669	1954	475	1079	4501	8165	19497	0
52	1	7888930	128144	3561	1	1152	0	0	0	0	22859	1896	497	970	4555	8144	19217	0
53	1	7899200	132315	2303	0	0	0	0	0	0	22805	1903	476	968	4617	8293	19483	0
54	1	7917030	130743	2991	0	0	0	0	0	0	23019	1878	456	955	4663	8253	19595	0
55	1	7936900	129272	4564	0	0	0	0	0	0	23017	1866	507	1001	4591	8194	19561	0
56	1	7950400	132341	1892	1	5071	0	0	0	0	23536	1933	429	964	4399	8334	19654	0
57	1	7961780	135268	1988	0	0	0	0	0	0	23583	1986	440	923	4508	8498	19424	0
58	1	7973660	132123	7149	1	5266	0	0	0	0	23285	1906	462	1044	4599	8477	19554	0
59	1	7989150	135258	1847	0	0	0	0	0	0	23808	1905	504	1007	4627	8592	19404	0
60	1	7997080	13334	2451	0	0	0	0	0	0	23583	1828	459	955	4592	8513	19486	0
61	1	8013690	135023	5055	0	0	0	0	0	0	23645	1856	483	1006	4672	8656	19646	0
62	1	8023510	134156	2076	1	2644	0	0	0	0	23490	1848	462	975	4506	8468	19299	0
63	1	8039540	135734	4094	0	0	0	0	0	0	23844	1797	487	957	4658	8671	19768	0
64	1	8054990	135605	1641	1	9244	0	0	0	0	23971	1883	476	917	4493	8726	19641	0
65	1	8071240	136165	5277	0	0	0	0	0	0	23960	1912	477	969	4467	8656	19427	0
66	1	8085060	136487	3514	0	0	0	0	0	0	24255	1801	443	969	4639	8721	19792	0
67	1	8098230	138124	1351	0	0	0	0	0	0	24612	1864	492	876	4724	8862	19883	0
68	1	8115820	135506	4563	0	0	0	0	0	0	24442	1891	483	975	4819	8810	19679	0
69	1	8127200	138557	2971	0	0	0	0	0	0	24650	1866	496	983	4408	9007	19610	0
70	1	8136770	140422	634	0	0	0	0	0	0	24674	1878	422	991	4635	8991	19788	0
71	1	8151030	14227	1654	0	0	0	0	0	0	24420	1865	488	1033	4720	9096	19731	0
72	1	8165430	139658	2855	0	0	0	0	0	0	24783	1902	452	944	4656	8983	19720	0
73	1	8179580	138031	3472	0	0	0	0	0	0	24909	1865	469	996	4512	9012	20053	0
74	1	8191940	143092	4605	0	0	0	0	0	0	24822	1964	497	1019	4606	9251	19955	0
75	1	8204730	142548	3836	0	0	0	0	0	0	24890	1862	473	1042	4706	9195	20014	0
76	1	8220050	142334	4426	0	0	0	0	0	0	25395	1905	494	999	4634	9127	19901	0
77	1	8234130	142258	3626	0	0	0	0	0	0	24997	1953	486	994	4690	9326	20050	0
78	1	8242620	143882	3103	0	0	0	0	0	0	25084	1801	479	983	4693	9350	19782	0
79	1	8257050	143026	6045	0	0	0	0	0	0	25142	1956	466	1026	4627	9333	19908	0
80	1	8270970	146905	1557	0	0	0	0	0	0	25475	1902	452	963	4513	9319	19834	0
81	1	8281950	145541	2862	0	0	0	0	0	0	25039	1913	459	931	4645	9352	19854	0
82	1	8296100	142209	3927	0	0	0	0	0	0	25402	1895	462	950	4598	9315	20133	0
83	1	8317860	146272	2617	0	0	0	0	0	0	25793	1862	442	977	4854	9524	20216	0
84	1	8331510	144616	4047	0	0	0	0	0	0	25944	1844	508	1029	4736	9450	20018	0
85	1	8343030	147162	4849	0	0	0	0	0	0	25831	1907	456	982	4733	9516	20023	0
86	1	8355760	146425	1842	0	0	0	0	0	0	25851	2010	495	994	4799	9634	20150	0
87	1	8366950	146056	1586	0	0	0	0	0	0	25859	1869	470	977	4688	9427	19987	0
88	1	8380100	146501	5254	0	0	0	0	0	0	26186	1928	428	1010	4661	9490	20278	0
89	1	8389890	150478	1532	0	0	0	0	0	0	25881	1945	486	939	4680	9853	19971	0
90	1	8403850	14942	3495	0	0	0	0	0	0	26031	1853	472	1065	4631	9891	20058	0
91	1	8416410	151101	147	1	1978	0	0	0	0	26380	1863	457	985	4555	9692	20098	0
92	1	8427890	149693	6697	0	0	0	0	0	0	26114	1865	467	965	4728	9822	20095	0
93	1	8442780	146836	3473	0	0	0	0	0	0	26241	1837	469	966	4584	9662	19988	0
94	1	8458610	146966	5763	0	0	0	0	0	0	26440	1950	492	914	4826	9654	20104	0
95	1	8473060	150283	4732	0	0	0	0	0	0	26830	1947	503	902	4914	9905	20396	0
96	1	8483670	152271	2635	0	0	0	0	0	0	26516	1983	467	1008	4811	10048	20214	0
97	1	8490430	151146	7355	0	0	0	0	0	0	26437	1914	486	969	4641	9846	19981	0
98	1	8504710	154459	4382	0	0	0	0	0	0	26534	1911	467	994	4672	10117	20382	0
99	1	8521720	154442	2306	0	0	0	0	0	0	26913	1897	485	978	4854	10166	20151	0
100	1	8530780	154416	1109	0	0	0	0	0	0	26856	1913	506	1012	4793	10207	20287	0
101	1	8537390	156267	5088	0	0	0	0	0	0	26695	1802	470	964	4545	10263	19982	0
102	1	8552520	155473	1324	0	0	0	0	0	0	26674	1878	436	957	4611	10264	20180	0
103	1	8569370	154884	4573	0	0	0	0	0	0	27303	1932	480	943	4533	10163	20356	0
104	1	8579020	156325	737	0	0	0	0	0	0	26693	1888	468	995	4574	10337	19946	0
105	1	8589090	152265	5672	0	0	0	0	0	0	26691	1831	478	957	4678	10180	19901	0
106	1	8605270	154153	3705	0	0	0	0	0	0	27175	1869	420	914	4567	10292	20267	0
107	1	8616650	158062	4925	0	0	0	0	0	0	27215	1887	427	1003	4663	10700	19915	0
108	1	8626060	158724	4698	0	0	0	0	0	0	27277	1904	472	979	4694	10625	19986	0
109	1	8638400	159273	5674	0	0	0	0	0	0	27051	1811	450	913	4650	10482	20068	0
110	1	8655140	159939	1268	0	0	0	0	0	0	27288	1867	470	978	4671	10783	20322	0
111	1	8666320	159452	4573	0	0	0	0	0	0	27543	1908	432	1006	4669	10609	20048	0
112	1	8675440	161892	6518	0	0	0	0	0	0	27550	1878	480	958	4607	10830	20144	0
113	1	8686920	159674	0	0	0	0	0	0	0	27517	1873	500	946	4779	10791	20290	0
114	1	8694270	164135	5924	0	0	0	0	0	0	27483	1855	477	916	4654	10926	20039	0
115	1	8708870	164109	49	0	0	0	0	0	0	27488	1873	453	969	4654	10943	20436	0
116	1	8721850	163108	3047	0	0	0	0	0	0	27741	1901	431	940	4769	10897	20172	0
117	1	8729890	165847	6776	0	0	0	0	0	0	27396	1850	455	940	4638	11078	20075	0
118	1	8748850	165445	6051	0	0	0	0	0	0	27855	1909	448	942	4832	11166	20276	0
119	1	8757630	16481	4104	0	0	0	0	0	0	27879	1862	471	950	4800	11250	20250	0
120	1	8764060	164259	1678	0	0	0	0	0	0	27911	1879	456	885	4561	11317	20031	0
121	1	8775570	166817	2735	0	0	0	0	0	0	27839	1824	442	931	4738	11310	19850	0
122	1	8786380	167962	1567	0	0	0	0	0	0	27915	1859	464	953	4659	11505	20041	0
123	1	8796420	169862	3486	0	0	0	0	0	0	27879	1849	482	924	4588	11478	19921	0
124	1	8810550	169544	3687	0	0	0	0	0	0	28095	1875	464	958	4508	11726	20034	0
125	1	8820290	169804	3219	0	0	0	0	0	0	27952	1834	430	952	4725	11737	19976	0
126	1	8836240	168927	2108	0	0	0	0	0	0	27826	1787	423	942	4779	11677	20133	0
127	1	8848590	170009	6116	0	0	0	0	0	0	28048	1782	451	991	4579	11610	19998	0
128	1	8863470	171742	1565	0	0	0	0	0	0	28455	1839	398	897	4630	11788	20253	0
129	1	8879590	174603	1704	0	0	0	0	0	0	28220	1883	434	951	4568	11891	20064	0
130	1	8895090	172101	1644	0	0	0	0	0	0	28008	1818	457	1033	4700	11889	20451	0
131	1	8905140	175459	4793	0	0	0	0	0	0	28510	1843	449	967	4645	11982	20134	0
132	1	8918160	173054	507	0	0	0	0	0	0	28230	1895	458	932	4662	11852	20244	0
133	1	8929460	177197	3585	0	0	0	0	0	0	28149	1754	434	905	4591	11958	20188	0
134	1	8944670	175815	3058	0	0	0	0	0	0	28591	1769	441	899	4572	12014	20202	0
135	1	8959090	173991	1445	0	0	0	0	0	0	28540	1872	447	964	4697	12123	20301	0
136	1	8971640	176172	5403	0	0	0	0	0	0	28548	1800	432	996	4699	12182	20455	0
137	1	8983780	174574	3902	0	0	0	0	0	0	28839	1777	434	893	4721	12113	20245	0
138	1	8998460	178214	3271	0	0	0	0	0	0	28645	1873	432	961	4729	12173	20288	0
139	1	9008430	176451	3431	0	0	0	0	0	0	29006	1869	466	904	4707	12159	20054	0
140	1	9017600	181197	3418	0	0	0	0	0	0	28940	1868	448	918	4666	12487	20196	0
141	1	9026500	17558	2831	0	0	0	0	0	0	28491	1791	441	1003	4678	12150	20115	0
142	1	9040440	177312	3334	0	0	0	0	0	0	29025	1788	505	921	4681	12416	20219	0
143	1	9050100	181263	5457	0	0	0	0	0	0	28867	1832	430	973	4590	12623	20469	0
144	1	9059950	184688	4688	0	0	0	0	0	0	28836	1829	468	981	4782	12663	20029	0
145	1	9074130	177963	376	0	0	0	0	0	0	28995	1848	428	992	4750	12638	20306	0
146	1	9085650	180625	4649	0	0	0	0	0	0	29051	1804	454	961	4818	12605	20331	0
147	1	9100680	184308	507	0	0	0	0	0	0	29399	1889	474	971	4788	12987	20623	0
148	1	9104790	18631	2608	0	0	0	0	0	0	29366	1844	441	884	4691	12986	20374	0
149	1	9119290	184962	5579	0	0	0	0	0	0	29421	1876	450	963	4901	12863	20589	0
150	1	9127340	185008	3158	0	0	0	0	0	0	29196	1822	421	948	4767	12958	20300	0
151	1	9143950	187694	2553	0	0	0	0	0	0	29574	1766	419	917	4707	12982	20200	0
152	1	9161360	181816	2079	0	0	0	0	0	0	29461	1844	443	934	4653	12891	20159	0
153	1	9193440	189533	3314	0	0	0	0	0	0	29492	1838	424	918	4749	13332	20265	0
154	1	9227710	191017	5111	0	0	0	0	0	0	29928	1827	466	922	4777	13419	20379	0
155	1	9261490	189778	3718	0	0	0	0	0	0	29591	1863	442	991	4831	13298	20489	0
156	1	9289690	190288	5597	0	0	0	0	0	0	29580	1808	434	909	4483	13398	20139	0
157	1	9324380	193064	409		0	0	0	0	0	0	29845	1824	457	917	4720	13763	20296	0
158	1	9351290	192494	573		0	0	0	0	0	0	29743	1744	428	963	4650	13648	20381	0
159	1	9371920	192926	6675	0	0	0	0	0	0	29959	1712	449	962	4752	13794	20143	0
160	1	9390600	196112	1136	0	0	0	0	0	0	29637	1789	413	901	4615	13864	20161	0
161	1	9408890	196207	5991	1	1973	0	0	0	0	29705	1853	427	912	4546	13867	20130	0
162	1	9429240	192735	3356	0	0	0	0	0	0	30176	1741	454	932	4606	13744	20284	0
163	1	9448180	198821	3986	0	0	0	0	0	0	29704	1769	417	979	4666	14019	20266	0
164	1	9467310	203636	2453	0	0	0	0	0	0	30041	1768	464	883	4781	14332	20453	0
165	1	9486940	204028	5244	0	0	0	0	0	0	30154	1827	423	908	4752	14592	20386	0
166	1	9505650	202506	2363	0	0	0	0	0	0	30174	1807	445	891	4658	14470	20280	0
167	1	9520870	201767	4295	0	0	0	0	0	0	30153	1740	423	889	4731	14608	20418	0
168	1	9544520	210766	3038	0	0	0	0	0	0	30426	1760	383	915	4813	14635	20409	0
169	1	9560010	204933	2519	0	0	0	0	0	0	30429	1684	413	913	4705	14887	20323	0
170	1	9577760	206627	2074	0	0	0	0	0	0	30078	1770	423	877	4757	14875	20121	0
171	1	9599940	20908	2124	0	0	0	0	0	0	30443	1839	466	918	4496	15021	20182	0
172	1	9616490	212248	3359	0	0	0	0	0	0	30456	1787	405	874	4621	15258	20183	0
173	1	9635540	21109	4454	0	0	0	0	0	0	30343	1808	392	938	4678	15325	20363	0
174	1	9656770	214142	2323	0	0	0	0	0	0	30048	1795	430	908	4744	15410	20199	0
175	1	9676740	209852	1719	0	0	0	0	0	0	30419	1801	437	909	4593	15424	20103	0
176	1	9702000	212948	5783	0	0	0	0	0	0	30646	1804	396	911	4782	15611	20501	0
177	1	9717770	214617	3443	0	0	0	0	0	0	30735	1691	396	878	4527	15666	19901	0
178	1	9738150	217461	2431	0	0	0	0	0	0	30677	1757	398	887	4597	15969	20009	0
179	1	9764430	221273	3125	0	0	0	0	0	0	30721	1749	445	906	4532	16137	20224	0
180	1	9784900	2164	466		0	0	0	0	0	0	30930	1783	376	891	4699	15974	20251	0
181	1	9804720	224223	6726	0	0	0	0	0	0	30485	1764	387	927	4680	16251	20239	0
182	1	9828710	225081	7292	0	0	0	0	0	0	30978	1792	379	866	4574	16437	20030	0
183	1	9852560	224668	2636	0	0	0	0	0	0	31062	1665	435	876	4591	16314	20372	0
184	1	9872010	231139	5572	0	0	0	0	0	0	31009	1722	422	902	4678	16666	20511	0
185	1	9895400	224071	3376	0	0	0	0	0	0	31075	1675	397	864	4627	16310	20033	0
186	1	9919240	226095	3817	0	0	0	0	0	0	30800	1694	403	845	4688	16520	20279	0
187	1	9945550	23367	1325	0	0	0	0	0	0	31416	1758	373	874	4416	16876	20191	0
188	1	9972610	225865	5745	0	0	0	0	0	0	31270	1723	398	915	4655	16884	20293	0
189	1	9995500	232813	39	0	0	0	0	0	0	31063	1708	408	903	4600	17137	20309	0
190	1	10019100	230888	313	0	0	0	0	0	0	31327	1664	383	873	4565	16985	20217	0
191	1	10047800	231783	6339	0	0	0	0	0	0	31438	1740	420	924	4741	17284	20429	0
192	1	10073100	236435	313	0	0	0	0	0	0	31297	1686	397	891	4640	17525	20153	0
193	1	10100300	240937	1829	0	0	0	0	0	0	31772	1783	370	874	4595	17732	20398	0
194	1	10121300	238938	3117	0	0	0	0	0	0	31533	1643	380	801	4615	17646	20262	0
195	1	10145800	240698	3891	0	0	0	0	0	0	31404	1645	349	880	4689	17832	20116	0
196	1	10176400	243166	2777	0	0	0	0	0	0	31590	1672	376	859	4761	17956	20194	0
197	1	10202200	248265	3511	0	0	0	0	0	0	31941	1620	398	886	4671	18419	20271	0
198	1	10226100	248913	3276	0	0	0	0	0	0	31768	1622	429	850	4740	18365	20068	0
199	1	10253400	240167	3854	0	0	0	0	0	0	32083	1626	388	818	4632	18062	20252	0
200	1	10273100	247059	1387	0	0	0	0	0	0	31602	1671	393	848	4501	18604	19923	0
201	1	10303200	249185	5189	0	0	0	0	0	0	31726	1644	379	831	4664	18622	19999	0
202	1	10330800	252633	6575	0	0	0	0	0	0	32128	1709	411	856	4633	18878	20240	0
203	1	10360000	25373	4026	0	0	0	0	0	0	32184	1724	352	866	4576	19006	20097	0
204	1	10389600	254995	1123	0	0	0	0	0	0	32073	1599	395	878	4609	19080	20096	0
205	1	10424100	258066	4644	0	0	0	0	0	0	32182	1750	399	907	4600	19468	20305	0
206	1	10458000	257106	4807	0	0	0	0	0	0	32580	1632	382	864	4644	19375	20175	0
207	1	10496600	262953	2101	0	0	0	0	0	0	32491	1664	416	907	4624	19522	20225	0
208	1	10541600	259943	3178	0	0	0	0	0	0	32500	1726	360	847	4714	19642	20416	0
209	1	10583400	264811	353	0	0	0	0	0	0	32609	1726	352	837	4547	19894	20423	0
210	1	10630600	268689	5649	0	0	0	0	0	0	32561	1712	362	861	4639	20190	20543	0
211	1	10676000	27201	2971	0	0	0	0	0	0	32499	1654	364	879	4434	20187	20409	0
212	1	10723100	271716	4771	0	0	0	0	0	0	32820	1712	367	862	4671	20684	20496	0
213	1	10764600	274848	3071	0	0	0	0	0	0	32834	1643	378	828	4584	20623	20464	0
214	1	10811900	275307	6001	0	0	0	0	0	0	33256	1555	356	875	4687	20813	20651	0
215	1	10852300	280496	153	0	0	0	0	0	0	33364	1651	353	862	4602	21146	20576	0
216	1	10896000	278473	4003	0	0	0	0	0	0	33214	1618	389	845	4778	21093	20634	0
217	1	10945200	283681	4092	0	0	0	0	0	0	33349	1722	340	866	4618	21729	20743	0
218	1	10989200	282125	9769	0	0	0	0	0	0	33315	1739	369	841	4729	21709	20614	0
219	1	11042200	291597	6171	0	0	0	0	0	0	33665	1624	347	819	4824	22121	20864	0
220	1	11093400	292829	4211	0	0	0	0	0	0	33668	1655	335	819	4675	22164	20798	0
221	1	11149000	290795	5399	0	0	0	0	0	0	33822	1588	327	846	4608	22448	20562	0
222	1	11197100	299842	2172	0	0	0	0	0	0	33878	1660	361	822	4705	22746	21022	0
223	1	11248400	299675	6151	0	0	0	0	0	0	34084	1603	372	844	4750	23006	20762	0
224	1	11296000	30255	4101	0	0	0	0	0	0	34120	1616	370	801	4861	23286	20986	0
225	1	11337900	307044	5987	0	0	0	0	0	0	34049	1597	316	779	4734	23501	20594	0
226	1	11387900	310258	4522	0	0	0	0	0	0	33977	1568	357	823	4636	23627	20722	0
227	1	11443100	315888	3837	0	0	0	0	0	0	34389	1565	317	852	4683	24248	20813	0
228	1	11496800	311505	3338	0	0	0	0	0	0	34012	1638	317	750	4637	23980	20971	0
229	1	11563500	314926	3078	0	0	0	0	0	0	34829	1687	320	753	4557	24423	20684	0
230	1	11627600	329071	2158	0	0	0	0	0	0	34590	1633	334	788	4650	25220	20864	0
231	1	11697500	321304	3847	0	0	0	0	0	0	34697	1649	301	745	4762	24865	20813	0
232	1	11770200	338213	5397	0	0	0	0	0	0	34513	1652	327	806	4696	25807	20734	0
233	1	11848200	333393	3438	0	0	0	0	0	0	34797	1614	288	765	4602	25815	21041	0
234	1	11929100	339025	7012	0	0	0	0	0	0	34778	1616	318	750	4651	26251	21064	0
235	1	12011800	343143	2354	0	0	0	0	0	0	34898	1678	354	773	4756	26281	21011	0
236	1	12095300	344025	3712	0	0	0	0	0	0	34832	1581	308	762	4716	26913	21142	0
237	1	12188000	34157	2842	0	0	0	0	0	0	34879	1505	326	783	4666	26822	21150	0
238	1	12285700	347298	5409	0	0	0	0	0	0	35175	1537	306	785	4741	26878	21210	0
239	1	12381000	355654	3172	0	0	0	0	0	0	35478	1547	308	700	4665	27578	21366	0
240	1	12486500	359351	2504	0	0	0	0	0	0	35726	1613	329	786	4894	27937	21280	0
241	1	12591200	368706	5939	0	0	0	0	0	0	35662	1564	293	786	4691	28532	21318	0
242	1	12700900	362905	2317	0	0	0	0	0	0	35611	1613	334	754	4704	28408	21490	0
243	1	12822100	370115	4531	0	0	0	0	0	0	35916	1597	283	750	4822	28473	21680	0
244	1	12948000	366019	9014	0	0	0	0	0	0	36098	1685	302	707	4873	29023	22011	0
245	1	13070700	377052	3634	0	0	0	0	0	0	35929	1623	298	748	4662	29036	21658	0
246	1	13210800	380064	3114	0	0	0	0	0	0	36162	1632	326	752	4799	29760	21867	0
247	1	13350600	386764	5304	0	0	0	0	0	0	36439	1528	330	737	4845	30260	22093	0
248	1	13502600	382797	6631	0	0	0	0	0	0	36848	1616	280	684	4739	30055	22280	0
249	1	13665700	39584	4709	0	0	0	0	0	0	37356	1736	309	705	4799	30648	22741	0
250	1	13833200	395539	4565	0	0	0	0	0	0	37291	1703	317	780	4940	30859	22673	0
251	1	14008800	405873	5157	0	0	0	0	0	0	37528	1646	281	786	4938	31693	22862	0
252	1	14199000	40488	5286	0	0	0	0	0	0	37867	1614	308	727	4875	31797	22916	0
253	1	14398800	418609	5296	0	0	0	0	0	0	38408	1699	303	745	4987	32562	23342	0
254	1	14607600	420434	1093	0	0	0	0	0	0	38466	1714	327	736	4849	32711	23567	0
255	1	14830000	422861	5046	0	0	0	0	0	0	38421	1659	300	657	4979	32951	23662	0
256	1	15074600	436279	4356	0	0	0	0	0	0	39283	1711	309	710	5047	33955	23980	0
257	1	15331300	437854	6135	0	0	0	0	0	0	39751	1713	295	675	4902	34086	23929	0
258	1	15609900	444962	2779	0	0	0	0	0	0	40468	1772	282	790	5123	34934	24610	0
259	1	15909400	455284	2366	0	0	0	0	0	0	41045	1726	326	693	5141	35738	24659	0
260	1	16233300	45839	6582	0	0	0	0	0	0	41737	1747	284	689	5177	36094	25243	0
261	1	16591000	46803	9345	0	0	0	0	0	0	42912	1797	342	638	5346	37030	25671	0
262	1	16976400	487771	3778	0	0	0	0	0	0	44196	1798	327	717	5331	37985	26144	0
263	1	17406400	489443	8317	0	0	0	0	0	0	45990	1757	312	683	5557	38199	26634	0
264	1	17878500	494868	9522	0	0	0	0	0	0	47768	1790	315	662	5501	38686	27144	0
265	1	18411600	502948	7257	0	0	0	0	0	0	50747	1743	327	620	5817	39459	27645	0
266	1	19012000	505813	8221	0	0	0	0	0	0	53706	1793	310	612	6019	39659	28357	0
267	1	19699600	515031	8154	0	0	0	0	0	0	59054	1799	295	589	6043	40563	29231	0
268	1	20490900	513928	7291	0	0	0	0	0	0	66263	1849	344	638	6314	40483	30348	0
269	1	21410100	523864	1118	0	0	0	0	0	0	78282	1881	330	584	6235	40885	31231	0
270	1	22491300	520824	161	0	0	0	0	0	0	96735	1958	312	510	6697	40934	32925	0
271	1	23769800	527532	1056	0	0	0	0	0	0	127733	1899	275	484	6216	41129	34610	0
272	1	25290700	518764	1466	0	0	0	0	0	0	183429	1860	233	446	6155	40334	37891	0
273	1	27023600	510661	2386	0	0	0	0	0	0	276312	1847	209	372	6045	39746	42369	0
274	1	28844900	481596	174	0	0	0	0	0	0	419936	1747	179	302	5488	37761	48433	0
275	1	30510700	451969	3654	0	0	0	0	0	0	627511	1491	166	238	4798	35341	56102	0
276	1	31550300	408372	3402	0	0	0	0	0	0	885626	1328	104	177	4065	31895	64779	0
277	1	31431500	352642	4591	0	0	0	0	0	0	1157033	1058	84	119	3260	27513	71452	0
278	1	29695700	290388	324	0	0	0	0	0	0	1376484	774	61	88	2561	22511	75929	0
279	1	26239800	222305	1654	0	0	0	0	0	0	1484694	539	60	67	1782	17294	74630	0
280	1	21359600	162808	1852	0	0	0	0	0	0	1431228	389	58	42	1281	12731	66653	0
281	1	15852200	113558	1426	0	0	0	0	0	0	1226506	256	51	37	901	8860	53417	0
282	1	10621900	77437	1306	0	0	0	0	0	0	931857	208	53	31	686	6051	38989	0
283	1	6379590	557288	3706	0	0	0	0	0	0	624046	192	38	18	548	4337	25702	0
284	1	3412680	421601	5005	0	0	0	0	0	0	365346	140	47	20	439	3108	15436	0
285	1	1628940	336544	3326	0	0	0	0	0	0	188188	151	41	28	405	2596	9202	0
286	1	701002	31458	1079	0	0	0	0	0	0	84866	133	41	25	453	2335	5466	0
287	1	287824	295902	0	0	0	0	0	0	0	33973	129	49	23	409	2216	3833	0
288	1	128400	296479	5227	0	0	0	0	0	0	12770	135	45	30	411	2193	3275	0
289	1	759168	298488	1516	0	0	0	0	0	0	5138	164	64	23	432	2275	2981	0
290	1	607412	293552	2046	0	0	0	0	0	0	2918	141	46	24	384	2174	2845	0
291	1	578538	272223	1062	0	0	0	0	0	0	2305	160	54	28	510	2083	2888	0
292	1	554471	272804	1675	0	0	0	0	0	0	2226	129	41	26	408	2038	2754	0
293	1	545155	274421	1079	0	0	0	0	0	0	2063	135	36	23	391	2030	2749	0
294	1	543998	293207	2115	0	0	0	0	0	0	2208	121	38	23	395	2189	2831	0
295	1	543506	290279	2326	0	0	0	0	0	0	2042	134	47	25	386	2085	2788	0
296	1	539179	26116	3246	0	0	0	0	0	0	2140	149	44	32	390	2014	2707	0
297	1	528478	264626	1325	0	0	0	0	0	0	1992	140	43	21	393	2008	2664	0
298	1	533877	26008	0	0	0	0	0	0	0	2081	137	37	15	391	2002	2751	0
299	1	531469	277239	8283	0	0	0	0	0	0	2084	128	40	13	419	2015	2732	0
300	1	523779	264772	2236	0	0	0	0	0	0	1970	140	37	26	367	2036	2724	0
301	1	530531	260502	7088	0	0	0	0	0	0	2059	127	52	26	369	1951	2746	0
302	1	52158	256122	7423	0	0	0	0	0	0	1922	122	35	33	376	1925	2591	0
303	1	517928	265086	0	0	0	0	0	0	0	1960	101	42	21	361	2025	2543	0
304	1	51483	253603	403	0	0	0	0	0	0	1881	125	30	19	407	1942	2447	0
305	1	515536	260995	1439	0	0	0	0	0	0	1964	138	37	23	351	1928	2586	0
306	1	506336	268166	0	0	0	0	0	0	0	1934	142	34	26	359	1973	2549	0
307	1	50654	249176	165	0	0	0	0	0	0	1875	131	41	19	409	1897	2536	0
308	1	499296	24226	9759	0	0	0	0	0	0	1877	121	38	20	344	1858	2394	0
309	1	496627	245571	1729	0	0	0	0	0	0	1882	121	48	21	334	1888	2462	0
310	1	499584	245981	1105	0	0	0	0	0	0	1933	124	36	21	352	1816	2483	0
311	1	492951	250794	1564	0	0	0	0	0	0	1871	135	40	25	347	1810	2418	0
312	1	487436	23792	6365	0	0	0	0	0	0	1834	122	39	26	341	1856	2384	0
313	1	476025	242082	1578	0	0	0	0	0	0	1807	99	41	13	325	1795	2316	0
314	1	470651	233158	386	0	0	0	0	0	0	1781	112	19	22	332	1761	2359	0
315	1	476936	24193	1236	0	0	0	0	0	0	1775	108	25	21	332	1798	2400	0
316	1	481368	228931	5119	0	0	0	0	0	0	1810	118	37	22	351	1768	2322	0
317	1	479064	230885	8504	0	0	0	0	0	0	1785	122	41	20	379	1708	2373	0
318	1	462709	228893	8415	0	0	0	0	0	0	1783	103	37	19	337	1676	2243	0
319	1	458892	224109	8976	0	0	0	0	0	0	1758	123	34	13	339	1721	2230	0
320	1	458279	223278	6372	0	0	0	0	0	0	1739	87	35	21	327	1661	2253	0
321	1	446169	226411	6688	0	0	0	0	0	0	1693	99	25	17	296	1729	2219	0
322	1	450568	234094	4485	0	0	0	0	0	0	1681	90	31	19	345	1725	2215	0
323	1	449065	221451	9618	0	0	0	0	0	0	1613	114	28	15	332	1687	2178	0
324	1	453943	220502	0	0	0	0	0	0	0	1681	116	36	20	320	1665	2166	0
325	1	441736	214554	1445	0	0	0	0	0	0	1641	95	30	13	325	1579	2153	0
326	1	441087	221289	0	0	0	0	0	0	0	1600	112	43	23	312	1665	2154	0
327	1	435582	220097	0	0	0	0	0	0	0	1582	102	33	17	309	1642	2127	0
328	1	434951	216142	0	0	0	0	0	0	0	1607	93	23	13	308	1607	2040	0
329	1	430309	208424	0	0	0	0	0	0	0	1571	101	29	24	285	1544	2114	0
330	1	440538	206214	6358	0	0	0	0	0	0	1598	115	47	21	323	1568	2113	0
331	1	432075	218565	0	0	0	0	0	0	0	1549	89	28	28	343	1612	2132	0
332	1	431565	214157	0	0	0	0	0	0	0	1588	108	24	14	302	1649	2061	0
333	1	42683	196006	0	0	0	0	0	0	0	1534	110	29	20	309	1525	2008	0
334	1	422023	208587	0	0	0	0	0	0	0	1477	101	32	18	294	1544	2001	0
335	1	432514	199697	0	0	0	0	0	0	0	1514	103	31	13	333	1465	2138	0
336	1	424954	20915	0	0	0	0	0	0	0	1610	95	35	17	297	1496	2017	0
337	1	420599	190467	6582	0	0	0	0	0	0	1535	102	33	23	321	1480	1961	0
338	1	417305	192929	8966	0	0	0	0	0	0	1538	110	44	18	263	1492	1992	0
339	1	41268	178866	1577	0	0	0	0	0	0	1513	99	16	14	292	1397	1951	0
340	1	413067	192741	0	0	0	0	0	0	0	1478	101	29	26	278	1513	1904	0
341	1	412755	197343	8367	0	0	0	0	0	0	1506	120	30	20	311	1446	1966	0
342	1	405881	186842	7837	0	0	0	0	0	0	1499	86	30	23	304	1411	1874	0
343	1	401505	18944	1301	0	0	0	0	0	0	1477	85	35	18	266	1488	1904	0
344	1	399696	181909	6396	0	0	0	0	0	0	1434	106	31	21	292	1442	1826	0
345	1	387612	180812	6378	0	0	0	0	0	0	1395	79	30	19	260	1344	1818	0
346	1	40560	174311	6468	0	0	0	0	0	0	1429	113	38	17	307	1337	1891	0
347	1	396669	186229	0	0	0	0	0	0	0	1427	92	35	16	313	1397	1889	0
348	1	395111	182848	0	0	0	0	0	0	0	1444	88	33	11	289	1344	1832	0
349	1	392155	18741	1245	0	0	0	0	0	0	1451	98	22	29	277	1363	1838	0
350	1	38678	179097	0	0	0	0	0	0	0	1403	108	32	15	291	1336	1767	0
351	1	379151	171614	0	0	0	0	0	0	0	1353	79	23	22	254	1303	1774	0
352	1	370561	171325	6381	0	0	0	0	0	0	1379	88	30	23	239	1319	1744	0
353	1	377807	186429	6568	0	0	0	0	0	0	1329	98	29	22	276	1350	1759	0
354	1	37376	176869	1607	0	0	0	0	0	0	1371	88	30	21	267	1303	1776	0
355	1	376888	181823	135	0	0	0	0	0	0	1337	85	34	19	294	1359	1758	0
356	1	366917	171466	5914	0	0	0	0	0	0	1259	91	22	17	257	1286	1700	0
357	1	363799	170441	1045	0	0	0	0	0	0	1278	86	29	13	263	1303	1700	0
358	1	355925	172688	0	0	0	0	0	0	0	1227	103	26	19	252	1317	1607	0
359	1	359829	172812	3017	0	0	0	0	0	0	1306	77	23	19	253	1274	1689	0
360	1	356499	162515	3938	0	0	0	0	0	0	1244	84	24	16	248	1222	1646	0
361	1	359037	160605	0	0	0	0	0	0	0	1231	97	34	9	257	1228	1677	0
362	1	357135	164421	3221	0	0	0	0	0	0	1315	80	26	18	221	1314	1620	0
363	1	353833	162851	5032	0	0	0	0	0	0	1235	71	28	23	276	1211	1556	0
364	1	350705	156228	0	0	0	0	0	0	0	1223	81	26	17	230	1180	1616	0
365	1	346728	171185	8481	0	0	0	0	0	0	1237	90	27	18	212	1297	1559	0
366	1	344872	148139	0	0	0	0	0	0	0	1212	76	29	13	199	1133	1539	0
367	1	34345	150831	0	0	0	0	0	0	0	1183	63	28	16	235	1151	1496	0
368	1	347089	1481	5813	0	0	0	0	0	0	1242	86	21	19	247	1130	1513	0
369	1	338793	15404	9291	0	0	0	0	0	0	1218	79	23	9	234	1160	1531	0
370	1	337385	148761	1864	0	0	0	0	0	0	1236	59	24	7	234	1133	1494	0
371	1	329864	165944	6779	0	0	0	0	0	0	1203	79	22	16	245	1189	1489	0
372	1	324821	162464	6408	0	0	0	0	0	0	1107	70	25	18	232	1159	1526	0
373	1	328279	162134	1042	0	0	0	0	0	0	1132	77	29	13	232	1187	1461	0
374	1	324256	154774	6044	0	0	0	0	0	0	1104	78	29	16	216	1130	1457	0
375	1	318838	137462	0	0	0	0	0	0	0	1124	67	23	12	210	1079	1366	0
376	1	314407	150296	6896	0	0	0	0	0	0	1092	66	18	16	233	1108	1441	0
377	1	322091	145016	1859	0	0	0	0	0	0	1108	76	26	14	237	1075	1439	0
378	1	31116	161677	0	0	0	0	0	0	0	1041	58	21	18	178	1161	1361	0
379	1	320503	145071	0	0	0	0	0	0	0	1111	86	27	19	243	1114	1404	0
380	1	321166	156527	5372	0	0	0	0	0	0	1143	79	27	10	237	1070	1521	0
381	1	311669	131078	8195	0	0	0	0	0	0	1104	64	34	11	193	1082	1392	0
382	1	310581	145031	0	0	0	0	0	0	0	1056	78	24	11	211	1095	1395	0
383	1	31003	148766	24	0	0	0	0	0	0	1012	74	16	17	206	1049	1287	0
384	1	311361	143095	0	0	0	0	0	0	0	1050	70	21	14	219	1031	1388	0
385	1	300817	134727	7562	0	0	0	0	0	0	1027	64	18	8	200	1020	1332	0
386	1	30400	131013	1165	0	0	0	0	0	0	1062	78	18	16	206	1004	1325	0
387	1	299358	136125	7365	0	0	0	0	0	0	1053	56	26	15	204	975	1361	0
388	1	300295	137657	8451	0	0	0	0	0	0	1066	58	30	12	199	1033	1334	0
389	1	296841	123713	0	0	0	0	0	0	0	993	80	37	10	209	1031	1273	0
390	1	29891	136735	0	0	0	0	0	0	0	1042	84	23	16	229	1009	1375	0
391	1	295252	128388	7764	0	0	0	0	0	0	1023	66	24	13	199	1018	1324	0
392	1	297949	13618	0	0	0	0	0	0	0	958	57	26	22	190	1000	1316	0
393	1	296946	128268	0	0	0	0	0	0	0	1019	53	25	14	239	942	1327	0
394	1	294586	133092	0	0	0	0	0	0	0	1018	77	21	12	200	959	1281	0
395	1	284012	123322	0	0	0	0	0	0	0	1009	79	24	14	167	919	1244	0
396	1	282312	125497	5453	0	0	0	0	0	0	924	50	20	15	210	934	1284	0
397	1	288258	129666	1304	0	0	0	0	0	0	939	65	28	11	210	999	1256	0
398	1	289048	126473	0	0	0	0	0	0	0	997	85	27	11	220	956	1293	0
399	1	28137	121022	6725	0	0	0	0	0	0	930	74	25	11	167	936	1202	0
400	1	276019	121922	0	0	0	0	0	0	0	919	49	23	15	170	882	1242	0
401	0	0	0	0	0	0	0	0	0	0	0	0	0	0	0	0	0	0
SUMM:	2947660000	635402	14040	86	1073	0	0	0	0	19382541	510365	119109	249088	1342505	4595541	6448810	0	
ZONE	MED	C10	C11	N12	N13	O13	O14	O15	F17	F18								
1	1	450	1262	0	537	1	149	2732	0	1								
2	1	468	1208	0	471	7	152	2750	0	0								
3	1	494	1280	0	572	6	141	2805	1	0								
4	1	483	1173	0	531	5	160	2706	0	0								
5	1	479	1195	0	473	5	120	2781	0	0								
6	1	511	1206	0	518	5	149	2779	0	0								
7	1	448	1247	0	467	3	155	2812	2	0								
8	1	465	1214	0	531	4	154	2795	1	0								
9	1	506	1195	0	530	6	156	2660	0	0								
10	1	517	1224	0	516	4	151	2768	0	0								
11	1	509	1178	0	565	5	153	2721	0	0								
12	1	491	1259	0	588	4	135	2864	0	0								
13	1	467	1300	0	525	3	146	2767	1	0								
14	1	476	1217	0	538	4	144	2914	1	0								
15	1	487	1243	0	542	1	143	2825	1	0								
16	1	515	1231	0	508	4	142	2826	0	0								
17	1	481	1168	0	485	3	154	2861	0	0								
18	1	485	1181	0	570	3	160	2879	1	0								
19	1	504	1289	0	604	7	167	2929	0	1								
20	1	471	1258	0	552	8	177	2977	1	0								
21	1	511	1277	0	558	6	151	2851	1	0								
22	1	487	1258	0	546	5	137	2854	2	1								
23	1	493	1286	0	534	5	138	2919	2	1								
24	1	501	1183	0	518	8	142	2898	1	0								
25	1	533	1171	0	504	5	147	2846	0	0								
26	1	470	1207	0	538	7	190	2851	0	0								
27	1	485	1232	0	509	3	162	2920	1	0								
28	1	489	1235	0	550	3	171	2863	1	0								
29	1	505	1127	0	524	4	149	2882	0	0								
30	1	502	1291	0	581	5	158	2931	2	0								
31	1	523	1236	0	591	1	161	2817	1	2								
32	1	496	1214	0	524	4	137	2958	1	0								
33	1	464	1250	0	545	3	186	2942	1	0								
34	1	495	1340	0	532	6	149	2896	2	0								
35	1	496	1257	0	496	5	160	2939	0	0								
36	1	474	1261	0	518	5	147	2936	0	0								
37	1	518	1212	0	554	5	156	2855	1	1								
38	1	504	1231	0	556	10	145	2934	1	1								
39	1	527	1195	0	522	5	166	2873	0	2								
40	1	485	1246	0	527	8	161	2866	0	0								
41	1	478	1220	0	541	7	145	2950	1	0								
42	1	460	1210	0	474	3	143	2966	2	0								
43	1	493	1188	0	535	5	146	3014	0	0								
44	1	505	1236	0	505	8	140	2976	3	0								
45	1	539	1201	0	540	4	156	2978	0	0								
46	1	519	1217	1	528	7	160	2922	1	0								
47	1	505	1235	0	523	8	164	2992	0	0								
48	1	537	1270	0	533	4	153	3024	0	0								
49	1	494	1331	0	517	8	155	2974	0	3								
50	1	488	1270	0	573	3	140	2996	0	0								
51	1	499	1321	1	518	6	162	2888	0	0								
52	1	475	1255	0	544	8	131	2955	0	0								
53	1	545	1206	1	538	4	172	2970	1	0								
54	1	511	1251	0	523	6	143	2996	3	1								
55	1	476	1299	0	564	2	144	2952	0	1								
56	1	487	1192	0	537	4	173	2996	0	1								
57	1	484	1211	0	533	2	153	2967	1	0								
58	1	496	1325	2	557	4	135	2984	1	1								
59	1	482	1287	0	556	4	147	2974	0	0								
60	1	482	1257	0	520	9	144	3025	1	1								
61	1	464	1206	1	545	8	140	2974	1	2								
62	1	475	1207	0	521	4	161	2958	1	0								
63	1	468	1267	0	553	8	167	3045	1	1								
64	1	511	1246	0	573	4	139	3058	0	0								
65	1	503	1216	0	568	4	165	3011	3	0								
66	1	499	1219	0	516	2	140	3126	1	0								
67	1	527	1217	0	506	4	158	3076	0	0								
68	1	528	1268	0	585	4	144	2938	1	0								
69	1	527	1221	0	553	6	171	3047	0	1								
70	1	515	1198	0	576	3	137	3023	0	3								
71	1	476	1295	0	527	8	173	2967	0	0								
72	1	504	1261	0	532	5	149	2889	0	0								
73	1	487	1258	0	561	8	149	3011	0	0								
74	1	503	1211	0	571	7	153	3007	0	0								
75	1	466	1304	0	540	7	152	3064	0	1								
76	1	467	1210	0	557	4	155	2903	0	0								
77	1	530	1250	0	507	3	155	3056	2	1								
78	1	458	1200	0	515	8	148	2971	2	0								
79	1	516	1255	0	492	2	151	2956	0	0								
80	1	477	1196	0	549	2	136	2982	1	0								
81	1	492	1172	1	597	3	161	3075	3	0								
82	1	462	1190	0	534	3	165	3069	2	0								
83	1	498	1254	0	547	4	159	3078	0	1								
84	1	549	1209	0	522	3	135	3014	3	0								
85	1	483	1234	1	504	6	144	2972	1	0								
86	1	506	1234	0	552	6	145	2973	0	0								
87	1	505	1275	0	521	5	166	3016	2	0								
88	1	504	1246	0	561	8	170	3069	0	0								
89	1	482	1236	0	500	6	151	3027	1	1								
90	1	488	1229	0	552	0	138	2995	2	0								
91	1	492	1257	0	548	4	155	2999	2	0								
92	1	485	1252	0	531	3	137	3078	1	0								
93	1	451	1241	0	550	6	147	3024	1	1								
94	1	449	1270	0	533	4	157	2931	1	0								
95	1	490	1255	0	539	7	152	3079	0	2								
96	1	493	1262	0	539	5	154	3053	0	0								
97	1	470	1209	0	546	6	155	3023	0	1								
98	1	438	1258	0	536	12	157	3041	1	0								
99	1	516	1187	0	601	7	178	3081	0	1								
100	1	503	1249	0	541	7	167	3034	0	0								
101	1	456	1252	0	517	6	133	3113	1	2								
102	1	466	1233	0	543	7	138	3088	1	0								
103	1	474	1150	0	589	4	168	3070	0	1								
104	1	451	1278	1	504	5	142	3085	2	1								
105	1	444	1226	0	525	7	161	3057	1	1								
106	1	501	1239	0	557	6	181	3045	0	2								
107	1	454	1184	2	558	6	143	2960	1	0								
108	1	479	1213	0	549	2	181	2986	0	1								
109	1	498	1212	0	511	3	152	3080	1	0								
110	1	504	1221	0	549	4	156	3052	0	0								
111	1	430	1202	0	552	2	163	2975	0	1								
112	1	468	1216	0	544	2	152	2986	1	0								
113	1	480	1302	2	543	4	161	3061	0	0								
114	1	511	1221	0	520	3	154	2987	0	0								
115	1	421	1222	1	587	4	177	2999	3	0								
116	1	502	1265	0	549	8	134	3121	0	1								
117	1	470	1222	0	515	9	143	3103	1	2								
118	1	472	1266	0	564	5	139	3049	1	2								
119	1	490	1213	0	544	6	162	3060	0	1								
120	1	445	1266	0	551	5	142	3016	1	0								
121	1	509	1216	0	530	8	167	2923	0	0								
122	1	453	1227	0	517	1	151	3020	0	2								
123	1	479	1211	0	531	6	141	3065	0	1								
124	1	461	1238	0	547	4	127	3043	1	0								
125	1	479	1192	0	509	4	163	3030	0	1								
126	1	486	1188	0	476	3	155	3020	0	1								
127	1	476	1268	0	571	7	136	2974	2	1								
128	1	481	1192	0	562	6	158	3045	0	0								
129	1	430	1198	0	558	7	156	3037	1	0								
130	1	517	1250	0	574	7	150	3048	0	0								
131	1	492	1243	0	510	2	159	3149	1	1								
132	1	482	1242	0	576	11	157	3032	0	3								
133	1	444	1172	0	544	3	158	3186	1	1								
134	1	502	1146	0	531	9	148	3049	0	0								
135	1	529	1257	0	527	5	149	2989	2	0								
136	1	465	1203	0	541	7	146	3041	0	0								
137	1	483	1211	0	549	9	177	3050	3	0								
138	1	436	1238	0	531	2	153	3064	0	0								
139	1	435	1215	0	537	2	177	2935	0	0								
140	1	444	1233	0	520	7	139	3016	2	0								
141	1	431	1208	0	558	6	162	3032	1	0								
142	1	524	1171	0	541	6	161	2978	0	0								
143	1	474	1240	1	552	7	150	3053	1	1								
144	1	466	1206	0	495	5	161	3085	1	0								
145	1	508	1275	0	554	7	166	3009	0	0								
146	1	464	1300	1	529	8	143	3079	0	1								
147	1	470	1272	1	522	4	151	3146	0	0								
148	1	454	1208	0	585	5	141	3078	0	0								
149	1	489	1258	0	540	4	150	3081	0	0								
150	1	482	1177	0	557	3	184	3108	0	0								
151	1	466	1178	0	587	6	147	3021	0	0								
152	1	482	1209	0	517	4	162	3017	2	0								
153	1	454	1221	0	494	9	168	3146	1	0								
154	1	471	1204	0	572	2	159	3043	0	0								
155	1	465	1266	1	535	4	163	3086	1	1								
156	1	457	1226	0	581	5	129	3021	1	1								
157	1	455	1210	0	556	6	150	3040	1	3								
158	1	482	1232	0	544	4	148	3143	2	0								
159	1	497	1192	0	510	2	138	3119	1	0								
160	1	465	1214	0	510	3	152	3012	2	0								
161	1	470	1200	0	543	4	139	3102	2	1								
162	1	438	1194	0	533	3	166	3017	0	0								
163	1	468	1204	1	560	7	165	2999	0	0								
164	1	409	1286	0	536	8	159	3013	0	1								
165	1	461	1224	0	544	7	158	3088	1	0								
166	1	485	1178	0	498	7	154	3068	0	1								
167	1	459	1280	0	516	3	151	3094	3	2								
168	1	472	1163	0	514	6	150	3107	1	1								
169	1	426	1246	0	540	3	161	3058	0	1								
170	1	407	1255	0	550	3	157	2983	0	0								
171	1	466	1211	0	588	4	175	2968	1	0								
172	1	467	1159	0	554	2	172	3032	0	0								
173	1	452	1202	0	513	3	159	3090	0	1								
174	1	437	1222	1	544	4	146	3092	1	1								
175	1	444	1185	0	524	5	181	3032	0	0								
176	1	443	1165	0	572	8	159	3078	1	0								
177	1	452	1210	0	525	1	138	2980	4	1								
178	1	506	1222	0	507	8	165	2981	0	0								
179	1	443	1186	0	565	8	170	3067	1	0								
180	1	480	1177	0	573	4	145	3055	1	0								
181	1	475	1259	0	561	3	166	3081	1	2								
182	1	435	1197	0	547	3	144	2926	1	0								
183	1	481	1182	0	525	5	147	3099	1	0								
184	1	455	1161	0	518	1	134	3078	4	2								
185	1	457	1170	0	538	6	129	3010	0	1								
186	1	440	1208	1	547	3	139	3095	1	0								
187	1	406	1126	0	542	9	161	3104	0	0								
188	1	476	1147	0	545	7	164	3090	1	0								
189	1	429	1236	0	577	5	140	3056	0	0								
190	1	426	1093	0	546	10	154	3085	2	0								
191	1	459	1270	1	559	4	179	2983	0	0								
192	1	465	1163	0	553	5	142	2925	0	1								
193	1	441	1200	0	609	6	156	3079	0	0								
194	1	447	1202	1	544	7	144	3008	1	0								
195	1	440	1137	1	516	4	146	2978	0	2								
196	1	442	1165	0	520	1	143	3131	1	1								
197	1	436	1175	0	534	4	169	3096	0	1								
198	1	413	1124	0	530	6	139	3015	1	0								
199	1	434	1138	0	579	6	157	3043	0	1								
200	1	452	1177	0	524	4	142	3063	0	0								
201	1	443	1182	0	532	6	141	3071	0	0								
202	1	431	1149	0	538	5	163	3055	1	0								
203	1	426	1124	0	596	3	172	2996	1	0								
204	1	383	1205	0	538	5	168	3055	0	0								
205	1	421	1175	0	527	6	159	3082	0	3								
206	1	409	1125	1	541	8	165	3157	0	0								
207	1	462	1166	0	551	2	165	3046	0	1								
208	1	418	1168	0	532	4	157	3222	1	0								
209	1	411	1150	0	536	4	172	3204	0	2								
210	1	409	1157	0	518	7	162	3143	1	0								
211	1	391	1152	1	605	4	138	3260	2	1								
212	1	401	1169	0	514	12	157	3057	0	0								
213	1	425	1108	0	540	5	157	3136	0	1								
214	1	431	1115	0	557	7	152	3216	0	1								
215	1	444	1161	0	521	4	164	3180	0	0								
216	1	415	1185	0	567	6	155	3261	1	0								
217	1	422	1182	0	574	8	158	3246	0	1								
218	1	445	1126	0	523	9	170	3192	0	1								
219	1	425	1220	0	567	5	169	3251	1	1								
220	1	387	1158	0	563	6	153	3266	1	0								
221	1	412	1139	2	548	3	168	3169	0	0								
222	1	437	1143	0	547	4	160	3228	1	0								
223	1	398	1178	0	567	9	151	3157	0	1								
224	1	419	1109	2	560	8	144	3287	0	0								
225	1	393	1089	0	545	7	170	3192	1	3								
226	1	376	1113	0	534	4	156	3233	0	0								
227	1	405	1192	1	594	8	160	3190	0	0								
228	1	374	1150	0	565	4	159	3209	0	2								
229	1	394	1064	1	526	11	141	3129	0	0								
230	1	418	1050	0	573	7	160	3174	2	2								
231	1	384	1108	0	541	2	169	3255	2	0								
232	1	411	1048	0	568	2	166	3319	0	3								
233	1	371	1137	0	579	4	140	3339	0	0								
234	1	413	1076	0	573	5	167	3302	0	0								
235	1	379	1084	0	558	5	169	3399	0	2								
236	1	363	1047	0	572	2	151	3278	0	0								
237	1	368	1139	0	563	5	171	3314	1	1								
238	1	429	1060	0	533	5	159	3378	2	0								
239	1	342	1068	0	550	2	151	3414	1	0								
240	1	359	1111	0	604	5	144	3394	1	0								
241	1	358	1057	0	579	2	144	3446	0	1								
242	1	363	1084	0	632	8	151	3504	1	1								
243	1	385	1089	0	606	5	196	3572	3	0								
244	1	375	1072	0	590	2	164	3572	2	0								
245	1	364	1002	0	554	6	198	3488	3	2								
246	1	339	1043	0	630	4	148	3596	3	2								
247	1	334	1024	0	523	3	165	3542	0	2								
248	1	346	993	0	589	6	209	3643	0	2								
249	1	312	1017	0	638	7	180	3773	1	1								
250	1	340	1008	0	647	4	192	3794	4	0								
251	1	315	1001	1	612	3	189	3836	3	1								
252	1	373	978	0	618	7	187	3935	0	0								
253	1	343	919	0	647	6	189	4007	0	2								
254	1	328	892	0	665	4	230	4047	3	1								
255	1	320	865	0	601	3	214	4132	1	1								
256	1	311	838	0	652	2	217	4255	1	1								
257	1	286	851	1	635	3	197	4230	0	1								
258	1	291	824	0	644	1	230	4390	1	1								
259	1	260	814	0	689	1	191	4452	3	1								
260	1	239	753	0	647	3	210	4530	0	2								
261	1	250	692	0	675	1	245	4773	1	2								
262	1	226	653	0	642	1	248	4707	1	0								
263	1	190	704	0	651	0	220	4820	1	3								
264	1	159	565	0	616	1	211	5185	0	2								
265	1	141	605	0	591	0	247	5113	0	5								
266	1	103	500	0	538	0	249	5300	1	0								
267	1	89	457	0	536	0	247	5452	1	5								
268	1	69	452	0	518	0	209	5515	2	0								
269	1	54	350	0	471	0	214	5750	4	0								
270	1	51	343	0	421	0	222	5665	2	1								
271	1	27	239	0	340	0	173	5614	1	3								
272	1	14	196	0	320	0	172	5529	1	2								
273	1	9	137	0	269	0	145	5350	2	5								
274	1	6	90	0	266	0	123	4795	3	2								
275	1	4	69	0	231	0	89	4253	2	12								
276	1	7	37	0	195	0	55	3568	4	3								
277	1	6	29	0	177	0	42	2660	2	6								
278	1	4	31	0	144	0	19	1895	3	5								
279	1	4	26	0	135	0	17	1341	5	4								
280	1	6	28	0	102	0	14	780	1	0								
281	1	3	19	0	69	0	2	455	4	4								
282	1	0	27	0	44	0	5	313	3	1								
283	1	2	19	0	19	0	5	197	6	0								
284	1	5	18	0	17	0	6	154	3	0								
285	1	4	28	0	14	0	1	124	0	0								
286	1	0	28	0	7	0	1	131	0	0								
287	1	3	28	0	17	0	0	116	0	0								
288	1	3	31	0	5	0	2	99	0	0								
289	1	6	28	0	7	0	2	94	0	0								
290	1	4	17	0	11	0	3	109	0	0								
291	1	4	22	0	6	0	2	104	0	0								
292	1	2	22	0	10	0	3	105	0	0								
293	1	5	28	0	12	0	0	91	0	0								
294	1	2	29	0	7	0	0	103	1	0								
295	1	3	28	0	11	0	1	97	0	0								
296	1	3	24	0	18	0	2	96	0	0								
297	1	1	26	0	8	0	5	94	0	0								
298	1	5	17	0	9	0	2	120	0	0								
299	1	5	24	0	5	0	0	106	0	0								
300	1	2	22	0	9	0	5	104	0	0								
301	1	5	31	0	4	0	1	121	0	0								
302	1	2	30	0	9	0	4	107	0	0								
303	1	3	8	0	13	0	3	112	0	0								
304	1	1	22	0	9	0	3	86	0	0								
305	1	3	30	0	14	0	5	95	0	0								
306	1	0	35	0	10	0	2	95	0	0								
307	1	2	30	0	13	0	2	94	0	0								
308	1	2	15	0	8	0	3	104	0	0								
309	1	1	26	0	3	0	0	96	0	0								
310	1	1	18	0	10	0	3	90	0	0								
311	1	4	16	0	8	0	2	102	0	0								
312	1	3	26	0	8	0	0	98	0	0								
313	1	3	22	0	6	0	0	95	0	0								
314	1	1	32	0	5	0	4	90	0	0								
315	1	3	28	0	7	0	2	77	0	0								
316	1	1	24	0	4	0	1	77	0	0								
317	1	8	35	0	6	0	1	103	0	0								
318	1	3	14	0	6	0	4	76	0	0								
319	1	4	21	0	7	0	3	85	0	0								
320	1	3	16	0	11	0	3	91	0	0								
321	1	2	18	0	12	0	2	86	0	0								
322	1	1	24	0	6	0	2	96	0	0								
323	1	2	32	0	9	0	2	69	0	0								
324	1	5	19	0	14	0	1	81	0	0								
325	1	3	12	0	8	0	0	86	0	0								
326	1	6	21	0	4	0	0	89	0	0								
327	1	3	22	0	4	0	1	84	0	0								
328	1	6	17	0	5	0	2	83	0	0								
329	1	2	21	0	12	0	4	93	0	0								
330	1	5	25	0	9	0	2	90	0	0								
331	1	2	16	0	8	0	1	88	0	0								
332	1	2	23	0	10	0	1	100	0	0								
333	1	4	19	0	7	0	1	88	0	0								
334	1	4	22	0	7	0	1	91	0	0								
335	1	6	17	0	5	0	3	93	0	0								
336	1	5	22	0	2	0	0	74	0	0								
337	1	3	30	0	5	0	5	76	0	0								
338	1	5	16	0	13	0	1	80	0	0								
339	1	2	13	0	8	0	0	85	0	0								
340	1	4	21	0	11	0	3	72	0	0								
341	1	2	20	0	11	0	1	86	0	0								
342	1	8	20	0	7	0	0	68	0	0								
343	1	3	19	0	4	0	1	86	0	0								
344	1	1	25	0	7	0	4	65	0	0								
345	1	2	19	0	9	0	5	89	0	0								
346	1	3	21	0	6	0	3	80	0	0								
347	1	0	21	0	7	0	1	70	0	0								
348	1	2	25	0	11	0	1	68	0	0								
349	1	6	18	0	5	0	3	84	0	0								
350	1	3	18	0	5	0	1	68	0	0								
351	1	1	22	0	6	0	3	74	0	0								
352	1	3	16	0	7	0	1	78	0	0								
353	1	3	21	0	11	0	3	57	0	0								
354	1	1	22	0	5	0	2	79	0	0								
355	1	2	22	0	8	0	2	65	0	0								
356	1	1	16	0	6	0	0	71	0	0								
357	1	9	14	0	6	0	1	67	0	0								
358	1	0	19	0	8	0	2	69	0	0								
359	1	2	16	0	3	0	4	75	0	0								
360	1	0	21	0	7	0	3	59	0	0								
361	1	4	18	0	5	0	1	73	0	0								
362	1	1	29	0	7	0	2	55	0	0								
363	1	2	24	0	10	0	1	61	0	0								
364	1	2	17	0	8	0	1	60	0	0								
365	1	3	16	0	6	0	1	71	0	0								
366	1	3	17	0	4	0	2	65	0	0								
367	1	2	22	0	5	0	0	67	0	0								
368	1	2	20	0	7	0	2	60	0	0								
369	1	3	14	0	4	0	0	56	0	0								
370	1	2	20	0	9	0	0	76	0	0								
371	1	4	18	0	6	0	0	63	0	0								
372	1	1	22	0	9	0	2	61	0	0								
373	1	3	20	0	7	0	2	49	0	0								
374	1	0	17	0	7	0	2	59	0	0								
375	1	2	10	0	3	0	1	45	0	0								
376	1	5	13	0	4	0	0	45	0	0								
377	1	1	19	0	6	0	2	52	0	0								
378	1	3	12	0	4	0	0	56	0	0								
379	1	2	13	0	8	0	2	48	0	0								
380	1	3	20	0	6	0	1	69	0	0								
381	1	0	18	0	3	0	1	60	0	0								
382	1	3	17	0	5	0	1	67	0	0								
383	1	1	18	0	0	0	1	58	0	0								
384	1	4	11	0	3	0	3	53	0	0								
385	1	3	14	0	5	0	1	58	0	0								
386	1	3	15	0	7	0	3	68	0	0								
387	1	4	11	0	9	0	2	63	0	0								
388	1	1	21	0	5	0	1	61	0	0								
389	1	1	20	0	7	0	2	53	0	0								
390	1	1	13	0	3	0	0	62	0	0								
391	1	1	16	0	1	0	1	75	0	0								
392	1	2	20	0	7	0	1	56	1	0								
393	1	4	15	0	4	0	2	43	0	0								
394	1	0	12	0	8	0	0	59	0	0								
395	1	2	15	0	7	0	0	65	0	0								
396	1	3	16	0	8	0	0	48	0	0								
397	1	4	16	0	5	0	1	54	0	0								
398	1	1	11	0	11	0	1	67	0	0								
399	1	1	15	0	7	0	1	61	0	0								
400	1	4	12	0	8	0	1	64	0	0								
401	0	0	0	0	0	0	0	0	0	0								
SUM	==>	120201	317797	34	151252	1309	44188	903448	248	201								
