15000000
400
 ZONE MED   LOSS(MEV)      (MEV)    EXCITATION    PI0   (MEV)        PI+     K+    MU-    MU+     PROT    DEUT    TRIT     HE3    ALPH     ELSC    INEL    FISS
   1   1  0.675062E+07 0.963496E+03 0.3898E+02      1 0.3337E+02       0      0      0      0     7099    1432     392     863    4072     5271   16664       0
   2   1  0.682199E+07 0.988229E+03 0.1413E+02      2 0.2087E+02       0      0      0      0     9434    1686     411     964    4258     5524   16999       0
   3   1  0.687742E+07 0.955188E+03 0.3301E+02      1 0.3062E+02       0      0      0      0    10857    1690     449     982    4256     5504   16863       0
   4   1  0.691687E+07 0.983958E+03 0.1249E+02      2 0.2269E+02       0      0      0      0    11728    1717     457     962    4260     5702   17091       0
   5   1  0.695652E+07 0.977827E+03 0.2314E+02      1 0.5933E+01       0      0      0      0    12508    1744     469     938    4288     5581   17071       0
   6   1  0.699545E+07 0.986459E+03 0.3964E+02      4 0.6387E+02       0      0      0      0    13100    1870     456    1016    4501     5707   17383       0
   7   1  0.702283E+07 0.101324E+04 0.2114E+02      0 0.0000E+00       0      0      0      0    13772    1803     456     947    4156     5825   17335       0
   8   1  0.705713E+07 0.104256E+04 0.1861E+02      2 0.1411E+02       0      0      0      0    14142    1826     463     938    4373     6032   17474       0
   9   1  0.708422E+07 0.100861E+04 0.1174E+02      1 0.2386E+01       0      0      0      0    14657    1764     471    1005    4416     6070   17659       0
  10   1  0.710944E+07 0.103902E+04 0.2599E+01      1 0.3868E+02       0      0      0      0    15000    1862     423     971    4281     6075   17865       0
  11   1  0.713891E+07 0.102804E+04 0.2366E+02      1 0.1346E+02       0      0      0      0    15452    1815     494    1060    4369     5988   17588       0
  12   1  0.716539E+07 0.109395E+04 0.0000E+00      3 0.1999E+02       0      0      0      0    15712    1805     478     983    4402     6273   17916       0
  13   1  0.718357E+07 0.104005E+04 0.7138E+01      3 0.4448E+02       0      0      0      0    15902    1831     479     901    4366     6175   17754       0
  14   1  0.721501E+07 0.110636E+04 0.1306E+02      3 0.2139E+02       0      0      0      0    16439    1945     482     990    4315     6342   18008       0
  15   1  0.723653E+07 0.109972E+04 0.2206E+02      0 0.0000E+00       0      0      0      0    16717    1820     478    1022    4361     6497   17929       0
  16   1  0.725723E+07 0.106622E+04 0.1490E+02      2 0.1456E+02       0      0      0      0    16917    1820     447     981    4451     6354   18113       0
  17   1  0.727189E+07 0.110638E+04 0.1778E+02      2 0.1251E+02       0      0      0      0    17092    1831     436     945    4307     6514   17867       0
  18   1  0.730200E+07 0.111976E+04 0.3683E+02      1 0.2275E+01       0      0      0      0    17596    1870     503     984    4505     6566   18323       0
  19   1  0.731381E+07 0.112857E+04 0.1505E+02      0 0.0000E+00       0      0      0      0    17387    1791     471     989    4356     6637   18345       0
  20   1  0.733877E+07 0.113608E+04 0.1325E+02      2 0.1847E+02       0      0      0      0    17863    1828     485     976    4556     6864   18329       0
  21   1  0.736025E+07 0.114591E+04 0.4143E+02      1 0.2548E+02       0      0      0      0    18267    1894     434    1027    4438     6764   18438       0
  22   1  0.737949E+07 0.113731E+04 0.1905E+02      1 0.1364E+02       0      0      0      0    18039    1917     493    1033    4501     6711   18491       0
  23   1  0.740077E+07 0.112127E+04 0.3482E+02      1 0.8536E-01       0      0      0      0    18396    1860     454    1024    4402     6905   18455       0
  24   1  0.742205E+07 0.114661E+04 0.3808E+02      0 0.0000E+00       0      0      0      0    18883    1945     482     984    4347     6891   18470       0
  25   1  0.744268E+07 0.114708E+04 0.3378E+02      1 0.9851E+01       0      0      0      0    19058    1925     477    1041    4574     6907   18605       0
  26   1  0.746096E+07 0.114734E+04 0.2690E+02      1 0.1219E+02       0      0      0      0    19077    1887     532    1000    4450     6954   18527       0
  27   1  0.747794E+07 0.111956E+04 0.2515E+02      2 0.1296E+02       0      0      0      0    19451    1876     486    1012    4418     6974   18581       0
  28   1  0.749942E+07 0.118186E+04 0.2459E+02      0 0.0000E+00       0      0      0      0    19578    1842     456    1014    4487     7123   18689       0
  29   1  0.751203E+07 0.119065E+04 0.4025E+02      1 0.1959E+02       0      0      0      0    19596    1855     488     939    4453     7247   18331       0
  30   1  0.752730E+07 0.119921E+04 0.2394E+02      1 0.9339E+01       0      0      0      0    19648    1888     467    1005    4431     7287   18739       0
  31   1  0.755286E+07 0.120272E+04 0.2491E+02      2 0.9361E+01       0      0      0      0    19853    1850     503    1027    4609     7347   18833       0
  32   1  0.756734E+07 0.118801E+04 0.4060E+02      1 0.5668E+01       0      0      0      0    19979    1883     524     987    4549     7332   18706       0
  33   1  0.758766E+07 0.117664E+04 0.6633E+02      0 0.0000E+00       0      0      0      0    20209    1964     467     942    4570     7143   18862       0
  34   1  0.760428E+07 0.119704E+04 0.1156E+02      1 0.2531E+01       0      0      0      0    20461    1841     482     972    4495     7331   18998       0
  35   1  0.762223E+07 0.120442E+04 0.3786E+02      1 0.2031E+02       0      0      0      0    20790    1799     484     982    4528     7501   18701       0
  36   1  0.764034E+07 0.119681E+04 0.3211E+01      1 0.1910E+02       0      0      0      0    20860    1864     519    1023    4474     7429   18899       0
  37   1  0.765100E+07 0.120694E+04 0.5515E+02      0 0.0000E+00       0      0      0      0    20884    1827     460     970    4366     7553   18743       0
  38   1  0.767071E+07 0.123856E+04 0.1200E+02      2 0.5105E+01       0      0      0      0    20892    1854     440    1040    4595     7607   19013       0
  39   1  0.769035E+07 0.122529E+04 0.1067E+02      0 0.0000E+00       0      0      0      0    21198    1999     479     958    4454     7665   19189       0
  40   1  0.770249E+07 0.124483E+04 0.6395E+02      3 0.4954E+02       0      0      0      0    21233    1910     489    1017    4317     7848   18757       0
  41   1  0.772525E+07 0.125923E+04 0.3615E+02      1 0.1764E+01       0      0      0      0    21647    1909     529    1024    4603     7785   19387       0
  42   1  0.773628E+07 0.124936E+04 0.4217E+02      0 0.0000E+00       0      0      0      0    21643    1863     478     950    4484     7676   19078       0
  43   1  0.774838E+07 0.123713E+04 0.2030E+02      3 0.1323E+02       0      0      0      0    21433    1818     472     987    4458     7862   19159       0
  44   1  0.776625E+07 0.125957E+04 0.4246E+02      0 0.0000E+00       0      0      0      0    21758    1828     490     962    4644     7816   19080       0
  45   1  0.778709E+07 0.127925E+04 0.3216E+02      0 0.0000E+00       0      0      0      0    21972    1969     530     982    4598     8014   19358       0
  46   1  0.780000E+07 0.124917E+04 0.6317E+02      0 0.0000E+00       0      0      0      0    22063    1911     487    1031    4584     7786   19250       0
  47   1  0.781338E+07 0.126859E+04 0.4135E+02      0 0.0000E+00       0      0      0      0    22120    1900     482     935    4653     8004   19106       0
  48   1  0.783029E+07 0.128246E+04 0.1504E+02      0 0.0000E+00       0      0      0      0    22440    1819     490    1051    4610     7899   19597       0
  49   1  0.784991E+07 0.127445E+04 0.5399E+01      0 0.0000E+00       0      0      0      0    22580    1912     432    1021    4605     7884   19534       0
  50   1  0.785876E+07 0.126669E+04 0.2258E+02      2 0.1889E+02       0      0      0      0    22632    1878     486     980    4436     8048   19162       0
  51   1  0.787480E+07 0.130760E+04 0.1771E+02      1 0.1376E+01       0      0      0      0    22537    1956     437     992    4454     8127   19179       0
  52   1  0.788811E+07 0.128540E+04 0.2415E+02      1 0.2311E+01       0      0      0      0    22841    1937     501     993    4618     8095   19558       0
  53   1  0.790943E+07 0.130744E+04 0.1046E+02      1 0.2756E+01       0      0      0      0    22844    1966     473    1013    4763     8175   19709       0
  54   1  0.792136E+07 0.134758E+04 0.8343E+02      1 0.1671E+02       0      0      0      0    23394    1856     443     975    4460     8429   19467       0
  55   1  0.793493E+07 0.132873E+04 0.4022E+02      0 0.0000E+00       0      0      0      0    23275    1872     448     982    4614     8471   19241       0
  56   1  0.794483E+07 0.130130E+04 0.6243E+01      1 0.5071E+01       0      0      0      0    23398    1846     475     936    4701     8213   19623       0
  57   1  0.796519E+07 0.132817E+04 0.2243E+01      2 0.2700E+02       0      0      0      0    23622    1907     493     985    4622     8462   19611       0
  58   1  0.797377E+07 0.136566E+04 0.3411E+02      0 0.0000E+00       0      0      0      0    23451    1798     461     979    4619     8451   19463       0
  59   1  0.799317E+07 0.133445E+04 0.1209E+02      1 0.3204E+02       0      0      0      0    23744    1897     463    1046    4639     8623   19692       0
  60   1  0.800658E+07 0.130560E+04 0.1309E+02      0 0.0000E+00       0      0      0      0    23783    1909     468    1024    4693     8413   19624       0
  61   1  0.801643E+07 0.134193E+04 0.3206E+01      0 0.0000E+00       0      0      0      0    23886    1898     492    1065    4673     8528   19789       0
  62   1  0.802416E+07 0.137800E+04 0.8653E+02      1 0.1366E+01       0      0      0      0    23886    1868     433    1003    4568     8625   19409       0
  63   1  0.804223E+07 0.135725E+04 0.5176E+02      0 0.0000E+00       0      0      0      0    23849    1911     434     969    4582     8673   19594       0
  64   1  0.805371E+07 0.135046E+04 0.3042E+02      0 0.0000E+00       0      0      0      0    23786    1893     420     990    4433     8695   19361       0
  65   1  0.807369E+07 0.135052E+04 0.4065E+02      1 0.7493E+00       0      0      0      0    24174    1937     468     957    4880     8561   19990       0
  66   1  0.808318E+07 0.136160E+04 0.2366E+02      0 0.0000E+00       0      0      0      0    24205    1882     471     953    4561     8834   19397       0
  67   1  0.809858E+07 0.140062E+04 0.2947E+02      1 0.2214E+01       0      0      0      0    24532    1916     455     987    4670     8731   19804       0
  68   1  0.811343E+07 0.137931E+04 0.2755E+02      0 0.0000E+00       0      0      0      0    24398    1865     504     978    4589     8857   19654       0
  69   1  0.812535E+07 0.137718E+04 0.3937E+02      0 0.0000E+00       0      0      0      0    24687    1914     460     913    4777     8884   19917       0
  70   1  0.813915E+07 0.140973E+04 0.4055E+02      1 0.4148E+01       0      0      0      0    24299    1850     464     980    4640     8916   19764       0
  71   1  0.815082E+07 0.136093E+04 0.2731E+02      0 0.0000E+00       0      0      0      0    24755    1908     505    1004    4784     8825   19707       0
  72   1  0.816690E+07 0.142054E+04 0.4395E+02      0 0.0000E+00       0      0      0      0    24722    1906     470     945    4785     8986   20005       0
  73   1  0.818233E+07 0.140920E+04 0.2424E+02      0 0.0000E+00       0      0      0      0    24998    1839     507    1017    4856     9049   19894       0
  74   1  0.818917E+07 0.138344E+04 0.3753E+02      1 0.3933E+01       0      0      0      0    24623    1916     438     950    4671     9084   19871       0
  75   1  0.820367E+07 0.141157E+04 0.4087E+02      0 0.0000E+00       0      0      0      0    24888    1840     512     969    4527     9085   19589       0
  76   1  0.822253E+07 0.142727E+04 0.3957E+02      0 0.0000E+00       0      0      0      0    25129    1980     497     950    4591     9215   19629       0
  77   1  0.823332E+07 0.145525E+04 0.3956E+02      0 0.0000E+00       0      0      0      0    24747    1878     493    1046    4718     9241   20021       0
  78   1  0.824600E+07 0.140751E+04 0.3530E+02      0 0.0000E+00       0      0      0      0    25180    1929     462    1007    4708     9158   19590       0
  79   1  0.826198E+07 0.145777E+04 0.4969E+02      0 0.0000E+00       0      0      0      0    25236    1877     516     963    4702     9467   20193       0
  80   1  0.827288E+07 0.143202E+04 0.3098E+02      0 0.0000E+00       0      0      0      0    25371    1894     433     981    4749     9156   19975       0
  81   1  0.828596E+07 0.148422E+04 0.3455E+02      0 0.0000E+00       0      0      0      0    25604    1972     471     944    4688     9434   20121       0
  82   1  0.829969E+07 0.145374E+04 0.2439E+02      0 0.0000E+00       0      0      0      0    25449    1874     440    1027    4805     9267   20110       0
  83   1  0.831098E+07 0.147067E+04 0.4349E+02      1 0.1958E+01       0      0      0      0    25636    1867     414     971    4574     9500   19783       0
  84   1  0.832673E+07 0.147927E+04 0.3577E+02      0 0.0000E+00       0      0      0      0    25635    1890     483    1030    4633     9568   19823       0
  85   1  0.834299E+07 0.147436E+04 0.4901E+02      0 0.0000E+00       0      0      0      0    26197    1919     480    1029    4715     9537   20109       0
  86   1  0.834946E+07 0.146587E+04 0.3654E+02      0 0.0000E+00       0      0      0      0    25826    1869     455     966    4662     9628   19923       0
  87   1  0.836177E+07 0.146155E+04 0.3136E+02      0 0.0000E+00       0      0      0      0    25846    1900     539     949    4632     9608   19940       0
  88   1  0.837512E+07 0.148691E+04 0.2410E+02      0 0.0000E+00       0      0      0      0    25716    1891     480    1011    4738     9642   19773       0
  89   1  0.839409E+07 0.146425E+04 0.6710E+01      0 0.0000E+00       0      0      0      0    26189    1995     416     976    4817     9538   20257       0
  90   1  0.840185E+07 0.149725E+04 0.4103E+02      0 0.0000E+00       0      0      0      0    26160    1886     452    1022    4601     9704   19884       0
  91   1  0.842056E+07 0.147291E+04 0.1520E+02      0 0.0000E+00       0      0      0      0    26211    1889     498    1045    4871     9588   20458       0
  92   1  0.842885E+07 0.147374E+04 0.1224E+02      0 0.0000E+00       0      0      0      0    26449    1926     452     916    4678     9724   19977       0
  93   1  0.844436E+07 0.147190E+04 0.2216E+02      0 0.0000E+00       0      0      0      0    26366    1921     509     949    4679     9661   20046       0
  94   1  0.845489E+07 0.153037E+04 0.1588E+02      0 0.0000E+00       0      0      0      0    26336    1952     464     979    4643    10084   20009       0
  95   1  0.846964E+07 0.150446E+04 0.3537E+02      0 0.0000E+00       0      0      0      0    26331    1840     480     959    4738     9864   19962       0
  96   1  0.848028E+07 0.147635E+04 0.1915E+02      0 0.0000E+00       0      0      0      0    26858    1919     496     985    4745     9735   20115       0
  97   1  0.849098E+07 0.153335E+04 0.2515E+02      0 0.0000E+00       0      0      0      0    26608    1869     464     938    4767    10015   20197       0
  98   1  0.850296E+07 0.153839E+04 0.4583E+02      0 0.0000E+00       0      0      0      0    26473    1883     520    1000    4651    10013   19959       0
  99   1  0.851531E+07 0.154858E+04 0.1894E+02      0 0.0000E+00       0      0      0      0    26675    1897     474     961    4661    10199   19926       0
 100   1  0.852711E+07 0.152160E+04 0.1542E+02      0 0.0000E+00       0      0      0      0    26738    1938     476     986    4732    10048   20100       0
 101   1  0.853986E+07 0.151478E+04 0.3201E+02      0 0.0000E+00       0      0      0      0    26867    1807     480     999    4632    10099   19824       0
 102   1  0.855159E+07 0.151384E+04 0.2700E+02      0 0.0000E+00       0      0      0      0    26738    1866     456     940    4675    10049   20336       0
 103   1  0.856705E+07 0.153061E+04 0.1804E+02      0 0.0000E+00       0      0      0      0    27044    1963     427     967    4666    10132   20217       0
 104   1  0.858253E+07 0.152488E+04 0.4078E+02      0 0.0000E+00       0      0      0      0    27321    1916     483     980    4835    10340   20417       0
 105   1  0.859067E+07 0.156035E+04 0.7320E+02      0 0.0000E+00       0      0      0      0    27062    1925     490     944    4690    10290   20085       0
 106   1  0.860360E+07 0.156647E+04 0.2152E+02      0 0.0000E+00       0      0      0      0    27332    1894     502    1062    4650    10413   20261       0
 107   1  0.861317E+07 0.160882E+04 0.3427E+02      0 0.0000E+00       0      0      0      0    27193    1821     440     964    4653    10486   20126       0
 108   1  0.862608E+07 0.158419E+04 0.3392E+02      0 0.0000E+00       0      0      0      0    27022    1873     471    1046    4652    10445   20294       0
 109   1  0.863898E+07 0.156680E+04 0.4829E+02      0 0.0000E+00       0      0      0      0    27285    1934     481     923    4656    10368   20062       0
 110   1  0.865075E+07 0.157407E+04 0.2713E+02      0 0.0000E+00       0      0      0      0    27384    1852     469     964    4868    10584   20198       0
 111   1  0.866067E+07 0.157193E+04 0.2939E+02      0 0.0000E+00       0      0      0      0    27385    1875     473     947    4714    10531   20188       0
 112   1  0.867317E+07 0.164462E+04 0.1072E+02      0 0.0000E+00       0      0      0      0    27495    1812     453     969    4677    10946   20186       0
 113   1  0.868282E+07 0.160868E+04 0.1812E+02      0 0.0000E+00       0      0      0      0    27285    1868     423     919    4618    10838   20078       0
 114   1  0.869799E+07 0.161138E+04 0.9437E+01      0 0.0000E+00       0      0      0      0    27661    1956     476     970    4737    10878   20353       0
 115   1  0.870523E+07 0.162775E+04 0.4081E+02      0 0.0000E+00       0      0      0      0    27457    1846     454     919    4780    10815   20099       0
 116   1  0.872019E+07 0.162421E+04 0.3316E+02      0 0.0000E+00       0      0      0      0    27583    1976     461     933    4704    10972   20047       0
 117   1  0.872955E+07 0.164683E+04 0.2940E+02      0 0.0000E+00       0      0      0      0    27761    1873     472     936    4708    11005   20152       0
 118   1  0.873694E+07 0.162130E+04 0.4261E+02      0 0.0000E+00       0      0      0      0    27576    1884     462     942    4611    11062   20202       0
 119   1  0.874934E+07 0.168114E+04 0.2272E+02      0 0.0000E+00       0      0      0      0    27748    1770     462    1001    4603    11209   20335       0
 120   1  0.876474E+07 0.163667E+04 0.3533E+02      0 0.0000E+00       0      0      0      0    27743    1881     438    1045    4643    11099   20229       0
 121   1  0.877546E+07 0.167056E+04 0.3743E+02      0 0.0000E+00       0      0      0      0    27828    1796     466     993    4648    11342   20103       0
 122   1  0.878733E+07 0.166859E+04 0.5927E+01      0 0.0000E+00       0      0      0      0    27974    1849     456     945    4705    11451   20260       0
 123   1  0.879793E+07 0.170019E+04 0.4218E+02      0 0.0000E+00       0      0      0      0    27895    1811     482     944    4685    11598   20030       0
 124   1  0.881524E+07 0.168949E+04 0.4152E+02      0 0.0000E+00       0      0      0      0    28198    1926     436     939    4758    11581   20267       0
 125   1  0.882654E+07 0.171839E+04 0.2988E+02      0 0.0000E+00       0      0      0      0    28238    1916     446     963    4727    11550   20337       0
 126   1  0.883628E+07 0.170015E+04 0.6629E+02      0 0.0000E+00       0      0      0      0    28030    1872     419     937    4520    11550   19955       0
 127   1  0.885145E+07 0.172756E+04 0.3095E+02      0 0.0000E+00       0      0      0      0    28159    1831     450     969    4748    11757   20223       0
 128   1  0.886402E+07 0.171464E+04 0.2415E+02      0 0.0000E+00       0      0      0      0    28070    1980     478     953    4680    11658   20279       0
 129   1  0.887622E+07 0.172170E+04 0.3633E+02      0 0.0000E+00       0      0      0      0    28089    1828     436     925    4560    11721   20261       0
 130   1  0.889692E+07 0.174338E+04 0.3726E+02      0 0.0000E+00       0      0      0      0    28352    1868     466     956    4676    11922   20401       0
 131   1  0.890893E+07 0.171757E+04 0.4664E+02      0 0.0000E+00       0      0      0      0    28634    1864     453     904    4609    11813   20142       0
 132   1  0.892575E+07 0.173652E+04 0.5253E+02      0 0.0000E+00       0      0      0      0    28619    1831     483     979    4843    11954   20265       0
 133   1  0.893459E+07 0.175177E+04 0.0000E+00      0 0.0000E+00       0      0      0      0    28498    1909     497     958    4732    11957   20316       0
 134   1  0.895312E+07 0.176833E+04 0.2392E+02      0 0.0000E+00       0      0      0      0    28649    1802     448     989    4824    12160   20580       0
 135   1  0.896177E+07 0.174800E+04 0.3697E+02      0 0.0000E+00       0      0      0      0    28802    1920     488     976    4653    11891   20370       0
 136   1  0.897433E+07 0.173595E+04 0.3077E+02      0 0.0000E+00       0      0      0      0    28808    1848     465     928    4555    12018   20195       0
 137   1  0.898305E+07 0.176205E+04 0.5253E+01      0 0.0000E+00       0      0      0      0    28959    1814     458     980    4509    12138   20266       0
 138   1  0.899617E+07 0.180088E+04 0.7824E+02      0 0.0000E+00       0      0      0      0    28420    1844     419     979    4715    12095   20309       0
 139   1  0.901393E+07 0.180151E+04 0.9595E+01      0 0.0000E+00       0      0      0      0    28814    1879     421     981    4901    12167   20165       0
 140   1  0.901710E+07 0.177873E+04 0.4669E+02      0 0.0000E+00       0      0      0      0    29245    1818     453     994    4582    12364   20201       0
 141   1  0.903014E+07 0.181377E+04 0.1924E+02      0 0.0000E+00       0      0      0      0    28701    1856     475     910    4799    12617   20213       0
 142   1  0.904532E+07 0.178629E+04 0.1863E+02      0 0.0000E+00       0      0      0      0    28945    1933     433     955    4668    12528   20279       0
 143   1  0.905311E+07 0.179483E+04 0.2866E+02      0 0.0000E+00       0      0      0      0    29255    1846     444     987    4848    12501   20489       0
 144   1  0.906323E+07 0.181125E+04 0.2558E+02      0 0.0000E+00       0      0      0      0    29018    1822     408     913    4662    12720   20191       0
 145   1  0.907211E+07 0.182307E+04 0.2833E+02      0 0.0000E+00       0      0      0      0    29045    1904     445     919    4714    12730   20488       0
 146   1  0.908391E+07 0.185155E+04 0.5885E+02      0 0.0000E+00       0      0      0      0    28989    1865     456     945    4825    12879   20431       0
 147   1  0.909741E+07 0.183709E+04 0.1832E+02      0 0.0000E+00       0      0      0      0    29199    1862     437     983    4745    12828   20560       0
 148   1  0.910656E+07 0.185066E+04 0.4296E+02      0 0.0000E+00       0      0      0      0    29691    1747     453     934    4695    12907   20273       0
 149   1  0.911827E+07 0.185399E+04 0.4629E+02      0 0.0000E+00       0      0      0      0    29543    1804     458     957    4773    12963   20618       0
 150   1  0.912467E+07 0.185003E+04 0.4164E+02      0 0.0000E+00       0      0      0      0    29210    1806     425     896    4668    13148   20060       0
 151   1  0.914006E+07 0.187457E+04 0.1893E+02      0 0.0000E+00       0      0      0      0    29493    1793     437     912    4584    13159   20106       0
 152   1  0.916188E+07 0.191953E+04 0.8037E+02      0 0.0000E+00       0      0      0      0    29325    1846     435     926    4828    13413   20442       0
 153   1  0.919184E+07 0.191041E+04 0.3970E+02      0 0.0000E+00       0      0      0      0    29560    1865     406     948    4768    13284   20469       0
 154   1  0.922450E+07 0.189816E+04 0.1618E+02      0 0.0000E+00       0      0      0      0    29600    1800     456     939    4752    13296   20264       0
 155   1  0.925824E+07 0.189005E+04 0.3232E+02      0 0.0000E+00       0      0      0      0    29598    1779     398     966    4545    13530   20456       0
 156   1  0.929324E+07 0.193599E+04 0.7090E+01      0 0.0000E+00       0      0      0      0    29606    1803     445     904    4576    13511   20209       0
 157   1  0.932260E+07 0.188346E+04 0.7008E+02      0 0.0000E+00       0      0      0      0    29853    1741     415     942    4748    13528   20226       0
 158   1  0.935100E+07 0.198423E+04 0.3807E+02      0 0.0000E+00       0      0      0      0    30030    1791     405     930    4662    13987   20212       0
 159   1  0.936680E+07 0.195284E+04 0.4787E+02      0 0.0000E+00       0      0      0      0    29900    1674     415     930    4707    13790   20252       0
 160   1  0.939137E+07 0.195538E+04 0.1824E+02      0 0.0000E+00       0      0      0      0    29681    1775     459     865    4741    13855   20298       0
 161   1  0.941024E+07 0.197699E+04 0.3404E+02      0 0.0000E+00       0      0      0      0    29794    1750     433     914    4866    14007   20396       0
 162   1  0.942616E+07 0.199550E+04 0.2666E+02      0 0.0000E+00       0      0      0      0    30033    1762     426     908    4581    14113   20124       0
 163   1  0.944693E+07 0.201517E+04 0.2878E+02      0 0.0000E+00       0      0      0      0    29952    1727     444     958    4689    14254   20349       0
 164   1  0.946238E+07 0.202412E+04 0.4322E+02      0 0.0000E+00       0      0      0      0    29761    1719     453     915    4585    14309   20437       0
 165   1  0.948366E+07 0.199769E+04 0.5273E+00      0 0.0000E+00       0      0      0      0    30099    1785     436     930    4544    14424   20280       0
 166   1  0.950054E+07 0.204707E+04 0.1523E+02      0 0.0000E+00       0      0      0      0    29824    1781     430     961    4562    14685   20516       0
 167   1  0.952243E+07 0.203222E+04 0.6800E+02      0 0.0000E+00       0      0      0      0    30080    1860     438     923    4706    14530   20383       0
 168   1  0.954189E+07 0.204870E+04 0.1530E+02      0 0.0000E+00       0      0      0      0    30163    1797     411     975    4571    14656   20159       0
 169   1  0.956060E+07 0.208018E+04 0.3960E+02      0 0.0000E+00       0      0      0      0    30097    1778     457     877    4636    15105   20229       0
 170   1  0.958083E+07 0.213030E+04 0.2591E+02      0 0.0000E+00       0      0      0      0    30366    1812     443     898    4657    15304   20385       0
 171   1  0.960244E+07 0.207039E+04 0.7281E+02      0 0.0000E+00       0      0      0      0    30345    1747     418     896    4725    15000   20284       0
 172   1  0.962463E+07 0.209990E+04 0.4731E+02      0 0.0000E+00       0      0      0      0    30800    1827     451     949    4625    15076   20392       0
 173   1  0.963994E+07 0.209096E+04 0.6993E+02      0 0.0000E+00       0      0      0      0    30273    1783     429     946    4582    15236   20264       0
 174   1  0.966160E+07 0.207408E+04 0.3316E+02      0 0.0000E+00       0      0      0      0    30593    1774     449     899    4662    15181   20199       0
 175   1  0.967838E+07 0.217744E+04 0.3877E+02      0 0.0000E+00       0      0      0      0    30716    1644     431     893    4735    15408   20288       0
 176   1  0.970089E+07 0.216596E+04 0.1145E+02      0 0.0000E+00       0      0      0      0    30709    1790     398     895    4813    15600   20316       0
 177   1  0.972417E+07 0.220899E+04 0.1826E+02      0 0.0000E+00       0      0      0      0    30502    1729     426     863    4722    15918   20259       0
 178   1  0.974532E+07 0.216181E+04 0.5328E+02      0 0.0000E+00       0      0      0      0    30698    1854     412     941    4512    15682   20361       0
 179   1  0.976581E+07 0.220459E+04 0.3827E+02      0 0.0000E+00       0      0      0      0    30962    1687     413     885    4496    15841   20270       0
 180   1  0.978319E+07 0.219687E+04 0.1579E+02      1 0.1650E+02       0      0      0      0    30924    1716     362     825    4515    16027   20133       0
 181   1  0.981075E+07 0.216865E+04 0.1914E+02      0 0.0000E+00       0      0      0      0    30972    1736     435     943    4580    16118   20159       0
 182   1  0.983102E+07 0.224757E+04 0.4830E+02      0 0.0000E+00       0      0      0      0    31078    1674     395     915    4688    16365   20189       0
 183   1  0.985306E+07 0.231086E+04 0.4279E+02      0 0.0000E+00       0      0      0      0    31196    1707     407     804    4541    16464   20200       0
 184   1  0.987209E+07 0.222020E+04 0.5748E+02      0 0.0000E+00       0      0      0      0    30829    1686     390     913    4523    16276   20236       0
 185   1  0.989607E+07 0.233217E+04 0.4764E+02      0 0.0000E+00       0      0      0      0    30958    1579     407     896    4657    16787   20222       0
 186   1  0.992383E+07 0.230268E+04 0.4077E+02      0 0.0000E+00       0      0      0      0    31231    1727     391     902    4577    16752   20175       0
 187   1  0.995156E+07 0.231280E+04 0.3664E+02      0 0.0000E+00       0      0      0      0    31586    1752     413     940    4641    16732   20593       0
 188   1  0.997069E+07 0.235816E+04 0.1420E+02      0 0.0000E+00       0      0      0      0    31346    1671     402     904    4649    17193   20128       0
 189   1  0.999320E+07 0.231744E+04 0.1831E+02      0 0.0000E+00       0      0      0      0    31285    1660     381     886    4671    17045   20387       0
 190   1  0.100236E+08 0.235992E+04 0.4679E+02      0 0.0000E+00       0      0      0      0    31823    1747     396     870    4619    17457   20321       0
 191   1  0.100468E+08 0.235503E+04 0.4126E+02      0 0.0000E+00       0      0      0      0    31684    1705     425     888    4590    17210   20395       0
 192   1  0.100714E+08 0.237873E+04 0.7980E+02      0 0.0000E+00       0      0      0      0    31434    1680     412     904    4732    17579   20391       0
 193   1  0.100975E+08 0.235710E+04 0.4304E+02      0 0.0000E+00       0      0      0      0    31832    1745     377     899    4609    17606   20353       0
 194   1  0.101204E+08 0.241331E+04 0.1884E+02      0 0.0000E+00       0      0      0      0    31583    1640     394     862    4638    17738   20426       0
 195   1  0.101476E+08 0.245302E+04 0.1787E+02      0 0.0000E+00       0      0      0      0    31483    1750     390     878    4577    17887   20174       0
 196   1  0.101732E+08 0.242750E+04 0.2593E+02      0 0.0000E+00       0      0      0      0    31899    1606     401     899    4670    17779   20303       0
 197   1  0.101981E+08 0.244141E+04 0.2504E+01      0 0.0000E+00       0      0      0      0    31832    1694     406     880    4540    18206   20254       0
 198   1  0.102234E+08 0.248310E+04 0.1945E+02      0 0.0000E+00       0      0      0      0    31893    1669     357     884    4528    18287   20014       0
 199   1  0.102496E+08 0.247591E+04 0.4662E+02      0 0.0000E+00       0      0      0      0    31968    1692     418     819    4650    18431   20392       0
 200   1  0.102776E+08 0.250525E+04 0.4495E+02      0 0.0000E+00       0      0      0      0    32119    1664     407     887    4498    18494   20321       0
 201   1  0.103052E+08 0.251237E+04 0.5927E+02      0 0.0000E+00       0      0      0      0    32087    1677     447     905    4677    18705   20312       0
 202   1  0.103262E+08 0.257475E+04 0.4536E+02      0 0.0000E+00       0      0      0      0    32121    1644     424     818    4599    19045   20412       0
 203   1  0.103530E+08 0.254368E+04 0.5608E+02      0 0.0000E+00       0      0      0      0    32163    1640     388     804    4487    19103   20180       0
 204   1  0.103849E+08 0.258842E+04 0.5184E+02      0 0.0000E+00       0      0      0      0    32272    1643     379     847    4657    19170   20139       0
 205   1  0.104161E+08 0.257983E+04 0.9239E+01      0 0.0000E+00       0      0      0      0    32106    1702     401     796    4575    19222   20079       0
 206   1  0.104558E+08 0.262004E+04 0.4279E+02      0 0.0000E+00       0      0      0      0    32205    1691     326     883    4718    19664   20483       0
 207   1  0.104940E+08 0.260824E+04 0.4199E+02      0 0.0000E+00       0      0      0      0    32665    1657     360     838    4538    19490   20284       0
 208   1  0.105386E+08 0.261918E+04 0.1930E+02      0 0.0000E+00       0      0      0      0    32292    1718     363     807    4600    19537   20265       0
 209   1  0.105825E+08 0.266627E+04 0.4210E+02      0 0.0000E+00       0      0      0      0    32631    1684     356     818    4633    19884   20319       0
 210   1  0.106257E+08 0.265017E+04 0.3918E+02      0 0.0000E+00       0      0      0      0    32812    1551     368     838    4532    19971   20218       0
 211   1  0.106758E+08 0.268560E+04 0.2748E+02      0 0.0000E+00       0      0      0      0    32597    1676     374     801    4737    20132   20465       0
 212   1  0.107220E+08 0.277507E+04 0.3388E+02      0 0.0000E+00       0      0      0      0    32805    1639     376     840    4640    20802   20464       0
 213   1  0.107652E+08 0.278963E+04 0.4928E+02      0 0.0000E+00       0      0      0      0    33082    1571     378     848    4721    20556   20667       0
 214   1  0.108014E+08 0.277784E+04 0.1920E+02      0 0.0000E+00       0      0      0      0    32909    1622     351     843    4544    20951   20240       0
 215   1  0.108450E+08 0.279002E+04 0.3742E+02      0 0.0000E+00       0      0      0      0    33204    1678     386     867    4482    21022   20636       0
 216   1  0.108911E+08 0.280751E+04 0.7483E+02      0 0.0000E+00       0      0      0      0    33016    1713     371     808    4552    21177   20665       0
 217   1  0.109401E+08 0.281090E+04 0.2317E+02      0 0.0000E+00       0      0      0      0    33500    1581     371     826    4840    21547   20684       0
 218   1  0.109867E+08 0.285513E+04 0.8241E+01      0 0.0000E+00       0      0      0      0    33335    1658     381     825    4756    21743   20432       0
 219   1  0.110335E+08 0.283426E+04 0.2522E+02      0 0.0000E+00       0      0      0      0    33505    1580     354     774    4798    21460   20814       0
 220   1  0.110885E+08 0.291050E+04 0.5171E+02      0 0.0000E+00       0      0      0      0    33798    1644     324     829    4750    21956   20745       0
 221   1  0.111380E+08 0.298039E+04 0.5118E+02      0 0.0000E+00       0      0      0      0    33357    1645     349     784    4562    22394   20680       0
 222   1  0.111928E+08 0.304248E+04 0.6336E+02      0 0.0000E+00       0      0      0      0    33915    1633     356     840    4656    23003   20624       0
 223   1  0.112390E+08 0.303885E+04 0.3852E+02      0 0.0000E+00       0      0      0      0    33497    1671     348     785    4647    22907   20547       0
 224   1  0.112947E+08 0.300535E+04 0.5923E+02      0 0.0000E+00       0      0      0      0    34219    1637     322     800    4669    23406   21001       0
 225   1  0.113400E+08 0.306375E+04 0.4646E+02      0 0.0000E+00       0      0      0      0    34293    1676     326     826    4735    23534   20726       0
 226   1  0.113878E+08 0.310235E+04 0.4820E+02      0 0.0000E+00       0      0      0      0    33871    1713     321     835    4755    23761   20980       0
 227   1  0.114380E+08 0.313131E+04 0.3289E+02      0 0.0000E+00       0      0      0      0    34271    1693     301     812    4773    24153   20786       0
 228   1  0.114940E+08 0.315968E+04 0.2587E+02      0 0.0000E+00       0      0      0      0    34470    1612     358     808    4598    24389   20737       0
 229   1  0.115534E+08 0.318152E+04 0.3585E+02      0 0.0000E+00       0      0      0      0    34397    1567     366     784    4542    24631   20747       0
 230   1  0.116265E+08 0.323819E+04 0.3001E+02      0 0.0000E+00       0      0      0      0    34605    1650     359     768    4750    24899   21098       0
 231   1  0.116928E+08 0.327616E+04 0.4315E+02      0 0.0000E+00       0      0      0      0    34832    1595     334     748    4565    25298   20854       0
 232   1  0.117655E+08 0.328621E+04 0.2848E+02      0 0.0000E+00       0      0      0      0    34549    1606     292     776    4615    25562   20623       0
 233   1  0.118403E+08 0.330904E+04 0.5801E+02      0 0.0000E+00       0      0      0      0    34488    1634     338     747    4531    25630   20949       0
 234   1  0.119247E+08 0.338544E+04 0.2535E+02      0 0.0000E+00       0      0      0      0    34719    1556     310     772    4671    26321   21012       0
 235   1  0.120068E+08 0.340327E+04 0.1548E+02      0 0.0000E+00       0      0      0      0    34991    1527     284     807    4642    26347   21029       0
 236   1  0.120887E+08 0.342978E+04 0.8708E+02      0 0.0000E+00       0      0      0      0    34845    1588     291     721    4678    26655   20901       0
 237   1  0.121768E+08 0.348234E+04 0.3764E+02      0 0.0000E+00       0      0      0      0    34729    1517     312     790    4566    27027   20649       0
 238   1  0.122720E+08 0.351059E+04 0.2422E+02      0 0.0000E+00       0      0      0      0    34860    1637     334     719    4508    27051   20899       0
 239   1  0.123698E+08 0.353156E+04 0.2705E+02      0 0.0000E+00       0      0      0      0    35094    1541     326     737    4546    27406   21126       0
 240   1  0.124764E+08 0.354879E+04 0.2213E+02      0 0.0000E+00       0      0      0      0    35299    1564     307     706    4751    27886   21153       0
 241   1  0.125849E+08 0.363039E+04 0.2028E+02      0 0.0000E+00       0      0      0      0    35643    1645     313     749    4701    28129   21786       0
 242   1  0.126957E+08 0.365508E+04 0.3011E+02      0 0.0000E+00       0      0      0      0    35506    1576     287     723    4478    28301   21494       0
 243   1  0.128189E+08 0.375467E+04 0.4534E+02      0 0.0000E+00       0      0      0      0    36240    1606     290     748    4815    29191   21633       0
 244   1  0.129377E+08 0.372933E+04 0.1639E+02      0 0.0000E+00       0      0      0      0    36260    1585     295     736    4744    29247   21601       0
 245   1  0.130609E+08 0.372561E+04 0.2202E+02      0 0.0000E+00       0      0      0      0    35794    1588     288     782    4691    29173   21609       0
 246   1  0.131993E+08 0.374559E+04 0.3380E+02      0 0.0000E+00       0      0      0      0    35999    1642     308     731    4916    29375   22027       0
 247   1  0.133426E+08 0.385363E+04 0.5615E+02      0 0.0000E+00       0      0      0      0    36163    1621     308     726    4853    29794   22231       0
 248   1  0.134959E+08 0.389242E+04 0.4387E+02      0 0.0000E+00       0      0      0      0    36575    1548     330     712    4761    30126   22394       0
 249   1  0.136509E+08 0.394195E+04 0.6091E+02      0 0.0000E+00       0      0      0      0    36574    1589     337     747    4845    30642   22363       0
 250   1  0.138270E+08 0.397487E+04 0.1022E+03      0 0.0000E+00       0      0      0      0    37059    1644     274     749    5028    30928   22838       0
 251   1  0.140055E+08 0.402814E+04 0.4680E+02      0 0.0000E+00       0      0      0      0    37215    1743     302     749    4967    31533   22763       0
 252   1  0.141979E+08 0.405883E+04 0.3333E+02      0 0.0000E+00       0      0      0      0    38115    1721     319     764    4965    31917   23256       0
 253   1  0.143914E+08 0.415488E+04 0.5125E+02      0 0.0000E+00       0      0      0      0    38024    1654     327     751    4745    32226   23287       0
 254   1  0.146068E+08 0.420773E+04 0.5869E+02      0 0.0000E+00       0      0      0      0    38271    1755     320     682    5012    32786   23430       0
 255   1  0.148283E+08 0.429573E+04 0.7936E+02      0 0.0000E+00       0      0      0      0    38796    1707     300     687    4960    33349   23550       0
 256   1  0.150724E+08 0.434409E+04 0.5772E+02      0 0.0000E+00       0      0      0      0    39646    1734     273     701    4981    33884   23948       0
 257   1  0.153254E+08 0.442715E+04 0.6154E+02      0 0.0000E+00       0      0      0      0    39749    1777     286     664    4944    34307   24120       0
 258   1  0.156052E+08 0.442321E+04 0.5357E+02      0 0.0000E+00       0      0      0      0    40043    1702     340     772    5098    34994   24475       0
 259   1  0.159075E+08 0.451606E+04 0.5418E+02      0 0.0000E+00       0      0      0      0    40782    1762     300     655    5258    35595   24795       0
 260   1  0.162313E+08 0.457518E+04 0.5757E+02      0 0.0000E+00       0      0      0      0    41747    1747     321     745    5308    35797   25366       0
 261   1  0.165852E+08 0.470532E+04 0.7394E+02      0 0.0000E+00       0      0      0      0    42750    1756     294     692    5353    36880   25640       0
 262   1  0.169728E+08 0.478800E+04 0.5052E+02      0 0.0000E+00       0      0      0      0    44063    1795     326     681    5404    37565   26211       0
 263   1  0.173953E+08 0.483029E+04 0.4281E+02      0 0.0000E+00       0      0      0      0    45633    1742     328     665    5463    37849   26249       0
 264   1  0.178731E+08 0.498787E+04 0.3966E+02      0 0.0000E+00       0      0      0      0    47252    1803     362     638    5607    39014   26895       0
 265   1  0.184105E+08 0.498193E+04 0.6859E+02      0 0.0000E+00       0      0      0      0    50119    1778     347     647    5877    39142   27558       0
 266   1  0.190120E+08 0.500531E+04 0.2195E+02      0 0.0000E+00       0      0      0      0    54271    1765     362     606    5883    39667   28281       0
 267   1  0.196981E+08 0.508103E+04 0.7212E+02      0 0.0000E+00       0      0      0      0    59022    1782     297     621    6149    40018   29261       0
 268   1  0.204847E+08 0.514920E+04 0.4545E+02      0 0.0000E+00       0      0      0      0    66451    1781     322     598    6301    40731   30150       0
 269   1  0.214012E+08 0.518642E+04 0.5149E+02      0 0.0000E+00       0      0      0      0    77996    1762     296     570    6243    40716   31038       0
 270   1  0.224826E+08 0.525329E+04 0.1053E+03      0 0.0000E+00       0      0      0      0    96296    1968     314     542    6304    41184   32615       0
 271   1  0.237655E+08 0.523738E+04 0.1371E+03      0 0.0000E+00       0      0      0      0   128419    1838     265     491    6390    40665   34776       0
 272   1  0.252764E+08 0.520040E+04 0.2771E+03      0 0.0000E+00       0      0      0      0   182469    1797     241     450    6190    40462   37805       0
 273   1  0.270121E+08 0.509328E+04 0.2465E+03      0 0.0000E+00       0      0      0      0   274644    1846     228     424    5904    39434   42498       0
 274   1  0.288436E+08 0.488666E+04 0.3335E+03      0 0.0000E+00       0      0      0      0   420405    1735     176     322    5311    38079   48066       0
 275   1  0.305074E+08 0.447862E+04 0.2908E+03      0 0.0000E+00       0      0      0      0   627540    1529     148     244    4863    34839   56375       0
 276   1  0.315441E+08 0.406043E+04 0.2763E+03      0 0.0000E+00       0      0      0      0   882237    1299     128     191    4042    31790   64323       0
 277   1  0.314499E+08 0.354385E+04 0.3091E+03      0 0.0000E+00       0      0      0      0  1156246    1068      94     138    3286    27865   72420       0
 278   1  0.297264E+08 0.289472E+04 0.3231E+03      0 0.0000E+00       0      0      0      0  1380947     843      81      81    2510    22643   76677       0
 279   1  0.262469E+08 0.226556E+04 0.3276E+03      0 0.0000E+00       0      0      0      0  1485222     563      49      51    1761    17642   74098       0
 280   1  0.213557E+08 0.163636E+04 0.2294E+03      0 0.0000E+00       0      0      0      0  1429207     390      46      42    1273    12811   66165       0
 281   1  0.158570E+08 0.109813E+04 0.1147E+03      0 0.0000E+00       0      0      0      0  1228147     296      49      39     933     8717   53793       0
 282   1  0.106265E+08 0.769782E+03 0.8636E+02      0 0.0000E+00       0      0      0      0   930990     200      58      22     633     5999   38885       0
 283   1  0.638499E+07 0.546727E+03 0.5649E+02      0 0.0000E+00       0      0      0      0   622958     166      46      28     594     4189   25952       0
 284   1  0.342737E+07 0.422046E+03 0.3267E+02      0 0.0000E+00       0      0      0      0   367276     159      39      26     485     3207   15606       0
 285   1  0.163646E+07 0.321077E+03 0.1393E+02      0 0.0000E+00       0      0      0      0   188640     151      52      33     508     2623    9144       0
 286   1  0.707024E+06 0.314628E+03 0.5213E+01      0 0.0000E+00       0      0      0      0    85349     131      54      28     455     2358    5541       0
 287   1  0.289725E+06 0.311729E+03 0.9594E+01      0 0.0000E+00       0      0      0      0    34036     143      45      28     424     2277    3977       0
 288   1  0.129127E+06 0.304432E+03 0.1038E+02      0 0.0000E+00       0      0      0      0    12947     125      42      20     408     2235    3111       0
 289   1  0.749408E+05 0.289833E+03 0.1108E+00      0 0.0000E+00       0      0      0      0     5200     171      48      17     421     2099    3016       0
 290   1  0.601510E+05 0.281131E+03 0.1379E+02      0 0.0000E+00       0      0      0      0     2804     147      30      21     450     2184    2951       0
 291   1  0.571038E+05 0.285007E+03 0.1378E+02      0 0.0000E+00       0      0      0      0     2265     149      42      23     382     2088    2835       0
 292   1  0.560112E+05 0.271406E+03 0.2087E+02      0 0.0000E+00       0      0      0      0     2222     136      44      24     402     2103    2864       0
 293   1  0.550101E+05 0.280599E+03 0.0000E+00      0 0.0000E+00       0      0      0      0     2173     129      45      13     383     2134    2743       0
 294   1  0.538116E+05 0.275791E+03 0.1497E+02      0 0.0000E+00       0      0      0      0     2075     137      55      25     404     2038    2710       0
 295   1  0.539623E+05 0.274380E+03 0.9440E+01      0 0.0000E+00       0      0      0      0     2002     138      42      26     416     2124    2770       0
 296   1  0.537762E+05 0.266312E+03 0.0000E+00      0 0.0000E+00       0      0      0      0     2009     149      43      25     378     2034    2729       0
 297   1  0.545523E+05 0.276788E+03 0.1132E+02      0 0.0000E+00       0      0      0      0     2064     127      34      19     421     2100    2636       0
 298   1  0.531360E+05 0.257054E+03 0.5828E+01      0 0.0000E+00       0      0      0      0     2078     151      47      21     387     1948    2661       0
 299   1  0.520861E+05 0.258853E+03 0.1404E+02      0 0.0000E+00       0      0      0      0     1949     132      35      20     355     2002    2655       0
 300   1  0.532790E+05 0.286381E+03 0.1589E+02      0 0.0000E+00       0      0      0      0     2010     149      53      23     428     2073    2722       0
 301   1  0.524340E+05 0.262017E+03 0.2124E+01      0 0.0000E+00       0      0      0      0     2037     141      37      23     396     2015    2658       0
 302   1  0.516778E+05 0.248112E+03 0.8632E+01      0 0.0000E+00       0      0      0      0     1961     121      33      25     383     1928    2634       0
 303   1  0.516938E+05 0.257297E+03 0.6833E+01      0 0.0000E+00       0      0      0      0     1975     121      39      27     394     1928    2589       0
 304   1  0.520172E+05 0.253378E+03 0.0000E+00      0 0.0000E+00       0      0      0      0     1994     123      47      27     372     1947    2589       0
 305   1  0.518515E+05 0.254937E+03 0.1393E+02      0 0.0000E+00       0      0      0      0     1954     132      50      21     407     1950    2619       0
 306   1  0.506263E+05 0.272625E+03 0.2420E+02      0 0.0000E+00       0      0      0      0     1896     101      54      32     375     1914    2543       0
 307   1  0.512413E+05 0.263021E+03 0.9893E+01      0 0.0000E+00       0      0      0      0     1983     122      33      20     398     1937    2529       0
 308   1  0.508076E+05 0.239504E+03 0.1307E+02      0 0.0000E+00       0      0      0      0     1970     118      43      28     343     1804    2480       0
 309   1  0.495217E+05 0.240169E+03 0.0000E+00      0 0.0000E+00       0      0      0      0     1923     141      38      12     333     1883    2415       0
 310   1  0.484343E+05 0.244676E+03 0.3911E+01      0 0.0000E+00       0      0      0      0     1857     125      41      23     340     1781    2442       0
 311   1  0.479841E+05 0.241788E+03 0.4260E+02      0 0.0000E+00       0      0      0      0     1795     103      35      21     323     1792    2404       0
 312   1  0.495754E+05 0.230436E+03 0.1996E+02      0 0.0000E+00       0      0      0      0     1830     133      35      31     381     1787    2424       0
 313   1  0.496983E+05 0.251566E+03 0.9964E+01      0 0.0000E+00       0      0      0      0     1879     111      39      31     362     1814    2447       0
 314   1  0.486627E+05 0.245803E+03 0.3954E+02      0 0.0000E+00       0      0      0      0     1868     124      45      25     385     1792    2340       0
 315   1  0.481023E+05 0.243516E+03 0.0000E+00      0 0.0000E+00       0      0      0      0     1816     117      35      24     347     1819    2328       0
 316   1  0.477277E+05 0.242541E+03 0.0000E+00      0 0.0000E+00       0      0      0      0     1829     108      37      27     346     1766    2350       0
 317   1  0.468559E+05 0.237066E+03 0.7644E+01      0 0.0000E+00       0      0      0      0     1729     118      31      19     350     1773    2263       0
 318   1  0.470642E+05 0.231874E+03 0.6530E+01      0 0.0000E+00       0      0      0      0     1793     119      38      14     342     1745    2318       0
 319   1  0.464984E+05 0.220379E+03 0.1402E+02      0 0.0000E+00       0      0      0      0     1793     123      48      24     331     1741    2281       0
 320   1  0.455965E+05 0.237271E+03 0.7569E+01      0 0.0000E+00       0      0      0      0     1729     101      37      19     318     1817    2204       0
 321   1  0.452590E+05 0.214876E+03 0.0000E+00      0 0.0000E+00       0      0      0      0     1677     115      29      21     380     1644    2203       0
 322   1  0.445402E+05 0.217655E+03 0.1459E+02      0 0.0000E+00       0      0      0      0     1648     104      43      19     304     1645    2140       0
 323   1  0.450452E+05 0.223319E+03 0.1882E+02      0 0.0000E+00       0      0      0      0     1685     131      41      20     321     1685    2283       0
 324   1  0.449202E+05 0.220185E+03 0.0000E+00      0 0.0000E+00       0      0      0      0     1647     117      26      23     324     1639    2226       0
 325   1  0.448282E+05 0.229336E+03 0.1519E+02      0 0.0000E+00       0      0      0      0     1683     115      44      18     317     1686    2197       0
 326   1  0.442061E+05 0.204584E+03 0.0000E+00      0 0.0000E+00       0      0      0      0     1634     107      34      25     318     1588    2155       0
 327   1  0.429087E+05 0.221469E+03 0.7417E+01      0 0.0000E+00       0      0      0      0     1571      99      38      17     288     1689    2053       0
 328   1  0.429765E+05 0.221664E+03 0.3093E+01      0 0.0000E+00       0      0      0      0     1593      87      34      16     305     1686    2072       0
 329   1  0.428479E+05 0.216483E+03 0.4893E+01      0 0.0000E+00       0      0      0      0     1575      98      30      15     319     1631    2053       0
 330   1  0.427391E+05 0.209056E+03 0.0000E+00      0 0.0000E+00       0      0      0      0     1496     104      27      12     326     1594    2077       0
 331   1  0.431572E+05 0.205379E+03 0.9578E+01      0 0.0000E+00       0      0      0      0     1580     114      36      17     304     1528    2038       0
 332   1  0.433047E+05 0.198166E+03 0.0000E+00      0 0.0000E+00       0      0      0      0     1538     130      33      24     330     1496    2094       0
 333   1  0.433566E+05 0.205854E+03 0.7492E+01      0 0.0000E+00       0      0      0      0     1596     126      36       8     327     1477    2071       0
 334   1  0.427030E+05 0.204790E+03 0.6469E+01      0 0.0000E+00       0      0      0      0     1551     109      39      14     338     1511    2067       0
 335   1  0.429664E+05 0.212519E+03 0.0000E+00      0 0.0000E+00       0      0      0      0     1579      99      26      17     284     1554    1995       0
 336   1  0.414868E+05 0.190708E+03 0.0000E+00      0 0.0000E+00       0      0      0      0     1559     111      27      20     287     1532    1951       0
 337   1  0.414485E+05 0.186760E+03 0.2066E+01      0 0.0000E+00       0      0      0      0     1489      96      27      18     316     1461    1969       0
 338   1  0.409731E+05 0.195256E+03 0.7131E+01      0 0.0000E+00       0      0      0      0     1452     119      34      16     299     1520    1959       0
 339   1  0.407114E+05 0.191251E+03 0.0000E+00      0 0.0000E+00       0      0      0      0     1480     100      36      12     297     1463    1921       0
 340   1  0.409206E+05 0.205110E+03 0.7597E+00      0 0.0000E+00       0      0      0      0     1432     100      29      21     326     1524    2013       0
 341   1  0.402072E+05 0.192314E+03 0.3285E+01      0 0.0000E+00       0      0      0      0     1504     103      41      20     329     1445    1910       0
 342   1  0.403813E+05 0.193451E+03 0.0000E+00      0 0.0000E+00       0      0      0      0     1425     100      22      25     329     1405    1967       0
 343   1  0.401864E+05 0.186513E+03 0.6629E+01      0 0.0000E+00       0      0      0      0     1446     107      24      15     285     1426    1886       0
 344   1  0.404070E+05 0.197130E+03 0.1645E+02      0 0.0000E+00       0      0      0      0     1488      91      28      18     332     1444    1887       0
 345   1  0.398083E+05 0.191420E+03 0.2393E+02      0 0.0000E+00       0      0      0      0     1389      84      32      13     313     1392    1935       0
 346   1  0.395369E+05 0.189843E+03 0.5768E+01      0 0.0000E+00       0      0      0      0     1390      92      33      20     293     1357    1865       0
 347   1  0.394492E+05 0.177913E+03 0.2081E+02      0 0.0000E+00       0      0      0      0     1430     100      27      13     283     1366    1776       0
 348   1  0.398634E+05 0.174137E+03 0.8566E+01      0 0.0000E+00       0      0      0      0     1469     104      26      25     309     1334    1919       0
 349   1  0.383793E+05 0.180445E+03 0.6413E+01      0 0.0000E+00       0      0      0      0     1370      99      29      16     260     1345    1808       0
 350   1  0.392183E+05 0.174843E+03 0.2368E+01      0 0.0000E+00       0      0      0      0     1382      88      29      26     258     1363    1818       0
 351   1  0.383975E+05 0.172081E+03 0.7639E+01      0 0.0000E+00       0      0      0      0     1373     109      29      14     276     1305    1792       0
 352   1  0.382911E+05 0.165731E+03 0.1464E+02      0 0.0000E+00       0      0      0      0     1377      86      42      19     260     1274    1779       0
 353   1  0.380117E+05 0.183180E+03 0.9453E+01      0 0.0000E+00       0      0      0      0     1383     104      29      23     232     1394    1729       0
 354   1  0.381286E+05 0.172499E+03 0.6877E+01      0 0.0000E+00       0      0      0      0     1385      91      26      16     236     1274    1744       0
 355   1  0.374432E+05 0.168525E+03 0.9683E+01      0 0.0000E+00       0      0      0      0     1349      89      33      22     256     1260    1674       0
 356   1  0.366928E+05 0.189915E+03 0.0000E+00      0 0.0000E+00       0      0      0      0     1323      82      30      12     238     1337    1650       0
 357   1  0.362228E+05 0.160019E+03 0.6676E+01      0 0.0000E+00       0      0      0      0     1227      78      22      12     241     1231    1703       0
 358   1  0.366214E+05 0.157033E+03 0.8270E+01      0 0.0000E+00       0      0      0      0     1295      80      25      13     254     1196    1679       0
 359   1  0.362994E+05 0.167632E+03 0.3881E+02      0 0.0000E+00       0      0      0      0     1288      93      27      22     244     1282    1673       0
 360   1  0.360836E+05 0.163756E+03 0.9516E+01      0 0.0000E+00       0      0      0      0     1306      83      32      16     246     1220    1642       0
 361   1  0.353437E+05 0.166357E+03 0.6789E+01      0 0.0000E+00       0      0      0      0     1231      91      32      18     235     1265    1626       0
 362   1  0.354003E+05 0.162774E+03 0.9916E+01      0 0.0000E+00       0      0      0      0     1202      76      23      14     252     1233    1606       0
 363   1  0.348666E+05 0.161138E+03 0.0000E+00      0 0.0000E+00       0      0      0      0     1289      76      25      17     224     1175    1625       0
 364   1  0.345998E+05 0.154685E+03 0.7436E+01      0 0.0000E+00       0      0      0      0     1185      80      36      21     241     1195    1556       0
 365   1  0.352049E+05 0.160851E+03 0.0000E+00      0 0.0000E+00       0      0      0      0     1208      92      40      16     228     1179    1579       0
 366   1  0.340820E+05 0.161144E+03 0.1789E+02      0 0.0000E+00       0      0      0      0     1195      82      30      14     237     1194    1518       0
 367   1  0.343547E+05 0.161982E+03 0.0000E+00      0 0.0000E+00       0      0      0      0     1258      68      23      14     238     1227    1598       0
 368   1  0.333365E+05 0.161020E+03 0.0000E+00      0 0.0000E+00       0      0      0      0     1151      88      27      17     237     1231    1478       0
 369   1  0.338700E+05 0.140973E+03 0.0000E+00      0 0.0000E+00       0      0      0      0     1171      76      25      12     251     1104    1590       0
 370   1  0.338990E+05 0.158240E+03 0.7857E+01      0 0.0000E+00       0      0      0      0     1162      81      26      11     262     1136    1558       0
 371   1  0.336186E+05 0.148129E+03 0.0000E+00      0 0.0000E+00       0      0      0      0     1160      81      23       9     241     1140    1534       0
 372   1  0.332233E+05 0.151688E+03 0.0000E+00      0 0.0000E+00       0      0      0      0     1213      72      28      13     205     1123    1505       0
 373   1  0.327858E+05 0.146970E+03 0.1061E+02      0 0.0000E+00       0      0      0      0     1144      67      31      15     232     1130    1471       0
 374   1  0.332856E+05 0.154233E+03 0.6651E+01      0 0.0000E+00       0      0      0      0     1172      72      23      11     236     1114    1518       0
 375   1  0.323834E+05 0.146306E+03 0.0000E+00      0 0.0000E+00       0      0      0      0     1133      71      24       9     206     1093    1451       0
 376   1  0.324372E+05 0.143658E+03 0.1457E+02      0 0.0000E+00       0      0      0      0     1179      71      23      16     270     1097    1481       0
 377   1  0.318698E+05 0.144969E+03 0.0000E+00      0 0.0000E+00       0      0      0      0     1121      72      18      12     215     1084    1453       0
 378   1  0.315028E+05 0.161942E+03 0.0000E+00      0 0.0000E+00       0      0      0      0     1131      74      17      17     189     1127    1426       0
 379   1  0.316468E+05 0.144776E+03 0.2756E+00      0 0.0000E+00       0      0      0      0     1070      71      27      18     228     1073    1487       0
 380   1  0.317135E+05 0.138376E+03 0.2955E+02      0 0.0000E+00       0      0      0      0     1098      84      22      15     212     1022    1397       0
 381   1  0.319694E+05 0.139693E+03 0.0000E+00      0 0.0000E+00       0      0      0      0     1072      80      26      19     245     1102    1409       0
 382   1  0.318339E+05 0.139150E+03 0.1218E+02      0 0.0000E+00       0      0      0      0     1097      77      23      12     246     1079    1423       0
 383   1  0.313570E+05 0.143061E+03 0.2459E+00      0 0.0000E+00       0      0      0      0     1110      67      20      11     188     1085    1402       0
 384   1  0.315627E+05 0.127354E+03 0.0000E+00      0 0.0000E+00       0      0      0      0     1052      86      28      19     224      954    1397       0
 385   1  0.310161E+05 0.142908E+03 0.4304E+01      0 0.0000E+00       0      0      0      0     1090      70      18      28     191     1039    1363       0
 386   1  0.296315E+05 0.132193E+03 0.0000E+00      0 0.0000E+00       0      0      0      0     1053      58      22       9     196     1031    1267       0
 387   1  0.304818E+05 0.125073E+03 0.0000E+00      0 0.0000E+00       0      0      0      0     1071      70      24      17     207      937    1389       0
 388   1  0.301209E+05 0.130412E+03 0.7685E+01      0 0.0000E+00       0      0      0      0     1085      67      20      14     203      971    1339       0
 389   1  0.299646E+05 0.147125E+03 0.1046E+02      0 0.0000E+00       0      0      0      0      986      69      24      13     221     1054    1341       0
 390   1  0.291259E+05 0.137887E+03 0.0000E+00      0 0.0000E+00       0      0      0      0      984      69      20      16     188      968    1316       0
 391   1  0.284906E+05 0.129097E+03 0.6677E+01      0 0.0000E+00       0      0      0      0      996      54      13      10     193      999    1204       0
 392   1  0.286299E+05 0.123764E+03 0.0000E+00      0 0.0000E+00       0      0      0      0      915      63      23      10     189      982    1206       0
 393   1  0.298464E+05 0.131671E+03 0.0000E+00      0 0.0000E+00       0      0      0      0      998      67      28      14     246     1018    1369       0
 394   1  0.290545E+05 0.126837E+03 0.0000E+00      0 0.0000E+00       0      0      0      0     1031      65      24      12     198      992    1279       0
 395   1  0.285231E+05 0.135272E+03 0.4209E+01      0 0.0000E+00       0      0      0      0      943      56      28      10     183      980    1235       0
 396   1  0.281674E+05 0.115076E+03 0.3757E+01      0 0.0000E+00       0      0      0      0      921      57      26      12     188      913    1220       0
 397   1  0.280052E+05 0.134481E+03 0.0000E+00      0 0.0000E+00       0      0      0      0      986      67      23      17     188      965    1261       0
 398   1  0.281951E+05 0.111899E+03 0.0000E+00      0 0.0000E+00       0      0      0      0      907      76      19      18     209      881    1217       0
 399   1  0.278921E+05 0.121461E+03 0.0000E+00      0 0.0000E+00       0      0      0      0      973      67      21       8     196      911    1169       0
 400   1  0.272216E+05 0.120546E+03 0.0000E+00      0 0.0000E+00       0      0      0      0      882      50      18      16     197      923    1206       0
 401   0  0.000000E+00 0.000000E+00 0.0000E+00      0 0.0000E+00       0      0      0      0        0       0       0       0       0        0       0       0
  SUMM:   0.294736E+10 0.636029E+06 0.1330E+05     73 0.7464E+03       0      0      0      0 19383034  509224  119671  249467 1343123  4592445 6450604       0
 ZONE  MED     C10     C11     N12     N13     O13     O14     O15     F17     F18
    1    1     537    1234       0     503       3     136    2777       0       2
    2    1     454    1203       0     507       7     146    2784       0       0
    3    1     537    1173       0     507       5     147    2694       1       0
    4    1     472    1235       0     499       2     140    2742       0       0
    5    1     523    1219       0     505       6     135    2740       0       0
    6    1     498    1256       0     498       3     137    2677       0       2
    7    1     470    1187       0     501       4     172    2869       1       1
    8    1     484    1245       0     478       3     158    2774       3       1
    9    1     469    1167       0     557       4     148    2832       0       1
   10    1     494    1226       0     502       3     144    2896       1       0
   11    1     475    1202       0     522       5     160    2723       1       0
   12    1     514    1262       0     520       0     164    2837       1       0
   13    1     465    1186       0     491       4     135    2779       0       0
   14    1     513    1210       0     519       4     157    2953       0       1
   15    1     543    1230       0     504       4     134    2878       0       1
   16    1     481    1201       0     483       6     160    2845       0       0
   17    1     473    1158       0     499       8     130    2825       0       0
   18    1     506    1203       0     523       5     149    2898       1       1
   19    1     478    1247       0     543       4     145    2956       0       1
   20    1     493    1236       0     530       3     169    2816       0       0
   21    1     521    1234       0     542       9     172    2979       0       0
   22    1     484    1205       0     522       4     168    2975       0       0
   23    1     546    1184       0     539       6     137    2903       0       0
   24    1     430    1254       0     542       7     156    2908       1       0
   25    1     489    1310       0     546       2     133    2788       0       1
   26    1     513    1254       0     553       5     160    2846       0       0
   27    1     498    1236       0     522       5     123    2824       0       0
   28    1     539    1192       0     540       4     164    2978       0       0
   29    1     503    1200       0     511       3     162    2835       0       0
   30    1     471    1196       0     475       4     134    3010       0       1
   31    1     526    1287       0     573       2     158    2977       1       1
   32    1     465    1258       0     536       3     147    2852       0       1
   33    1     509    1203       0     552       7     158    2913       1       0
   34    1     513    1235       0     521       6     150    2969       0       1
   35    1     508    1236       0     532       4     178    2902       0       0
   36    1     506    1257       1     550       3     163    2837       0       0
   37    1     505    1164       0     494       5     132    2968       0       0
   38    1     512    1318       0     551       4     128    2877       0       0
   39    1     493    1235       0     535       6     156    2991       0       0
   40    1     464    1272       0     534       5     150    2885       1       0
   41    1     505    1335       1     568       3     139    2976       0       0
   42    1     503    1205       0     525       2     139    3000       0       0
   43    1     490    1248       0     472       7     152    2932       2       2
   44    1     495    1316       0     513       8     140    2984       1       0
   45    1     520    1263       0     502       4     165    3023       1       0
   46    1     499    1256       0     517       5     155    2972       1       1
   47    1     484    1232       0     521       4     156    2859       1       0
   48    1     532    1315       0     501       9     163    3083       1       0
   49    1     446    1262       0     571       5     161    2976       0       1
   50    1     517    1189       0     508       5     140    2979       0       1
   51    1     450    1206       0     528       4     142    2952       1       0
   52    1     450    1280       1     553       5     124    3045       0       0
   53    1     480    1233       0     548       5     173    2944       0       0
   54    1     476    1251       0     556       2     150    3042       2       2
   55    1     477    1235       0     530       6     152    2961       0       1
   56    1     496    1253       0     516       7     147    2942       1       0
   57    1     516    1259       0     546       5     133    2964       1       0
   58    1     485    1226       0     517       7     164    3090       0       0
   59    1     486    1249       0     531      14     160    2970       0       0
   60    1     502    1270       1     519       5     167    2926       2       0
   61    1     510    1271       0     536       4     166    2988       1       0
   62    1     482    1215       0     507       8     175    3053       0       0
   63    1     456    1237       0     513       4     168    3012       0       1
   64    1     527    1229       0     529       4     144    2871       0       1
   65    1     481    1257       0     548       1     158    3099       1       3
   66    1     473    1263       0     569       9     132    2970       1       0
   67    1     497    1186       0     543       5     160    3066       0       0
   68    1     489    1273       1     554       4     151    3059       0       0
   69    1     521    1235       0     545       5     167    3036       0       0
   70    1     498    1268       0     541       4     150    3022       0       2
   71    1     486    1235       0     535       3     140    2998       0       0
   72    1     512    1191       0     556       6     131    2982       0       0
   73    1     521    1258       0     502      10     145    3022       0       1
   74    1     462    1240       2     580       5     145    3076       0       2
   75    1     502    1207       0     498       1     149    3033       0       2
   76    1     461    1236       0     575       5     141    2974       0       0
   77    1     456    1247       0     531       7     140    3008       1       0
   78    1     524    1240       0     543       9     139    2933       0       1
   79    1     476    1278       0     563       5     155    3042       1       0
   80    1     485    1203       0     553       4     142    2996       0       0
   81    1     502    1227       0     558       3     159    3041       0       0
   82    1     466    1306       0     525       7     174    3130       1       0
   83    1     479    1225       0     554       7     149    3053       0       2
   84    1     462    1190       0     514       3     119    3026       1       1
   85    1     486    1235       0     554       6     172    3013       1       1
   86    1     462    1222       0     520       9     155    2971       0       0
   87    1     516    1229       0     567       3     164    2971       0       1
   88    1     500    1257       0     532       4     149    2939       0       1
   89    1     495    1226       0     539       5     122    3090       2       0
   90    1     482    1274       0     508       2     172    3001       1       2
   91    1     480    1306       0     547       5     171    3026       0       2
   92    1     480    1183       1     553       7     154    3088       0       0
   93    1     461    1246       0     510       3     153    2914       0       0
   94    1     451    1263       0     568       6     162    2981       0       0
   95    1     495    1218       0     540       2     147    2977       0       0
   96    1     496    1224       0     523       7     159    2995       1       0
   97    1     438    1255       0     515       6     144    3079       0       0
   98    1     456    1218       0     552       2     145    3035       1       0
   99    1     483    1245       0     557       4     151    3000       1       0
  100    1     493    1201       2     521       3     175    2906       0       0
  101    1     516    1194       0     518       8     152    2941       1       0
  102    1     491    1280       0     586       5     171    3041       1       1
  103    1     496    1246       0     592       3     157    3028       0       1
  104    1     513    1253       0     549       3     147    3028       2       1
  105    1     444    1217       0     537       5     154    2953       0       0
  106    1     457    1303       0     545       7     128    3103       0       1
  107    1     480    1261       0     581       6     145    3066       1       1
  108    1     505    1216       1     539       2     170    3169       1       0
  109    1     457    1261       0     554       7     151    3080       3       1
  110    1     472    1203       0     523       5     146    3112       0       0
  111    1     471    1231       0     547       6     149    2997       1       0
  112    1     496    1135       0     531       8     161    3147       1       1
  113    1     482    1222       0     514       5     151    2964       1       0
  114    1     498    1286       0     562       3     145    3048       0       0
  115    1     432    1220       0     553       8     148    3073       1       0
  116    1     518    1226       0     535       5     161    2945       0       1
  117    1     474    1301       0     528       4     161    3011       0       0
  118    1     476    1239       0     546       4     133    3048       1       1
  119    1     461    1233       0     540      10     187    3085       1       0
  120    1     460    1273       0     558       2     128    3015       2       0
  121    1     501    1213       0     541       5     148    2989       0       1
  122    1     490    1213       0     544       6     165    3061       0       1
  123    1     456    1277       0     510       4     148    3009       0       0
  124    1     510    1284       0     537       5     162    3037       0       0
  125    1     474    1219       0     536       4     144    3014       0       1
  126    1     467    1231       0     528       6     131    3036       0       0
  127    1     501    1155       1     541       4     150    3123       1       0
  128    1     469    1268       0     560       6     152    3023       0       0
  129    1     451    1169       0     558       6     140    3182       0       0
  130    1     463    1281       2     560       5     164    3044       0       0
  131    1     490    1232       0     557       4     170    3003       1       1
  132    1     484    1271       0     552       4     171    3020       0       1
  133    1     463    1231       0     507       5     161    3158       1       0
  134    1     478    1225       0     547       5     149    3145       0       0
  135    1     530    1136       0     551       3     169    3051       0       1
  136    1     486    1188       0     517       4     173    3123       0       0
  137    1     428    1252       0     515       2     150    3010       1       0
  138    1     483    1268       1     511       2     142    3129       1       1
  139    1     457    1207       0     515       2     160    2965       1       0
  140    1     434    1208       1     552       7     153    3002       1       1
  141    1     494    1225       0     534       4     147    3109       0       0
  142    1     509    1206       0     529       4     149    3027       0       0
  143    1     506    1278       0     499       3     153    3056       0       0
  144    1     449    1242       0     534       4     136    3105       1       0
  145    1     455    1242       0     558       4     175    3111       1       0
  146    1     495    1219       0     531       6     191    3106       2       0
  147    1     480    1281       0     584       4     142    3096       1       0
  148    1     462    1250       0     565       6     158    2991       3       0
  149    1     464    1261       0     546      11     166    3127       0       0
  150    1     467    1220       0     516       7     147    2947       0       1
  151    1     443    1156       0     539       1     150    3026       1       0
  152    1     494    1212       0     523       6     146    3058       2       1
  153    1     469    1251       0     549       3     166    3157       0       2
  154    1     465    1275       0     582       3     156    2918       0       0
  155    1     444    1201       0     566       4     138    3049       1       1
  156    1     456    1243       0     568       7     155    2989       1       0
  157    1     479    1207       0     536       2     146    2951       0       0
  158    1     490    1195       0     548       2     157    3110       0       2
  159    1     464    1186       0     519       2     152    3045       1       0
  160    1     472    1238       0     512       1     146    3093       0       0
  161    1     445    1298       0     537       6     160    3033       1       0
  162    1     451    1195       0     509       2     194    3034       0       0
  163    1     457    1261       0     525       2     153    3091       1       0
  164    1     470    1218       1     566       6     158    3125       2       0
  165    1     483    1176       0     584       6     185    3068       2       1
  166    1     435    1230       0     520       4     159    3112       0       1
  167    1     450    1235       0     555       6     149    3130       2       0
  168    1     424    1224       1     524       4     160    3074       0       0
  169    1     461    1139       0     511       4     136    3087       1       0
  170    1     464    1185       1     530       4     151    3043       0       0
  171    1     471    1213       0     558       3     155    3012       0       0
  172    1     451    1261       0     542       5     144    3122       1       0
  173    1     476    1260       0     532       4     167    3134       1       1
  174    1     457    1258       0     560       6     137    2926       2       1
  175    1     469    1190       1     516       2     141    3164       1       0
  176    1     473    1177       0     527       7     148    3052       1       1
  177    1     443    1152       0     574       4     161    3044       2       0
  178    1     449    1184       0     532       4     158    3148       1       2
  179    1     447    1148       1     552       3     166    3132       3       0
  180    1     485    1201       0     538       6     147    3093       0       0
  181    1     483    1268       0     529       2     147    3016       0       0
  182    1     452    1188       0     552       6     172    2990       1       0
  183    1     431    1211       0     497       7     142    3055       0       0
  184    1     419    1173       0     534       2     166    3091       0       1
  185    1     449    1200       1     555       4     145    3137       2       1
  186    1     428    1125       0     583       5     178    3022       1       0
  187    1     470    1260       0     554       5     160    3129       1       1
  188    1     434    1227       0     537       5     156    3120       0       1
  189    1     451    1184       0     568       6     137    3098       1       0
  190    1     422    1174       0     545       4     155    3065       1       0
  191    1     445    1221       1     538       4     162    2975       0       0
  192    1     469    1228       0     525       5     167    3095       0       1
  193    1     434    1200       0     567       3     144    3067       0       0
  194    1     454    1208       1     527       3     171    3077       1       1
  195    1     439    1163       0     546       8     161    3052       1       2
  196    1     449    1135       0     540       5     162    3031       0       0
  197    1     438    1181       0     535       2     162    3084       0       0
  198    1     407    1161       0     539       5     167    3031       0       1
  199    1     426    1212       0     572       8     163    3131       1       0
  200    1     431    1179       0     530       4     174    3151       0       3
  201    1     456    1165       1     547       4     144    3083       0       0
  202    1     430    1149       1     524       7     177    3144       1       1
  203    1     408    1135       0     555       7     146    3132       1       2
  204    1     430    1137       0     503       5     158    3107       0       0
  205    1     446    1199       0     524       5     144    3133       2       0
  206    1     426    1166       0     600       4     161    3081       0       0
  207    1     419    1170       0     539       3     148    3029       0       0
  208    1     449    1146       0     537       4     151    3094       0       1
  209    1     399    1111       0     505       5     147    3193       0       0
  210    1     414    1093       0     555       6     144    3164       0       0
  211    1     438    1230       0     539       6     156    3246       1       1
  212    1     427    1134       1     534       4     160    3155       1       0
  213    1     435    1130       0     534       5     156    3314       0       1
  214    1     397    1171       0     538       5     166    3190       0       0
  215    1     420    1182       0     547       5     159    3208       0       1
  216    1     412    1123       0     604       5     144    3249       2       1
  217    1     396    1178       0     529       1     165    3201       3       0
  218    1     415    1164       0     556       7     159    3179       1       0
  219    1     404    1111       0     554       8     158    3178       1       0
  220    1     419    1130       0     561       4     171    3251       1       0
  221    1     424    1097       0     544       3     168    3217       1       1
  222    1     408    1157       0     563       4     157    3165       0       1
  223    1     417    1086       0     603       4     159    3131       0       3
  224    1     416    1145       0     592       9     157    3268       0       0
  225    1     407    1128       0     527       5     172    3263       0       2
  226    1     431    1129       0     598       0     169    3208       3       2
  227    1     393    1109       0     571       3     162    3271       0       0
  228    1     383    1158       0     551       4     148    3330       2       0
  229    1     381    1088       0     550      13     166    3227       0       1
  230    1     380    1159       0     620       8     160    3288       2       0
  231    1     388    1116       0     552       3     177    3230       0       1
  232    1     387    1051       0     579       3     164    3234       1       0
  233    1     414    1069       0     582       5     174    3303       0       0
  234    1     372    1052       0     576       3     159    3282       1       0
  235    1     362    1151       0     560       4     158    3248       1       0
  236    1     381    1030       0     585       0     169    3349       0       0
  237    1     350    1043       0     556       3     155    3288       0       0
  238    1     375    1034       0     569       4     176    3268       0       1
  239    1     348    1053       0     566       4     165    3337       0       0
  240    1     362    1068       0     620       4     132    3344       0       0
  241    1     341    1089       0     580       1     159    3525       1       3
  242    1     339     980       0     582       1     156    3487       0       1
  243    1     389    1025       0     612       1     165    3461       1       2
  244    1     362    1033       0     568       2     187    3493       0       0
  245    1     362    1040       0     604       4     166    3513       0       0
  246    1     366     993       0     562       5     176    3613       0       0
  247    1     309    1001       1     628       2     188    3666       1       0
  248    1     378     965       1     561       7     162    3791       0       1
  249    1     340     949       0     618       8     182    3795       1       1
  250    1     347    1012       0     660       4     178    3796       2       0
  251    1     313    1010       0     593       6     175    3769       3       0
  252    1     337     943       0     628       5     202    3960       0       2
  253    1     325     970       0     687       4     199    4023       0       0
  254    1     362     876       0     668       2     204    4093       2       0
  255    1     341     845       0     638       2     201    3997       0       1
  256    1     325     889       0     659       2     204    4220       0       2
  257    1     285     818       0     677       4     187    4195       1       2
  258    1     275     814       0     703       5     206    4254       0       2
  259    1     283     809       0     624       7     212    4446       3       0
  260    1     259     763       0     660       1     222    4605       1       0
  261    1     214     718       0     614       2     222    4662       2       0
  262    1     228     677       0     644       2     229    4687       0       1
  263    1     198     704       0     628       3     235    4888       2       1
  264    1     159     604       0     628       0     227    4876       0       0
  265    1     138     609       0     615       0     249    5002       2       4
  266    1     138     553       0     550       1     205    5449       4       3
  267    1      83     450       0     590       0     224    5424       1       0
  268    1      62     424       0     524       1     221    5546       2       2
  269    1      46     371       0     466       0     226    5545       2       4
  270    1      37     317       0     409       0     215    5654       1       4
  271    1      19     244       0     338       0     180    5670       2       4
  272    1      20     184       0     339       0     163    5565       1       2
  273    1      11     144       0     269       0     152    5337       3       3
  274    1       4      98       0     261       0     109    4769       2       7
  275    1       3      89       0     221       0      88    4293       2       8
  276    1       2      50       0     209       0      65    3413       3       2
  277    1       6      50       0     180       0      40    2761       7       4
  278    1       5      32       0     154       0      32    2015       5       7
  279    1       4      27       0     137       0      14    1279       7       2
  280    1       3      33       0      93       0       5     812       5       3
  281    1       3      27       0      83       0       2     498       9       1
  282    1       3      23       0      41       0       3     297       3       1
  283    1       6      28       0      33       0       0     209       5       0
  284    1       3      27       0      19       0       4     137       1       0
  285    1       6      35       0       9       0       1     142       1       0
  286    1       3      23       0      13       0       6     101       1       0
  287    1       7      19       0       7       0       1     120       0       0
  288    1       6      29       0      12       0       3     139       0       0
  289    1       2      28       0      10       0       6     107       0       0
  290    1       1      20       0      11       1       3     112       0       0
  291    1       2      22       0      11       0       1     113       0       0
  292    1       3      11       0      10       0       6      94       0       0
  293    1       2      37       0      13       0       1     127       1       0
  294    1       1      25       0       8       0       1      99       0       0
  295    1       3      21       0       5       0       3     100       0       0
  296    1       4      22       0       4       0       5     104       0       0
  297    1       3      23       0      11       0       4     113       0       0
  298    1       4      34       0       6       0       1      97       0       0
  299    1       2      31       0       7       0       0     105       0       0
  300    1       3      18       0      12       0       2      94       0       0
  301    1       7      19       0       6       0       2      84       0       0
  302    1       2      27       0       7       0       3     103       0       0
  303    1       4      23       0      17       0       1     110       0       0
  304    1       5      26       0       8       0       0      99       0       0
  305    1       2      28       0      10       0       3     102       0       0
  306    1       6      34       0       9       0       1     116       0       0
  307    1       4      25       0       8       0       1      91       0       0
  308    1       3      21       0      10       0       1      99       0       0
  309    1       2      22       0       8       0       4      92       0       0
  310    1       1      27       0       7       0       3      81       0       0
  311    1       2      29       0      11       0       2      98       0       0
  312    1       2      27       0      12       0       1      96       0       0
  313    1       5      27       0       9       0       1      95       0       0
  314    1       5      25       0      11       0       3      89       0       0
  315    1       5      23       0      11       0       2      94       0       0
  316    1       3      23       0      10       0       1      96       0       0
  317    1       1      32       0       5       0       3      75       0       0
  318    1       4      30       0       7       0       0     105       0       0
  319    1       1      22       0       5       0       2      96       0       0
  320    1       2      21       0      10       0       0      90       0       0
  321    1       2      23       0       6       0       1      81       0       0
  322    1       3      21       0       7       0       1      81       0       0
  323    1       4      16       0      12       0       2      95       0       0
  324    1       0      25       0       9       0       2      94       0       0
  325    1       0      17       0      10       0       1      85       0       0
  326    1       5      23       0       7       0       2     101       0       0
  327    1       2      25       0      11       0       5      81       0       0
  328    1       2      16       0       5       0       1      99       0       0
  329    1       0      31       0      11       0       2      84       0       0
  330    1       4      34       0       3       0       2      90       0       0
  331    1       2      24       0      13       0       0      70       0       0
  332    1       2      19       0       8       0       4      90       0       0
  333    1       4      23       0      14       0       0      81       0       0
  334    1       1      20       0       4       0       2      79       1       0
  335    1       2      21       0      12       0       1      79       0       0
  336    1       4      14       0       3       0       2      67       0       0
  337    1       3      21       0       3       0       4      71       0       0
  338    1       3      19       0       8       0       1      77       0       0
  339    1       5      22       0       6       0       0      78       0       0
  340    1       5      20       0       5       0       1      80       0       0
  341    1       3      20       0       7       0       4      70       0       0
  342    1       1      31       0       6       0       0      81       0       0
  343    1       3      16       0       9       0       0      70       0       0
  344    1       3      14       0       8       0       1      72       0       0
  345    1       0      29       0      13       0       0      81       0       0
  346    1       3      23       0       7       0       1      80       0       0
  347    1       1      13       0       7       0       2      77       0       0
  348    1       3      13       0       4       0       2      82       0       0
  349    1       3      16       0       6       0       2      73       0       0
  350    1       2      10       0       9       0       1      64       0       0
  351    1       6      17       0      13       0       1      62       0       0
  352    1       5      19       0       5       0       1      67       0       1
  353    1       3      16       0       4       0       0      89       0       0
  354    1       0      14       0       9       0       1      68       0       0
  355    1       3      24       0       6       0       0      77       0       0
  356    1       1      19       0       5       0       4      79       0       0
  357    1       3      19       0       9       0       2      69       0       0
  358    1       2      24       0       5       0       2      71       0       0
  359    1       7      17       0       7       0       6      69       0       0
  360    1       5      12       0       8       0       0      77       0       0
  361    1       3      15       0       7       0       3      73       0       0
  362    1       5      12       0       8       0       2      71       0       1
  363    1       3      16       0       6       0       1      66       0       0
  364    1       1      19       0       5       0       0      63       0       0
  365    1       0      18       0       8       0       1      76       0       0
  366    1       2      19       0       6       0       3      79       0       0
  367    1       3      17       0      12       0       1      62       0       0
  368    1       4      22       0       6       0       2      55       0       0
  369    1       3      11       0       9       0       0      67       0       0
  370    1       0      15       0       7       0       0      70       0       0
  371    1       3      16       0       3       0       1      63       0       0
  372    1       5      14       0       4       0       2      61       0       0
  373    1       2      24       0       8       0       1      58       0       0
  374    1       0      13       0       7       0       4      77       0       0
  375    1       3      15       0       4       0       1      64       0       0
  376    1       4      12       0       2       0       4      51       0       0
  377    1       3      15       0      10       0       0      70       0       0
  378    1       2      11       0      10       0       1      61       0       0
  379    1       3      14       0      11       0       0      59       0       0
  380    1       5      18       0       7       0       2      66       0       0
  381    1       6      20       0       7       0       1      54       0       0
  382    1       2      16       0       6       0       3      56       0       0
  383    1       4      14       0       6       0       1      68       0       0
  384    1       0      19       0       2       0       1      69       0       0
  385    1       4      17       0       2       0       2      69       0       0
  386    1       2      18       0       4       0       0      63       0       0
  387    1       5      14       0       8       0       1      45       0       0
  388    1       0      13       0       9       0       1      51       0       0
  389    1       2      10       0      12       0       0      70       0       0
  390    1       1      16       0       5       0       1      68       0       0
  391    1       0      15       0       3       0       1      48       0       0
  392    1       1       6       0       8       0       0      42       0       0
  393    1       0      13       0       5       0       0      59       0       0
  394    1       2      16       0       5       0       0      52       0       0
  395    1       1      15       0       3       0       2      58       0       0
  396    1       0      21       0       5       0       0      57       0       0
  397    1       5      14       0       9       0       0      43       0       0
  398    1       1      13       0       6       0       2      47       0       0
  399    1       3      19       0       3       0       3      53       0       0
  400    1       3      13       0       4       0       1      51       0       0
  401    0       0       0       0       0       0       0       0       0       0
   SUM ==>  120224  318212      29  150953    1215   44047  905024     226     192
