15000000
400
 ZONE MED   LOSS(MEV)      (MEV)    EXCITATION    PI0   (MEV)        PI+     K+    MU-    MU+     PROT    DEUT    TRIT     HE3    ALPH     ELSC    INEL    FISS
   1   1  0.675173E+07 0.961020E+03 0.4072E+02      3 0.5866E+02       0      0      0      0     7119    1417     418     928    4179     5374   16692       0
   2   1  0.682264E+07 0.949442E+03 0.2328E+02      2 0.2094E+02       0      0      0      0     9418    1684     450     926    4083     5387   16731       0
   3   1  0.687460E+07 0.951928E+03 0.4718E+01      7 0.9624E+02       0      0      0      0    10864    1731     434     958    4094     5492   16677       0
   4   1  0.691554E+07 0.959817E+03 0.2159E+02      7 0.7626E+02       0      0      0      0    11714    1803     456     957    3983     5510   16872       0
   5   1  0.695921E+07 0.998776E+03 0.1854E+02      4 0.5449E+02       0      0      0      0    12556    1776     479     971    4196     5795   17173       0
   6   1  0.698987E+07 0.997017E+03 0.2247E+01      0 0.0000E+00       0      0      0      0    13100    1821     431    1016    4312     5814   17200       0
   7   1  0.702153E+07 0.985238E+03 0.2761E+02      4 0.7283E+02       0      0      0      0    13400    1861     462     964    4264     5727   17210       0
   8   1  0.705310E+07 0.999209E+03 0.3243E+02      3 0.2328E+02       0      0      0      0    14111    1890     467     994    4247     5870   17577       0
   9   1  0.708418E+07 0.102357E+04 0.1683E+02      1 0.4390E+02       0      0      0      0    14603    1780     475     965    4305     5898   17477       0
  10   1  0.711195E+07 0.104273E+04 0.2581E+02      2 0.2717E+01       0      0      0      0    14892    1925     467     964    4386     6153   17529       0
  11   1  0.713862E+07 0.102430E+04 0.6292E+01      3 0.2995E+02       0      0      0      0    15515    1849     453     945    4450     6008   17744       0
  12   1  0.716282E+07 0.103919E+04 0.2220E+02      1 0.4148E+01       0      0      0      0    15751    1907     486    1006    4407     6011   17838       0
  13   1  0.718583E+07 0.104232E+04 0.1530E+02      2 0.3327E+02       0      0      0      0    15927    1926     433     971    4439     6261   17764       0
  14   1  0.721243E+07 0.107265E+04 0.2061E+01      1 0.4041E+01       0      0      0      0    16303    1833     458     969    4394     6410   17958       0
  15   1  0.723656E+07 0.106381E+04 0.9779E+01      5 0.5860E+02       0      0      0      0    16609    1885     501     986    4426     6401   18046       0
  16   1  0.725875E+07 0.109659E+04 0.2601E+02      4 0.1813E+02       0      0      0      0    17124    1817     468     956    4430     6517   18095       0
  17   1  0.727610E+07 0.106724E+04 0.2059E+02      5 0.4999E+02       0      0      0      0    17133    1820     485    1011    4319     6384   18032       0
  18   1  0.730204E+07 0.110320E+04 0.3044E+02      2 0.2057E+02       0      0      0      0    17376    1901     474    1019    4505     6687   18187       0
  19   1  0.732487E+07 0.110717E+04 0.2909E+02      0 0.0000E+00       0      0      0      0    17809    1899     488     959    4592     6795   17983       0
  20   1  0.733889E+07 0.112285E+04 0.1642E+02      2 0.2582E+02       0      0      0      0    17589    1883     446    1002    4383     6651   18110       0
  21   1  0.735983E+07 0.112206E+04 0.5520E+02      2 0.1710E+02       0      0      0      0    18186    1915     422     953    4390     6642   18401       0
  22   1  0.738330E+07 0.111456E+04 0.2355E+02      3 0.2287E+02       0      0      0      0    18429    1806     492     989    4434     6796   18461       0
  23   1  0.740422E+07 0.114338E+04 0.4107E+02      1 0.1088E+02       0      0      0      0    18791    1916     486     991    4613     6839   18396       0
  24   1  0.742343E+07 0.108975E+04 0.2352E+02      1 0.1318E+02       0      0      0      0    18880    1945     483    1032    4535     6718   18434       0
  25   1  0.743813E+07 0.114618E+04 0.3172E+02      1 0.1842E+01       0      0      0      0    18916    1921     512     989    4440     6887   18397       0
  26   1  0.745745E+07 0.114166E+04 0.2781E+02      1 0.7179E+01       0      0      0      0    18886    1884     481    1003    4308     6975   18432       0
  27   1  0.748085E+07 0.118849E+04 0.1721E+02      2 0.1866E+02       0      0      0      0    19172    1846     446     991    4412     7144   18381       0
  28   1  0.749961E+07 0.112777E+04 0.2647E+02      1 0.6209E+00       0      0      0      0    19792    1941     493    1009    4423     6973   18630       0
  29   1  0.751818E+07 0.117676E+04 0.2191E+02      0 0.0000E+00       0      0      0      0    19938    1931     485    1009    4626     7068   18950       0
  30   1  0.753110E+07 0.118490E+04 0.2838E+02      1 0.1264E+02       0      0      0      0    19812    1879     498     909    4445     7298   18840       0
  31   1  0.754937E+07 0.121665E+04 0.0000E+00      1 0.7528E+01       0      0      0      0    19781    1954     464     972    4538     7378   18802       0
  32   1  0.756663E+07 0.118783E+04 0.1752E+02      0 0.0000E+00       0      0      0      0    20079    1831     484     950    4434     7283   18733       0
  33   1  0.758554E+07 0.120816E+04 0.5783E+02      1 0.4382E+01       0      0      0      0    20339    1938     484     979    4382     7380   18863       0
  34   1  0.760412E+07 0.122875E+04 0.2481E+02      0 0.0000E+00       0      0      0      0    20538    1815     466     985    4625     7454   18903       0
  35   1  0.761835E+07 0.120087E+04 0.2823E+02      2 0.3549E+01       0      0      0      0    20554    1864     456    1001    4558     7399   18907       0
  36   1  0.763349E+07 0.120711E+04 0.1321E+02      1 0.9863E+01       0      0      0      0    20676    1900     485    1028    4415     7582   18795       0
  37   1  0.765150E+07 0.121935E+04 0.2362E+02      2 0.6653E+02       0      0      0      0    20834    1908     440     978    4495     7490   18791       0
  38   1  0.766779E+07 0.121166E+04 0.3873E+02      0 0.0000E+00       0      0      0      0    20991    1949     473     956    4510     7488   18692       0
  39   1  0.769305E+07 0.126990E+04 0.1240E+02      3 0.5823E+02       0      0      0      0    21391    1893     485     965    4639     7737   19347       0
  40   1  0.770395E+07 0.122450E+04 0.2615E+02      0 0.0000E+00       0      0      0      0    21384    1908     472     977    4481     7626   18942       0
  41   1  0.772178E+07 0.123211E+04 0.4624E+02      0 0.0000E+00       0      0      0      0    21597    1832     493    1045    4514     7722   18889       0
  42   1  0.773600E+07 0.124172E+04 0.3890E+02      2 0.1555E+02       0      0      0      0    21700    1978     467    1001    4384     7785   19107       0
  43   1  0.775329E+07 0.127698E+04 0.2899E+02      2 0.3483E+02       0      0      0      0    22026    1876     504    1003    4710     7893   19124       0
  44   1  0.776321E+07 0.126986E+04 0.2241E+02      2 0.4331E+02       0      0      0      0    21640    1828     512     972    4634     7868   19177       0
  45   1  0.778045E+07 0.127331E+04 0.2403E+02      1 0.2864E+01       0      0      0      0    21760    1894     447     990    4658     7937   19253       0
  46   1  0.779702E+07 0.124501E+04 0.4185E+02      1 0.3535E+01       0      0      0      0    21995    1894     491     979    4477     7972   19152       0
  47   1  0.781401E+07 0.127172E+04 0.3121E+02      0 0.0000E+00       0      0      0      0    22296    1909     462    1011    4680     7927   19166       0
  48   1  0.782808E+07 0.129593E+04 0.5373E+02      0 0.0000E+00       0      0      0      0    22390    1867     506     965    4592     7955   19108       0
  49   1  0.784380E+07 0.127311E+04 0.4455E+02      1 0.1136E+02       0      0      0      0    22414    1926     476    1047    4635     8084   19363       0
  50   1  0.786035E+07 0.127830E+04 0.1843E+02      1 0.1313E+02       0      0      0      0    22669    1972     450     974    4740     8191   19473       0
  51   1  0.786968E+07 0.133967E+04 0.6163E+02      1 0.2454E+01       0      0      0      0    22629    1902     450    1003    4589     8336   19344       0
  52   1  0.788582E+07 0.130769E+04 0.1742E+02      0 0.0000E+00       0      0      0      0    23006    1879     491     966    4627     8030   19452       0
  53   1  0.790429E+07 0.133679E+04 0.2498E+02      0 0.0000E+00       0      0      0      0    22893    1942     464     993    4778     8280   19721       0
  54   1  0.791650E+07 0.133405E+04 0.4573E+02      0 0.0000E+00       0      0      0      0    23174    1903     509     986    4403     8292   19627       0
  55   1  0.792850E+07 0.134184E+04 0.3392E+01      1 0.7776E+01       0      0      0      0    23117    1861     460     994    4657     8360   19419       0
  56   1  0.794615E+07 0.132756E+04 0.2817E+02      0 0.0000E+00       0      0      0      0    22925    1964     503     964    4504     8422   19304       0
  57   1  0.795927E+07 0.130573E+04 0.2015E+02      0 0.0000E+00       0      0      0      0    23406    1944     449     906    4613     8324   19507       0
  58   1  0.797067E+07 0.132848E+04 0.3465E+02      0 0.0000E+00       0      0      0      0    23468    1918     454     975    4566     8410   19476       0
  59   1  0.798522E+07 0.130484E+04 0.2385E+02      0 0.0000E+00       0      0      0      0    23184    1780     428     993    4598     8317   19327       0
  60   1  0.800482E+07 0.134826E+04 0.2354E+02      0 0.0000E+00       0      0      0      0    23577    1926     485     958    4790     8501   19726       0
  61   1  0.801768E+07 0.135311E+04 0.3356E+02      0 0.0000E+00       0      0      0      0    23667    1931     526    1001    4660     8493   19658       0
  62   1  0.803204E+07 0.136873E+04 0.6107E+02      1 0.4830E+01       0      0      0      0    23847    1843     457     987    4441     8704   19578       0
  63   1  0.804866E+07 0.138356E+04 0.6227E+02      0 0.0000E+00       0      0      0      0    24126    1925     483     949    4633     8779   19751       0
  64   1  0.806377E+07 0.133980E+04 0.2149E+02      0 0.0000E+00       0      0      0      0    24066    1947     472     986    4732     8597   19754       0
  65   1  0.807687E+07 0.137367E+04 0.3744E+02      0 0.0000E+00       0      0      0      0    24312    1899     468     998    4680     8753   19878       0
  66   1  0.808449E+07 0.137930E+04 0.5819E+02      1 0.2300E+01       0      0      0      0    24124    1894     497     967    4536     8661   19614       0
  67   1  0.810369E+07 0.141336E+04 0.4829E+02      0 0.0000E+00       0      0      0      0    24660    2051     517     990    4744     8849   20011       0
  68   1  0.811238E+07 0.138005E+04 0.3775E+02      0 0.0000E+00       0      0      0      0    24148    1933     469     918    4738     8919   19547       0
  69   1  0.812450E+07 0.139721E+04 0.1951E+02      0 0.0000E+00       0      0      0      0    24279    1871     450     958    4598     8826   19709       0
  70   1  0.814231E+07 0.142530E+04 0.2090E+02      0 0.0000E+00       0      0      0      0    24522    1849     449     969    4736     8937   20107       0
  71   1  0.815807E+07 0.139378E+04 0.3857E+02      0 0.0000E+00       0      0      0      0    24774    1911     474     973    4764     8894   19987       0
  72   1  0.816629E+07 0.140113E+04 0.4570E+02      0 0.0000E+00       0      0      0      0    24943    1880     468     983    4540     8996   19768       0
  73   1  0.818204E+07 0.140032E+04 0.2432E+02      1 0.7046E+01       0      0      0      0    24714    1868     493     961    4749     9020   20074       0
  74   1  0.819547E+07 0.142088E+04 0.2576E+02      0 0.0000E+00       0      0      0      0    24871    1941     483     998    4620     9209   19664       0
  75   1  0.821180E+07 0.141899E+04 0.3056E+02      0 0.0000E+00       0      0      0      0    24817    1846     470     952    4794     9107   19677       0
  76   1  0.822684E+07 0.141278E+04 0.1555E+02      0 0.0000E+00       0      0      0      0    25059    1885     462    1014    4737     9115   19942       0
  77   1  0.823655E+07 0.144822E+04 0.4836E+02      0 0.0000E+00       0      0      0      0    25302    1808     461     949    4737     9218   19590       0
  78   1  0.824894E+07 0.139831E+04 0.5052E+02      0 0.0000E+00       0      0      0      0    25192    1858     487     975    4762     9280   19717       0
  79   1  0.826282E+07 0.143004E+04 0.2203E+02      0 0.0000E+00       0      0      0      0    25175    1910     494    1005    4514     9276   19754       0
  80   1  0.827977E+07 0.144791E+04 0.1803E+02      0 0.0000E+00       0      0      0      0    25481    1980     477     994    4816     9292   20057       0
  81   1  0.829217E+07 0.143379E+04 0.3678E+02      0 0.0000E+00       0      0      0      0    25446    2019     485     971    4771     9320   20017       0
  82   1  0.830395E+07 0.146564E+04 0.5325E+02      1 0.1511E+01       0      0      0      0    25766    1909     492     999    4716     9485   19921       0
  83   1  0.831432E+07 0.146315E+04 0.5804E+02      0 0.0000E+00       0      0      0      0    25630    1938     495     972    4579     9410   20073       0
  84   1  0.833128E+07 0.143546E+04 0.2635E+02      0 0.0000E+00       0      0      0      0    25677    1961     474     991    4721     9376   20295       0
  85   1  0.834365E+07 0.148690E+04 0.5097E+02      0 0.0000E+00       0      0      0      0    25967    1932     474    1004    4779     9634   20208       0
  86   1  0.835691E+07 0.147262E+04 0.4392E+02      0 0.0000E+00       0      0      0      0    26178    1879     509     942    4613     9431   20121       0
  87   1  0.836893E+07 0.145909E+04 0.5958E+02      0 0.0000E+00       0      0      0      0    25902    1879     503     965    4664     9676   19862       0
  88   1  0.838129E+07 0.146870E+04 0.3050E+02      0 0.0000E+00       0      0      0      0    26037    1815     486     970    4751     9643   20019       0
  89   1  0.839451E+07 0.145947E+04 0.2652E+02      0 0.0000E+00       0      0      0      0    25929    1886     455    1047    4855     9485   20216       0
  90   1  0.841153E+07 0.147109E+04 0.2238E+02      0 0.0000E+00       0      0      0      0    26597    1900     453    1025    4642     9614   20152       0
  91   1  0.842306E+07 0.145561E+04 0.4512E+02      0 0.0000E+00       0      0      0      0    26425    1923     456    1003    4796     9768   20051       0
  92   1  0.843334E+07 0.148767E+04 0.3165E+02      1 0.1251E+01       0      0      0      0    26337    1844     452    1032    4673     9885   20216       0
  93   1  0.844551E+07 0.148553E+04 0.2726E+02      0 0.0000E+00       0      0      0      0    26456    1962     463     982    4674     9881   20086       0
  94   1  0.845366E+07 0.148371E+04 0.4010E+02      0 0.0000E+00       0      0      0      0    26093    1858     489     940    4644     9885   19945       0
  95   1  0.846580E+07 0.151262E+04 0.1089E+03      0 0.0000E+00       0      0      0      0    26531    1826     442     930    4613     9976   19931       0
  96   1  0.848084E+07 0.148896E+04 0.4623E+02      0 0.0000E+00       0      0      0      0    26544    1891     480     968    4736     9826   20089       0
  97   1  0.849046E+07 0.152577E+04 0.8490E+02      0 0.0000E+00       0      0      0      0    26383    1924     503     938    4710    10101   19985       0
  98   1  0.850740E+07 0.152807E+04 0.3888E+02      0 0.0000E+00       0      0      0      0    26850    1872     544    1008    4588    10064   20017       0
  99   1  0.851400E+07 0.149341E+04 0.6669E+02      0 0.0000E+00       0      0      0      0    26489    1903     436     956    4771    10042   19872       0
 100   1  0.852702E+07 0.155363E+04 0.2724E+02      0 0.0000E+00       0      0      0      0    26696    1792     441     957    4573    10099   19944       0
 101   1  0.854445E+07 0.152227E+04 0.3589E+02      0 0.0000E+00       0      0      0      0    26832    1874     448     953    4965    10059   20293       0
 102   1  0.855589E+07 0.153436E+04 0.0000E+00      0 0.0000E+00       0      0      0      0    26930    1863     433    1020    4769    10218   20050       0
 103   1  0.856689E+07 0.152356E+04 0.2428E+02      0 0.0000E+00       0      0      0      0    27037    1875     480     957    4683    10086   20171       0
 104   1  0.857902E+07 0.156986E+04 0.3124E+02      0 0.0000E+00       0      0      0      0    27112    1805     444    1010    4592    10353   20181       0
 105   1  0.859456E+07 0.157906E+04 0.4446E+02      0 0.0000E+00       0      0      0      0    27082    1941     512    1008    4712    10554   20280       0
 106   1  0.860221E+07 0.155581E+04 0.5909E+02      0 0.0000E+00       0      0      0      0    27096    1826     484     951    4760    10278   20266       0
 107   1  0.861434E+07 0.155877E+04 0.4601E+02      0 0.0000E+00       0      0      0      0    27116    1912     454     951    4638    10339   20159       0
 108   1  0.862918E+07 0.157200E+04 0.2420E+02      0 0.0000E+00       0      0      0      0    27445    1913     469    1000    4631    10641   20448       0
 109   1  0.864444E+07 0.160316E+04 0.2101E+02      0 0.0000E+00       0      0      0      0    27281    1896     428     964    4796    10697   20400       0
 110   1  0.865571E+07 0.157047E+04 0.2383E+02      0 0.0000E+00       0      0      0      0    27633    1875     468     973    4767    10603   20492       0
 111   1  0.866858E+07 0.160765E+04 0.2960E+02      0 0.0000E+00       0      0      0      0    27737    1941     449     940    4818    10713   20216       0
 112   1  0.867844E+07 0.161916E+04 0.2563E+02      0 0.0000E+00       0      0      0      0    27900    1911     485     934    4671    10839   20457       0
 113   1  0.868664E+07 0.163366E+04 0.2959E+02      0 0.0000E+00       0      0      0      0    27425    1796     458     907    4756    10905   20457       0
 114   1  0.869906E+07 0.159373E+04 0.3181E+02      0 0.0000E+00       0      0      0      0    27289    1874     468     894    4610    10683   19998       0
 115   1  0.871271E+07 0.162072E+04 0.6162E+02      0 0.0000E+00       0      0      0      0    27647    1876     459     955    4722    11058   20189       0
 116   1  0.872091E+07 0.162972E+04 0.3653E+02      0 0.0000E+00       0      0      0      0    27590    1788     450     930    4652    10965   20124       0
 117   1  0.873681E+07 0.163639E+04 0.4386E+02      0 0.0000E+00       0      0      0      0    27716    1928     458     982    4761    11017   20124       0
 118   1  0.874616E+07 0.164411E+04 0.2669E+02      0 0.0000E+00       0      0      0      0    27545    1869     467     968    4605    11241   20245       0
 119   1  0.875725E+07 0.163052E+04 0.4700E+02      0 0.0000E+00       0      0      0      0    27813    1907     470     970    4637    11138   20137       0
 120   1  0.876670E+07 0.169693E+04 0.1197E+02      0 0.0000E+00       0      0      0      0    27866    1853     502     942    4619    11388   20085       0
 121   1  0.878021E+07 0.169181E+04 0.1410E+02      0 0.0000E+00       0      0      0      0    28189    1788     467     962    4608    11409   20097       0
 122   1  0.879095E+07 0.166320E+04 0.2635E+02      0 0.0000E+00       0      0      0      0    27933    1835     452     953    4852    11292   20265       0
 123   1  0.879915E+07 0.168953E+04 0.0000E+00      0 0.0000E+00       0      0      0      0    28147    1790     472     916    4616    11469   19960       0
 124   1  0.881269E+07 0.165415E+04 0.4921E+02      0 0.0000E+00       0      0      0      0    27930    1821     472     981    4715    11350   20247       0
 125   1  0.882660E+07 0.172513E+04 0.3304E+02      0 0.0000E+00       0      0      0      0    28011    1838     454     969    4726    11751   20171       0
 126   1  0.884522E+07 0.171795E+04 0.6826E+02      0 0.0000E+00       0      0      0      0    28521    1832     445     985    4718    11723   20212       0
 127   1  0.885426E+07 0.169892E+04 0.6992E+02      0 0.0000E+00       0      0      0      0    28264    1874     442     970    4621    11459   20047       0
 128   1  0.886666E+07 0.169734E+04 0.4201E+02      0 0.0000E+00       0      0      0      0    28281    1858     448     942    4687    11648   20096       0
 129   1  0.887768E+07 0.175817E+04 0.2411E+02      0 0.0000E+00       0      0      0      0    28413    1907     445     929    4677    12028   20403       0
 130   1  0.889162E+07 0.173210E+04 0.2714E+02      0 0.0000E+00       0      0      0      0    28388    1758     468     967    4510    11790   20288       0
 131   1  0.890802E+07 0.171494E+04 0.1282E+02      0 0.0000E+00       0      0      0      0    28403    1853     444     916    4780    11813   20538       0
 132   1  0.892236E+07 0.174660E+04 0.3709E+02      0 0.0000E+00       0      0      0      0    28492    1761     474     968    4699    11865   20303       0
 133   1  0.893454E+07 0.173600E+04 0.2740E+02      0 0.0000E+00       0      0      0      0    28319    1827     480     974    4712    12061   20003       0
 134   1  0.894601E+07 0.174582E+04 0.3473E+02      0 0.0000E+00       0      0      0      0    28483    1885     444     952    4645    12089   20057       0
 135   1  0.896154E+07 0.176059E+04 0.5695E+02      0 0.0000E+00       0      0      0      0    28807    1799     442    1006    4727    12119   20409       0
 136   1  0.897116E+07 0.174733E+04 0.3127E+02      0 0.0000E+00       0      0      0      0    28534    1879     444     988    4606    12094   20178       0
 137   1  0.898257E+07 0.178911E+04 0.1096E+02      0 0.0000E+00       0      0      0      0    28529    1896     434     969    4691    12328   20189       0
 138   1  0.899770E+07 0.179084E+04 0.3291E+02      0 0.0000E+00       0      0      0      0    28656    1853     470     934    4765    12277   20304       0
 139   1  0.901101E+07 0.179293E+04 0.3655E+02      0 0.0000E+00       0      0      0      0    28885    1880     467     919    4617    12341   20217       0
 140   1  0.902121E+07 0.177410E+04 0.6096E+02      0 0.0000E+00       0      0      0      0    29111    1881     425     986    4768    12336   20285       0
 141   1  0.903219E+07 0.173537E+04 0.1462E+02      0 0.0000E+00       0      0      0      0    28913    1783     473     971    4776    12184   20279       0
 142   1  0.903926E+07 0.183104E+04 0.3166E+02      0 0.0000E+00       0      0      0      0    28824    1812     429     924    4516    12570   20000       0
 143   1  0.905048E+07 0.181996E+04 0.1259E+02      0 0.0000E+00       0      0      0      0    28836    1766     443     935    4722    12710   20219       0
 144   1  0.906459E+07 0.178750E+04 0.2543E+02      0 0.0000E+00       0      0      0      0    29354    1840     422     984    4542    12480   20239       0
 145   1  0.907811E+07 0.181144E+04 0.2936E+02      0 0.0000E+00       0      0      0      0    29420    1887     469     898    4709    12716   20535       0
 146   1  0.908969E+07 0.185253E+04 0.3831E+02      0 0.0000E+00       0      0      0      0    29368    1835     509    1004    4764    12807   20593       0
 147   1  0.909438E+07 0.182883E+04 0.2226E+02      0 0.0000E+00       0      0      0      0    29347    1814     452     922    4676    12735   20167       0
 148   1  0.910267E+07 0.184435E+04 0.3159E+02      0 0.0000E+00       0      0      0      0    29270    1802     449     949    4666    13038   20230       0
 149   1  0.911698E+07 0.182869E+04 0.3736E+02      0 0.0000E+00       0      0      0      0    29197    1804     444     940    4700    12913   20371       0
 150   1  0.912943E+07 0.184657E+04 0.2504E+02      0 0.0000E+00       0      0      0      0    29541    1777     446     919    4753    13025   20145       0
 151   1  0.914417E+07 0.185830E+04 0.3820E+02      0 0.0000E+00       0      0      0      0    29466    1791     452     996    4665    13182   20147       0
 152   1  0.916841E+07 0.188631E+04 0.5531E+02      0 0.0000E+00       0      0      0      0    29612    1829     447     948    4697    13202   20630       0
 153   1  0.919595E+07 0.188295E+04 0.3227E+02      0 0.0000E+00       0      0      0      0    30016    1778     423     899    4745    13418   20283       0
 154   1  0.922391E+07 0.189025E+04 0.2252E+02      0 0.0000E+00       0      0      0      0    29781    1821     443     895    4677    13197   20501       0
 155   1  0.926114E+07 0.193365E+04 0.3202E+02      0 0.0000E+00       0      0      0      0    29769    1812     409     936    4754    13429   20378       0
 156   1  0.929457E+07 0.190414E+04 0.4946E+02      0 0.0000E+00       0      0      0      0    29744    1836     451     921    4799    13345   20425       0
 157   1  0.932306E+07 0.191908E+04 0.2546E+02      0 0.0000E+00       0      0      0      0    29978    1708     441     950    4730    13531   20246       0
 158   1  0.934803E+07 0.193942E+04 0.4179E+02      0 0.0000E+00       0      0      0      0    29625    1793     460     927    4799    13707   20287       0
 159   1  0.937142E+07 0.193866E+04 0.3892E+02      0 0.0000E+00       0      0      0      0    29740    1790     410     929    4911    13684   20303       0
 160   1  0.939197E+07 0.197415E+04 0.2722E+02      0 0.0000E+00       0      0      0      0    29859    1826     432     896    4617    13958   20283       0
 161   1  0.941537E+07 0.193520E+04 0.2818E+02      0 0.0000E+00       0      0      0      0    30171    1798     489    1006    4792    13859   20466       0
 162   1  0.943068E+07 0.199440E+04 0.1459E+02      0 0.0000E+00       0      0      0      0    30082    1813     429     930    4771    14109   20418       0
 163   1  0.944653E+07 0.203173E+04 0.6829E+02      0 0.0000E+00       0      0      0      0    30159    1811     437     900    4687    14288   20471       0
 164   1  0.946696E+07 0.202762E+04 0.1259E+02      0 0.0000E+00       0      0      0      0    30084    1752     449     954    4731    14364   20369       0
 165   1  0.948778E+07 0.200768E+04 0.4798E+02      0 0.0000E+00       0      0      0      0    30432    1778     463     909    4778    14445   20342       0
 166   1  0.950863E+07 0.203131E+04 0.3849E+02      0 0.0000E+00       0      0      0      0    30252    1766     463     934    4841    14574   20453       0
 167   1  0.952060E+07 0.204738E+04 0.1791E+02      0 0.0000E+00       0      0      0      0    30405    1818     401     907    4595    14399   20225       0
 168   1  0.953860E+07 0.203933E+04 0.3134E+02      0 0.0000E+00       0      0      0      0    30515    1718     430     931    4690    14613   20263       0
 169   1  0.955374E+07 0.212447E+04 0.4070E+02      0 0.0000E+00       0      0      0      0    30327    1778     419     883    4556    15004   20261       0
 170   1  0.957551E+07 0.209365E+04 0.2720E+02      0 0.0000E+00       0      0      0      0    30445    1777     451     946    4791    14829   20412       0
 171   1  0.959732E+07 0.206673E+04 0.2134E+02      0 0.0000E+00       0      0      0      0    30453    1641     411     903    4654    14992   20334       0
 172   1  0.961510E+07 0.210843E+04 0.5603E+02      0 0.0000E+00       0      0      0      0    30555    1789     458     932    4650    15055   20363       0
 173   1  0.963371E+07 0.211454E+04 0.1917E+02      0 0.0000E+00       0      0      0      0    30541    1764     391     909    4530    15377   20196       0
 174   1  0.964941E+07 0.209291E+04 0.1310E+02      0 0.0000E+00       0      0      0      0    30504    1643     382     863    4541    15263   20036       0
 175   1  0.966933E+07 0.210985E+04 0.4740E+02      0 0.0000E+00       0      0      0      0    30300    1708     400     910    4521    15201   19856       0
 176   1  0.969295E+07 0.215174E+04 0.6306E+01      0 0.0000E+00       0      0      0      0    30633    1710     376     873    4722    15542   20202       0
 177   1  0.971134E+07 0.218280E+04 0.4170E+02      0 0.0000E+00       0      0      0      0    30696    1740     426     875    4576    15784   20234       0
 178   1  0.973135E+07 0.220659E+04 0.3710E+02      0 0.0000E+00       0      0      0      0    30416    1798     416     870    4570    15851   20252       0
 179   1  0.975846E+07 0.219075E+04 0.6308E+02      0 0.0000E+00       0      0      0      0    30941    1686     430     865    4734    15808   20497       0
 180   1  0.977816E+07 0.219188E+04 0.5275E+02      0 0.0000E+00       0      0      0      0    30694    1783     419     886    4546    15977   20088       0
 181   1  0.980199E+07 0.220149E+04 0.4226E+02      0 0.0000E+00       0      0      0      0    30779    1758     406     902    4740    16014   20361       0
 182   1  0.982380E+07 0.217473E+04 0.1220E+02      0 0.0000E+00       0      0      0      0    30749    1744     383     861    4743    15964   20196       0
 183   1  0.984919E+07 0.222650E+04 0.1121E+02      0 0.0000E+00       0      0      0      0    30999    1596     405     911    4650    16352   20356       0
 184   1  0.987083E+07 0.227975E+04 0.5506E+02      0 0.0000E+00       0      0      0      0    30951    1819     418     897    4619    16537   20414       0
 185   1  0.989388E+07 0.226685E+04 0.8666E+02      0 0.0000E+00       0      0      0      0    31036    1733     362     914    4679    16620   20106       0
 186   1  0.991737E+07 0.231603E+04 0.1947E+02      0 0.0000E+00       0      0      0      0    31234    1724     377     871    4481    16904   20185       0
 187   1  0.994099E+07 0.232050E+04 0.3979E+02      0 0.0000E+00       0      0      0      0    30944    1635     402     905    4745    16907   20315       0
 188   1  0.996641E+07 0.231104E+04 0.3317E+02      0 0.0000E+00       0      0      0      0    31212    1771     405     867    4724    16860   20507       0
 189   1  0.999029E+07 0.234087E+04 0.4223E+02      0 0.0000E+00       0      0      0      0    31280    1753     344     814    4495    17142   20247       0
 190   1  0.100148E+08 0.231233E+04 0.3360E+02      0 0.0000E+00       0      0      0      0    31347    1751     428     829    4534    17083   20197       0
 191   1  0.100408E+08 0.233238E+04 0.3726E+02      0 0.0000E+00       0      0      0      0    31241    1669     402     895    4664    17230   20089       0
 192   1  0.100682E+08 0.237502E+04 0.3979E+02      0 0.0000E+00       0      0      0      0    31447    1736     399     858    4666    17488   20320       0
 193   1  0.100957E+08 0.236506E+04 0.5534E+02      0 0.0000E+00       0      0      0      0    31526    1756     351     870    4700    17310   20483       0
 194   1  0.101220E+08 0.242461E+04 0.4648E+02      0 0.0000E+00       0      0      0      0    31640    1682     404     905    4625    17861   20288       0
 195   1  0.101485E+08 0.241496E+04 0.2736E+02      0 0.0000E+00       0      0      0      0    31680    1674     386     942    4648    17831   20098       0
 196   1  0.101695E+08 0.241249E+04 0.2147E+02      0 0.0000E+00       0      0      0      0    31804    1622     385     842    4491    18019   20063       0
 197   1  0.101955E+08 0.244892E+04 0.1369E+02      0 0.0000E+00       0      0      0      0    31590    1663     358     849    4502    18175   19997       0
 198   1  0.102229E+08 0.247861E+04 0.2075E+02      0 0.0000E+00       0      0      0      0    31770    1686     347     867    4502    18352   20190       0
 199   1  0.102460E+08 0.245095E+04 0.2877E+02      0 0.0000E+00       0      0      0      0    31999    1675     354     865    4514    18417   20234       0
 200   1  0.102684E+08 0.255223E+04 0.2040E+02      0 0.0000E+00       0      0      0      0    31731    1723     355     845    4463    18732   19981       0
 201   1  0.102988E+08 0.244950E+04 0.2235E+02      0 0.0000E+00       0      0      0      0    31613    1648     385     854    4734    18467   20277       0
 202   1  0.103252E+08 0.251612E+04 0.3138E+02      0 0.0000E+00       0      0      0      0    32141    1655     356     839    4728    18734   20132       0
 203   1  0.103484E+08 0.255696E+04 0.1996E+02      0 0.0000E+00       0      0      0      0    31887    1565     338     838    4568    18881   20109       0
 204   1  0.103833E+08 0.255015E+04 0.2585E+02      0 0.0000E+00       0      0      0      0    32161    1633     395     874    4564    19090   20347       0
 205   1  0.104206E+08 0.259207E+04 0.1065E+02      0 0.0000E+00       0      0      0      0    31999    1699     372     898    4727    19391   20617       0
 206   1  0.104546E+08 0.259121E+04 0.2894E+02      0 0.0000E+00       0      0      0      0    32430    1698     374     841    4627    19348   20162       0
 207   1  0.104974E+08 0.263680E+04 0.4335E+02      0 0.0000E+00       0      0      0      0    32532    1708     340     858    4673    19549   20455       0
 208   1  0.105375E+08 0.265016E+04 0.4276E+02      0 0.0000E+00       0      0      0      0    32503    1670     350     786    4590    19687   20335       0
 209   1  0.105838E+08 0.265911E+04 0.1328E+02      0 0.0000E+00       0      0      0      0    32502    1719     390     913    4615    19845   20404       0
 210   1  0.106319E+08 0.264852E+04 0.4712E+02      0 0.0000E+00       0      0      0      0    33086    1658     350     860    4711    19839   20426       0
 211   1  0.106789E+08 0.270280E+04 0.1934E+02      0 0.0000E+00       0      0      0      0    33098    1752     408     851    4709    20248   20756       0
 212   1  0.107219E+08 0.269442E+04 0.3138E+02      0 0.0000E+00       0      0      0      0    32901    1690     401     874    4597    20546   20602       0
 213   1  0.107635E+08 0.279577E+04 0.7020E+01      0 0.0000E+00       0      0      0      0    33087    1667     368     850    4699    20868   20765       0
 214   1  0.108030E+08 0.275535E+04 0.6481E+02      0 0.0000E+00       0      0      0      0    33102    1619     345     880    4580    20859   20331       0
 215   1  0.108487E+08 0.278954E+04 0.7111E+02      0 0.0000E+00       0      0      0      0    33103    1645     311     802    4655    21069   20703       0
 216   1  0.108932E+08 0.280496E+04 0.2763E+02      0 0.0000E+00       0      0      0      0    33270    1670     371     850    4690    21271   20779       0
 217   1  0.109397E+08 0.281197E+04 0.5117E+02      0 0.0000E+00       0      0      0      0    33566    1598     386     887    4688    21503   20616       0
 218   1  0.109821E+08 0.285901E+04 0.3678E+02      0 0.0000E+00       0      0      0      0    33224    1634     366     782    4632    21684   20467       0
 219   1  0.110351E+08 0.288555E+04 0.2361E+02      0 0.0000E+00       0      0      0      0    33588    1618     361     795    4677    21790   20701       0
 220   1  0.110847E+08 0.287321E+04 0.5379E+02      0 0.0000E+00       0      0      0      0    33407    1522     341     818    4634    21933   20639       0
 221   1  0.111416E+08 0.292247E+04 0.6941E+02      0 0.0000E+00       0      0      0      0    33677    1613     346     841    4527    22367   20782       0
 222   1  0.111882E+08 0.296575E+04 0.3250E+02      0 0.0000E+00       0      0      0      0    33792    1602     336     844    4700    22728   20501       0
 223   1  0.112411E+08 0.303543E+04 0.5729E+02      0 0.0000E+00       0      0      0      0    33733    1655     327     797    4694    22994   20677       0
 224   1  0.112866E+08 0.303264E+04 0.2577E+02      0 0.0000E+00       0      0      0      0    33583    1538     345     840    4631    23184   20453       0
 225   1  0.113365E+08 0.306630E+04 0.2471E+02      0 0.0000E+00       0      0      0      0    34048    1536     353     835    4643    23702   20859       0
 226   1  0.113814E+08 0.312198E+04 0.3347E+02      0 0.0000E+00       0      0      0      0    33796    1564     328     804    4701    23923   20688       0
 227   1  0.114378E+08 0.315267E+04 0.2222E+02      0 0.0000E+00       0      0      0      0    34202    1594     375     771    4707    24120   20991       0
 228   1  0.114955E+08 0.318782E+04 0.4299E+02      0 0.0000E+00       0      0      0      0    34301    1541     368     799    4730    24524   20924       0
 229   1  0.115552E+08 0.316984E+04 0.5085E+02      0 0.0000E+00       0      0      0      0    34475    1644     363     811    4763    24384   20857       0
 230   1  0.116197E+08 0.321980E+04 0.1676E+02      0 0.0000E+00       0      0      0      0    34166    1636     321     793    4640    24783   20557       0
 231   1  0.116956E+08 0.326939E+04 0.2902E+02      0 0.0000E+00       0      0      0      0    34479    1624     362     778    4676    25014   20917       0
 232   1  0.117696E+08 0.329397E+04 0.5982E+02      0 0.0000E+00       0      0      0      0    34586    1663     317     807    4563    25436   20963       0
 233   1  0.118493E+08 0.330551E+04 0.3089E+02      0 0.0000E+00       0      0      0      0    34620    1656     302     767    4794    25705   20955       0
 234   1  0.119258E+08 0.335969E+04 0.3198E+02      0 0.0000E+00       0      0      0      0    34732    1593     300     743    4528    25871   20662       0
 235   1  0.120111E+08 0.340010E+04 0.5215E+02      0 0.0000E+00       0      0      0      0    34727    1566     320     826    4668    26062   20952       0
 236   1  0.120948E+08 0.342990E+04 0.4450E+02      0 0.0000E+00       0      0      0      0    34999    1497     319     747    4635    26429   21068       0
 237   1  0.121889E+08 0.348508E+04 0.1362E+02      0 0.0000E+00       0      0      0      0    35150    1633     341     737    4798    26869   20960       0
 238   1  0.122780E+08 0.349856E+04 0.4545E+02      0 0.0000E+00       0      0      0      0    34920    1547     322     767    4556    27177   20743       0
 239   1  0.123787E+08 0.356778E+04 0.4934E+02      0 0.0000E+00       0      0      0      0    35209    1627     320     718    4619    27471   21177       0
 240   1  0.124820E+08 0.354348E+04 0.5933E+02      0 0.0000E+00       0      0      0      0    35637    1552     301     707    4642    27776   21132       0
 241   1  0.125867E+08 0.363924E+04 0.3721E+02      0 0.0000E+00       0      0      0      0    35495    1543     324     743    4762    28107   21290       0
 242   1  0.126955E+08 0.363590E+04 0.9186E+02      0 0.0000E+00       0      0      0      0    35553    1701     305     748    4530    28298   21344       0
 243   1  0.128163E+08 0.364825E+04 0.3664E+02      0 0.0000E+00       0      0      0      0    35448    1573     303     763    4634    28721   21429       0
 244   1  0.129417E+08 0.368100E+04 0.6709E+02      0 0.0000E+00       0      0      0      0    36058    1603     319     764    4668    28757   21626       0
 245   1  0.130711E+08 0.377124E+04 0.4752E+02      0 0.0000E+00       0      0      0      0    35817    1593     306     725    4799    29418   21438       0
 246   1  0.132051E+08 0.376910E+04 0.5399E+02      0 0.0000E+00       0      0      0      0    36293    1595     331     697    4728    29350   21810       0
 247   1  0.133492E+08 0.385235E+04 0.6470E+02      0 0.0000E+00       0      0      0      0    36421    1614     297     735    4730    29931   22028       0
 248   1  0.135007E+08 0.385031E+04 0.3307E+02      0 0.0000E+00       0      0      0      0    36671    1522     329     746    4872    30389   22261       0
 249   1  0.136585E+08 0.393976E+04 0.5805E+02      0 0.0000E+00       0      0      0      0    36849    1601     288     724    4801    30805   22325       0
 250   1  0.138297E+08 0.392652E+04 0.3764E+02      0 0.0000E+00       0      0      0      0    36979    1670     292     713    4996    30786   22446       0
 251   1  0.140053E+08 0.406418E+04 0.1155E+02      0 0.0000E+00       0      0      0      0    37376    1644     288     702    4931    31577   22616       0
 252   1  0.141949E+08 0.405103E+04 0.2679E+02      0 0.0000E+00       0      0      0      0    37607    1658     313     715    4905    31669   23062       0
 253   1  0.143999E+08 0.411265E+04 0.3603E+02      0 0.0000E+00       0      0      0      0    38328    1644     318     761    5031    32165   23481       0
 254   1  0.146069E+08 0.420081E+04 0.6769E+02      0 0.0000E+00       0      0      0      0    38864    1688     311     671    4934    32597   23385       0
 255   1  0.148296E+08 0.428503E+04 0.5828E+02      0 0.0000E+00       0      0      0      0    38583    1685     296     707    4824    33318   23919       0
 256   1  0.150754E+08 0.431812E+04 0.3062E+02      0 0.0000E+00       0      0      0      0    39175    1766     288     710    5003    33901   23866       0
 257   1  0.153343E+08 0.442296E+04 0.4994E+02      0 0.0000E+00       0      0      0      0    40092    1732     305     696    5043    34285   24430       0
 258   1  0.156093E+08 0.447416E+04 0.4172E+02      0 0.0000E+00       0      0      0      0    40578    1722     306     726    5052    35165   24500       0
 259   1  0.159105E+08 0.455703E+04 0.2035E+02      0 0.0000E+00       0      0      0      0    41296    1818     313     687    5210    35648   24966       0
 260   1  0.162286E+08 0.461510E+04 0.3394E+02      0 0.0000E+00       0      0      0      0    41421    1775     310     643    5231    36196   25049       0
 261   1  0.165837E+08 0.460777E+04 0.4207E+02      0 0.0000E+00       0      0      0      0    42556    1795     281     715    5184    36798   25614       0
 262   1  0.169739E+08 0.475478E+04 0.6164E+02      0 0.0000E+00       0      0      0      0    44073    1796     283     670    5361    37590   26013       0
 263   1  0.174031E+08 0.484728E+04 0.5340E+02      0 0.0000E+00       0      0      0      0    45658    1786     333     691    5378    38201   26546       0
 264   1  0.178771E+08 0.500979E+04 0.3769E+02      0 0.0000E+00       0      0      0      0    47385    1794     310     643    5509    38760   26870       0
 265   1  0.184121E+08 0.496279E+04 0.3431E+02      0 0.0000E+00       0      0      0      0    50047    1840     314     637    5723    39189   27607       0
 266   1  0.190163E+08 0.509641E+04 0.3894E+02      0 0.0000E+00       0      0      0      0    54040    1741     328     611    6065    39909   28373       0
 267   1  0.197025E+08 0.507291E+04 0.2350E+02      0 0.0000E+00       0      0      0      0    59026    1800     355     650    6071    39721   29199       0
 268   1  0.204902E+08 0.516170E+04 0.7392E+02      0 0.0000E+00       0      0      0      0    66635    1837     349     548    6027    40637   29985       0
 269   1  0.214126E+08 0.526351E+04 0.8106E+02      0 0.0000E+00       0      0      0      0    78008    1927     302     587    6558    41197   31712       0
 270   1  0.224943E+08 0.517645E+04 0.1210E+03      0 0.0000E+00       0      0      0      0    96611    1870     295     566    6377    40781   32685       0
 271   1  0.237762E+08 0.518603E+04 0.1441E+03      0 0.0000E+00       0      0      0      0   128654    1908     266     474    6360    40743   34890       0
 272   1  0.252893E+08 0.519155E+04 0.1605E+03      0 0.0000E+00       0      0      0      0   183278    1840     277     470    6194    40605   37907       0
 273   1  0.270185E+08 0.500999E+04 0.2353E+03      0 0.0000E+00       0      0      0      0   275637    1800     214     387    5915    39175   42234       0
 274   1  0.288493E+08 0.488157E+04 0.3335E+03      0 0.0000E+00       0      0      0      0   420147    1682     199     334    5369    38048   48339       0
 275   1  0.305130E+08 0.453557E+04 0.3961E+03      0 0.0000E+00       0      0      0      0   627136    1558     141     244    4783    35320   56402       0
 276   1  0.315524E+08 0.412092E+04 0.3211E+03      0 0.0000E+00       0      0      0      0   885288    1285     123     184    3958    32153   64877       0
 277   1  0.314462E+08 0.351908E+04 0.3413E+03      0 0.0000E+00       0      0      0      0  1157538    1081      78     143    3336    27444   72118       0
 278   1  0.297081E+08 0.289545E+04 0.3471E+03      0 0.0000E+00       0      0      0      0  1379169     779      69      95    2491    22521   76319       0
 279   1  0.262364E+08 0.223572E+04 0.2745E+03      0 0.0000E+00       0      0      0      0  1482154     592      60      67    1772    17578   73743       0
 280   1  0.213795E+08 0.161863E+04 0.1774E+03      0 0.0000E+00       0      0      0      0  1432199     432      53      53    1324    12582   66178       0
 281   1  0.158506E+08 0.113442E+04 0.1722E+03      0 0.0000E+00       0      0      0      0  1229071     291      52      43     902     8943   53708       0
 282   1  0.106165E+08 0.788249E+03 0.9170E+02      0 0.0000E+00       0      0      0      0   930575     237      58      38     708     6021   39021       0
 283   1  0.637595E+07 0.557152E+03 0.6727E+02      0 0.0000E+00       0      0      0      0   622868     178      64      35     555     4196   25908       0
 284   1  0.341710E+07 0.399557E+03 0.1903E+02      0 0.0000E+00       0      0      0      0   365886     133      36      29     487     3075   15639       0
 285   1  0.163569E+07 0.340327E+03 0.6754E+01      0 0.0000E+00       0      0      0      0   188616     159      38      27     475     2686    9269       0
 286   1  0.706486E+06 0.307011E+03 0.2146E+02      0 0.0000E+00       0      0      0      0    85024     126      49      30     439     2261    5592       0
 287   1  0.291602E+06 0.311716E+03 0.1369E+02      0 0.0000E+00       0      0      0      0    34374     127      61      33     453     2339    3915       0
 288   1  0.129448E+06 0.295287E+03 0.0000E+00      0 0.0000E+00       0      0      0      0    12891     137      56      25     409     2255    3155       0
 289   1  0.756675E+05 0.285181E+03 0.4278E+01      0 0.0000E+00       0      0      0      0     5230     137      44      25     414     2191    2860       0
 290   1  0.604009E+05 0.275695E+03 0.1052E+02      0 0.0000E+00       0      0      0      0     2846     131      44      24     432     2117    2960       0
 291   1  0.562880E+05 0.286132E+03 0.1209E+02      0 0.0000E+00       0      0      0      0     2235     136      46      26     439     2117    2797       0
 292   1  0.560597E+05 0.266607E+03 0.2445E+02      0 0.0000E+00       0      0      0      0     2126     139      30      35     427     2075    2837       0
 293   1  0.564545E+05 0.281914E+03 0.3289E+01      0 0.0000E+00       0      0      0      0     2206     159      56      20     396     2159    2884       0
 294   1  0.550657E+05 0.269481E+03 0.9253E+01      0 0.0000E+00       0      0      0      0     2050     139      54      15     411     2098    2735       0
 295   1  0.548181E+05 0.268521E+03 0.7240E+01      0 0.0000E+00       0      0      0      0     2049     119      40      26     370     2059    2743       0
 296   1  0.549722E+05 0.267015E+03 0.5059E+01      0 0.0000E+00       0      0      0      0     2184     141      29      31     404     1998    2736       0
 297   1  0.540927E+05 0.264485E+03 0.2630E+02      0 0.0000E+00       0      0      0      0     2177     140      38      17     384     1990    2699       0
 298   1  0.525995E+05 0.260976E+03 0.6663E+01      0 0.0000E+00       0      0      0      0     1921     143      38      31     387     1993    2614       0
 299   1  0.525027E+05 0.279697E+03 0.0000E+00      0 0.0000E+00       0      0      0      0     2070     115      34      21     366     2094    2668       0
 300   1  0.527318E+05 0.270378E+03 0.2298E+02      0 0.0000E+00       0      0      0      0     1938     114      38      20     407     2035    2663       0
 301   1  0.525458E+05 0.253021E+03 0.1006E+02      0 0.0000E+00       0      0      0      0     2011     142      41      23     382     1913    2637       0
 302   1  0.521914E+05 0.259136E+03 0.7516E+01      0 0.0000E+00       0      0      0      0     1966     117      26      17     374     1961    2604       0
 303   1  0.528097E+05 0.267387E+03 0.1052E+02      0 0.0000E+00       0      0      0      0     1962     141      35      30     364     1993    2544       0
 304   1  0.526418E+05 0.250989E+03 0.0000E+00      0 0.0000E+00       0      0      0      0     1973     142      39      19     421     1943    2589       0
 305   1  0.528741E+05 0.270919E+03 0.1337E+02      0 0.0000E+00       0      0      0      0     2051     120      49      30     416     1975    2630       0
 306   1  0.515574E+05 0.266905E+03 0.5518E+01      0 0.0000E+00       0      0      0      0     1927     121      44      27     417     1976    2508       0
 307   1  0.511927E+05 0.246706E+03 0.0000E+00      0 0.0000E+00       0      0      0      0     1936     136      40      25     394     1884    2584       0
 308   1  0.498105E+05 0.245887E+03 0.0000E+00      0 0.0000E+00       0      0      0      0     1895     116      38      25     370     1928    2385       0
 309   1  0.490889E+05 0.248773E+03 0.0000E+00      0 0.0000E+00       0      0      0      0     1893     108      41      24     347     1878    2382       0
 310   1  0.487092E+05 0.245143E+03 0.5049E+01      0 0.0000E+00       0      0      0      0     1753     109      37      25     376     1863    2536       0
 311   1  0.493278E+05 0.243411E+03 0.1071E+02      0 0.0000E+00       0      0      0      0     1874     118      31      24     400     1852    2363       0
 312   1  0.483342E+05 0.248558E+03 0.1463E+02      0 0.0000E+00       0      0      0      0     1855     115      44      17     385     1803    2425       0
 313   1  0.481111E+05 0.244689E+03 0.2446E+01      0 0.0000E+00       0      0      0      0     1849     100      27      23     352     1721    2376       0
 314   1  0.477075E+05 0.255339E+03 0.0000E+00      0 0.0000E+00       0      0      0      0     1803     111      33      19     356     1937    2350       0
 315   1  0.476612E+05 0.241994E+03 0.0000E+00      0 0.0000E+00       0      0      0      0     1737     120      45      16     379     1847    2364       0
 316   1  0.469981E+05 0.232806E+03 0.1294E+02      0 0.0000E+00       0      0      0      0     1807     112      33      16     311     1703    2299       0
 317   1  0.468398E+05 0.228477E+03 0.0000E+00      0 0.0000E+00       0      0      0      0     1845      96      38      16     336     1691    2266       0
 318   1  0.462605E+05 0.221901E+03 0.0000E+00      0 0.0000E+00       0      0      0      0     1728     114      28      22     354     1657    2338       0
 319   1  0.466499E+05 0.230300E+03 0.0000E+00      0 0.0000E+00       0      0      0      0     1704     113      37      20     319     1722    2282       0
 320   1  0.461832E+05 0.239858E+03 0.1405E+02      0 0.0000E+00       0      0      0      0     1756     125      36      21     336     1837    2267       0
 321   1  0.456964E+05 0.214663E+03 0.4004E+01      0 0.0000E+00       0      0      0      0     1716     113      33      20     308     1654    2271       0
 322   1  0.461943E+05 0.226866E+03 0.6685E+01      0 0.0000E+00       0      0      0      0     1705     110      40      21     348     1702    2231       0
 323   1  0.454255E+05 0.222636E+03 0.0000E+00      0 0.0000E+00       0      0      0      0     1694     111      35      16     315     1703    2172       0
 324   1  0.454298E+05 0.224305E+03 0.1586E+02      0 0.0000E+00       0      0      0      0     1666     127      32      26     306     1654    2209       0
 325   1  0.452315E+05 0.216340E+03 0.4009E+01      0 0.0000E+00       0      0      0      0     1687     110      32      23     308     1644    2139       0
 326   1  0.443186E+05 0.228524E+03 0.1056E+02      0 0.0000E+00       0      0      0      0     1664     100      30      16     326     1613    2053       0
 327   1  0.438382E+05 0.220759E+03 0.0000E+00      0 0.0000E+00       0      0      0      0     1624     103      32      14     283     1688    2105       0
 328   1  0.440775E+05 0.206127E+03 0.7072E+01      0 0.0000E+00       0      0      0      0     1674     131      43      20     319     1543    2125       0
 329   1  0.431700E+05 0.225682E+03 0.9641E+01      0 0.0000E+00       0      0      0      0     1603     118      21      28     267     1701    2028       0
 330   1  0.427497E+05 0.205117E+03 0.6752E+01      0 0.0000E+00       0      0      0      0     1566     109      35      15     290     1548    2012       0
 331   1  0.431232E+05 0.216560E+03 0.8650E+01      0 0.0000E+00       0      0      0      0     1623      84      21      21     328     1600    2001       0
 332   1  0.421959E+05 0.201822E+03 0.0000E+00      0 0.0000E+00       0      0      0      0     1509     117      33      17     274     1519    2066       0
 333   1  0.429262E+05 0.215396E+03 0.7446E+01      0 0.0000E+00       0      0      0      0     1610     125      28      17     299     1528    2109       0
 334   1  0.419967E+05 0.201992E+03 0.6421E+01      0 0.0000E+00       0      0      0      0     1543      99      34      20     288     1568    2008       0
 335   1  0.412962E+05 0.188283E+03 0.3385E+01      0 0.0000E+00       0      0      0      0     1498      95      29      17     314     1461    1970       0
 336   1  0.425007E+05 0.201583E+03 0.6421E+01      0 0.0000E+00       0      0      0      0     1541     101      34      25     330     1488    2044       0
 337   1  0.416876E+05 0.204946E+03 0.0000E+00      0 0.0000E+00       0      0      0      0     1491     103      30      25     278     1566    1959       0
 338   1  0.417296E+05 0.209959E+03 0.1979E+02      0 0.0000E+00       0      0      0      0     1515      96      32      21     307     1513    1991       0
 339   1  0.412264E+05 0.197523E+03 0.0000E+00      0 0.0000E+00       0      0      0      0     1570      89      31      23     285     1489    1980       0
 340   1  0.413898E+05 0.198835E+03 0.6550E+01      0 0.0000E+00       0      0      0      0     1471     101      30      16     303     1509    1981       0
 341   1  0.402155E+05 0.205638E+03 0.0000E+00      0 0.0000E+00       0      0      0      0     1489     104      25      21     299     1498    1942       0
 342   1  0.402086E+05 0.194663E+03 0.0000E+00      0 0.0000E+00       0      0      0      0     1427      89      29      15     280     1418    1882       0
 343   1  0.403785E+05 0.193490E+03 0.0000E+00      0 0.0000E+00       0      0      0      0     1464     110      43      14     275     1503    1832       0
 344   1  0.404974E+05 0.182272E+03 0.1010E+02      0 0.0000E+00       0      0      0      0     1482     102      29      22     292     1437    1907       0
 345   1  0.395371E+05 0.185384E+03 0.9268E+01      0 0.0000E+00       0      0      0      0     1415     104      38      23     290     1392    1866       0
 346   1  0.391212E+05 0.174841E+03 0.1984E+02      0 0.0000E+00       0      0      0      0     1349      78      39      19     249     1358    1805       0
 347   1  0.400208E+05 0.181912E+03 0.1746E+02      0 0.0000E+00       0      0      0      0     1479     104      49      14     291     1377    1845       0
 348   1  0.391532E+05 0.191968E+03 0.0000E+00      0 0.0000E+00       0      0      0      0     1435     108      25      17     315     1424    1806       0
 349   1  0.383630E+05 0.185854E+03 0.0000E+00      0 0.0000E+00       0      0      0      0     1379      78      23      19     287     1314    1859       0
 350   1  0.378941E+05 0.180000E+03 0.7410E+01      0 0.0000E+00       0      0      0      0     1372      78      31      30     259     1340    1811       0
 351   1  0.378044E+05 0.181580E+03 0.2283E+02      0 0.0000E+00       0      0      0      0     1374      90      30      18     292     1334    1789       0
 352   1  0.375725E+05 0.182188E+03 0.2602E+01      0 0.0000E+00       0      0      0      0     1338      88      24      26     263     1351    1756       0
 353   1  0.377750E+05 0.177679E+03 0.1731E+02      0 0.0000E+00       0      0      0      0     1368     106      21      11     266     1324    1820       0
 354   1  0.377113E+05 0.167537E+03 0.1580E+02      0 0.0000E+00       0      0      0      0     1380      88      30      18     279     1273    1741       0
 355   1  0.368039E+05 0.169460E+03 0.6360E+01      0 0.0000E+00       0      0      0      0     1350      89      26      13     262     1282    1737       0
 356   1  0.368456E+05 0.171257E+03 0.0000E+00      0 0.0000E+00       0      0      0      0     1303      89      26      21     273     1316    1636       0
 357   1  0.359322E+05 0.174867E+03 0.7558E+01      0 0.0000E+00       0      0      0      0     1329      98      37      17     230     1263    1667       0
 358   1  0.355631E+05 0.170286E+03 0.6557E+01      0 0.0000E+00       0      0      0      0     1238      87      33      19     255     1248    1635       0
 359   1  0.358010E+05 0.167176E+03 0.0000E+00      0 0.0000E+00       0      0      0      0     1271      88      33      11     235     1270    1668       0
 360   1  0.360891E+05 0.172313E+03 0.6091E+01      0 0.0000E+00       0      0      0      0     1255     104      25      13     288     1279    1674       0
 361   1  0.351045E+05 0.161907E+03 0.6227E+01      0 0.0000E+00       0      0      0      0     1326      70      28      10     239     1223    1666       0
 362   1  0.351182E+05 0.174304E+03 0.1652E+02      0 0.0000E+00       0      0      0      0     1188      87      21      19     265     1313    1585       0
 363   1  0.345711E+05 0.154397E+03 0.1515E+02      0 0.0000E+00       0      0      0      0     1215      78      19      17     237     1251    1547       0
 364   1  0.349758E+05 0.170350E+03 0.7474E+01      0 0.0000E+00       0      0      0      0     1233      93      30      21     253     1237    1660       0
 365   1  0.344412E+05 0.159396E+03 0.2812E+01      0 0.0000E+00       0      0      0      0     1202      89      33      16     185     1232    1616       0
 366   1  0.346318E+05 0.163563E+03 0.1019E+02      0 0.0000E+00       0      0      0      0     1242      71      25      12     251     1213    1602       0
 367   1  0.347027E+05 0.158521E+03 0.6905E+01      0 0.0000E+00       0      0      0      0     1187      94      32      15     250     1172    1569       0
 368   1  0.345839E+05 0.160136E+03 0.2467E+02      0 0.0000E+00       0      0      0      0     1185      83      26      16     238     1178    1513       0
 369   1  0.343569E+05 0.154129E+03 0.0000E+00      0 0.0000E+00       0      0      0      0     1181      77      27      20     270     1133    1533       0
 370   1  0.337194E+05 0.157115E+03 0.6355E+01      0 0.0000E+00       0      0      0      0     1171      73      30      23     249     1180    1508       0
 371   1  0.335807E+05 0.155885E+03 0.7964E+01      0 0.0000E+00       0      0      0      0     1179      81      29      18     235     1185    1489       0
 372   1  0.324774E+05 0.160257E+03 0.6449E+01      0 0.0000E+00       0      0      0      0     1118      75      16      13     226     1198    1463       0
 373   1  0.331155E+05 0.159199E+03 0.0000E+00      0 0.0000E+00       0      0      0      0     1122      74      26      15     217     1179    1482       0
 374   1  0.332453E+05 0.148796E+03 0.8379E+01      0 0.0000E+00       0      0      0      0     1102      85      26      18     219     1149    1460       0
 375   1  0.328669E+05 0.147172E+03 0.0000E+00      0 0.0000E+00       0      0      0      0     1184      80      26      11     227     1137    1443       0
 376   1  0.321383E+05 0.140001E+03 0.0000E+00      0 0.0000E+00       0      0      0      0     1175      73      21      19     205     1077    1412       0
 377   1  0.319529E+05 0.137764E+03 0.1158E+02      0 0.0000E+00       0      0      0      0     1097      83      28      18     197     1052    1460       0
 378   1  0.315449E+05 0.146671E+03 0.0000E+00      0 0.0000E+00       0      0      0      0     1083      71      18      21     221     1080    1420       0
 379   1  0.319095E+05 0.138372E+03 0.1261E+02      0 0.0000E+00       0      0      0      0     1120      73      29      20     216     1071    1474       0
 380   1  0.315737E+05 0.160295E+03 0.2697E+01      0 0.0000E+00       0      0      0      0     1114      68      26      21     215     1103    1435       0
 381   1  0.309016E+05 0.148627E+03 0.0000E+00      0 0.0000E+00       0      0      0      0     1135      68      21      12     219     1091    1435       0
 382   1  0.308877E+05 0.149849E+03 0.7375E+01      0 0.0000E+00       0      0      0      0     1086      64      27      18     217     1103    1402       0
 383   1  0.312268E+05 0.137006E+03 0.0000E+00      0 0.0000E+00       0      0      0      0     1104      66      33      17     206     1030    1412       0
 384   1  0.305493E+05 0.135674E+03 0.1029E+02      0 0.0000E+00       0      0      0      0     1062      62      22      13     218     1041    1358       0
 385   1  0.301226E+05 0.138808E+03 0.6313E+01      0 0.0000E+00       0      0      0      0     1052      79      20      18     218     1030    1328       0
 386   1  0.302093E+05 0.132872E+03 0.1106E+02      0 0.0000E+00       0      0      0      0     1036      86      28      21     200      998    1319       0
 387   1  0.292878E+05 0.133923E+03 0.0000E+00      0 0.0000E+00       0      0      0      0     1020      77      31      15     157     1017    1379       0
 388   1  0.298481E+05 0.133044E+03 0.1048E+02      0 0.0000E+00       0      0      0      0     1028      77      24      22     232     1000    1321       0
 389   1  0.291825E+05 0.136893E+03 0.6362E+01      0 0.0000E+00       0      0      0      0      970      64      28      10     228     1006    1296       0
 390   1  0.297937E+05 0.133109E+03 0.7563E+01      0 0.0000E+00       0      0      0      0      976      71      30       8     237      986    1319       0
 391   1  0.300313E+05 0.127146E+03 0.1188E+02      0 0.0000E+00       0      0      0      0      965      74      31      13     221      967    1326       0
 392   1  0.294829E+05 0.136203E+03 0.7698E+01      0 0.0000E+00       0      0      0      0      976      68      28      14     207     1013    1281       0
 393   1  0.293248E+05 0.125436E+03 0.0000E+00      0 0.0000E+00       0      0      0      0     1070      59      25      10     193      961    1318       0
 394   1  0.296284E+05 0.123788E+03 0.0000E+00      0 0.0000E+00       0      0      0      0      987      71      32      23     216      983    1347       0
 395   1  0.289508E+05 0.123305E+03 0.6363E+01      0 0.0000E+00       0      0      0      0      967      71      27      10     167      917    1259       0
 396   1  0.285943E+05 0.120075E+03 0.0000E+00      0 0.0000E+00       0      0      0      0      984      55      24      13     149      926    1236       0
 397   1  0.287745E+05 0.127883E+03 0.0000E+00      0 0.0000E+00       0      0      0      0     1018      66      22       3     208      969    1175       0
 398   1  0.283802E+05 0.129569E+03 0.1539E+02      0 0.0000E+00       0      0      0      0      958      72      23      14     201      944    1220       0
 399   1  0.271084E+05 0.116217E+03 0.0000E+00      0 0.0000E+00       0      0      0      0      930      57      31      13     173      904    1195       0
 400   1  0.270218E+05 0.127809E+03 0.1106E+02      0 0.0000E+00       0      0      0      0      903      55      23      10     171      958    1201       0
 401   0  0.000000E+00 0.000000E+00 0.0000E+00      0 0.0000E+00       0      0      0      0        0       0       0       0       0        0       0       0
  SUMM:   0.294754E+10 0.635114E+06 0.1339E+05     98 0.1101E+04       0      0      0      0 19388727  509553  119508  249017 1343844  4590255 6447282       0
 ZONE  MED     C10     C11     N12     N13     O13     O14     O15     F17     F18
    1    1     515    1215       0     498       6     141    2696       0       2
    2    1     465    1196       0     489       5     149    2740       1       1
    3    1     461    1213       0     524       8     142    2741       0       0
    4    1     466    1198       1     520       6     135    2730       1       1
    5    1     496    1150       0     502       3     148    2707       0       0
    6    1     458    1168       0     495       6     143    2756       0       0
    7    1     463    1179       0     514       9     149    2722       1       0
    8    1     488    1240       0     516       2     119    2783       0       0
    9    1     529    1194       0     558       5     155    2746       0       0
   10    1     511    1244       0     526       4     133    2834       1       0
   11    1     473    1222       0     503       4     175    2793       1       0
   12    1     529    1204       1     512       7     151    2768       0       0
   13    1     458    1210       0     523       2     158    2697       2       0
   14    1     530    1192       0     542       5     134    2908       0       0
   15    1     492    1250       0     494       6     152    2805       0       0
   16    1     499    1196       0     540       9     152    2777       0       0
   17    1     479    1220       0     487       2     133    2963       0       0
   18    1     512    1244       0     509       4     137    2855       0       0
   19    1     463    1229       0     510       4     150    2708       1       0
   20    1     472    1257       0     505       6     131    2809       0       0
   21    1     506    1278       0     509       6     160    2920       1       0
   22    1     499    1234       0     529       5     137    2840       1       0
   23    1     510    1240       0     523       3     150    2789       1       1
   24    1     521    1283       0     545       4     140    2771       0       1
   25    1     468    1237       0     579       6     131    2858       0       1
   26    1     469    1249       0     489       5     139    2925       1       0
   27    1     508    1148       1     504       6     149    2803       2       0
   28    1     543    1239       0     595       3     156    2934       2       0
   29    1     495    1219       0     537       7     161    2885       0       1
   30    1     490    1323       0     576       6     147    2959       0       1
   31    1     515    1264       0     541       2     162    2939       0       0
   32    1     496    1252       0     561       7     157    2968       0       0
   33    1     480    1192       0     507       2     159    2984       0       1
   34    1     509    1208       0     549       6     144    2859       0       0
   35    1     474    1245       0     532       7     167    2961       0       1
   36    1     469    1248       0     535       7     148    2853       0       0
   37    1     494    1198       0     503       4     163    2884       1       0
   38    1     522    1232       0     549       3     157    2845       0       0
   39    1     507    1242       0     569       2     147    2956       0       0
   40    1     495    1200       1     529       5     164    2870       1       0
   41    1     508    1275       0     530       5     143    2848       0       1
   42    1     465    1259       0     522       5     135    2983       0       0
   43    1     487    1224       0     568       4     138    2952       0       0
   44    1     527    1233       0     521       4     165    2956       1       1
   45    1     498    1276       0     526       6     149    2875       0       1
   46    1     501    1228       0     523       2     166    2884       1       0
   47    1     497    1193       0     507       4     137    2949       0       0
   48    1     490    1283       0     524       4     165    2884       0       0
   49    1     456    1217       0     533       5     139    2976       0       0
   50    1     495    1282       0     528       4     139    2901       1       0
   51    1     505    1273       0     528       9     140    2968       1       0
   52    1     490    1190       0     594       4     159    2961       0       0
   53    1     489    1279       1     565       1     149    2918       0       0
   54    1     492    1280       0     538       6     147    2971       1       0
   55    1     504    1171       0     528       5     110    2963       0       0
   56    1     486    1283       0     513       7     175    2893       1       0
   57    1     509    1271       0     517       5     148    2976       1       1
   58    1     531    1313       0     501       3     132    2983       0       0
   59    1     461    1255       0     536       4     141    2964       0       0
   60    1     490    1299       0     523       6     156    2993       0       0
   61    1     492    1281       0     548       9     152    2980       2       0
   62    1     519    1254       0     546       7     162    3047       1       0
   63    1     446    1273       0     474       3     155    3030       0       2
   64    1     469    1228       0     501       6     168    3019       0       1
   65    1     488    1270       0     550       5     144    3021       1       1
   66    1     478    1228       0     541       0     151    2988       1       0
   67    1     542    1218       0     507       2     146    3010       0       0
   68    1     495    1233       1     548       7     136    2989       2       1
   69    1     501    1264       0     507       5     164    3074       2       0
   70    1     473    1254       0     571       2     147    3045       0       0
   71    1     495    1231       0     534       6     161    3019       1       0
   72    1     492    1252       0     498       6     159    3070       1       0
   73    1     503    1219       0     546       3     166    3002       0       0
   74    1     489    1222       0     500       3     151    2970       3       1
   75    1     479    1255       0     504       3     147    3039       0       0
   76    1     513    1247       0     545       4     171    3034       0       0
   77    1     499    1217       0     521       9     141    3012       1       0
   78    1     504    1147       0     467       8     146    2933       0       1
   79    1     483    1241       0     563       5     146    3044       4       0
   80    1     459    1288       0     523       6     144    3073       1       0
   81    1     491    1237       0     564       7     149    3065       0       1
   82    1     520    1242       0     533       1     160    2950       1       1
   83    1     489    1203       0     535       9     156    3031       0       1
   84    1     479    1243       0     547       4     170    3067       0       1
   85    1     476    1244       0     590       4     159    3061       0       1
   86    1     496    1264       0     570       5     148    3044       0       1
   87    1     506    1230       0     561      11     144    2956       0       1
   88    1     468    1216       0     527       2     148    3018       2       0
   89    1     478    1268       0     539       5     142    3062       0       2
   90    1     465    1296       0     575       1     143    3064       0       1
   91    1     519    1305       0     606       3     143    3033       1       1
   92    1     486    1280       0     582       4     139    2988       2       2
   93    1     465    1184       0     558       1     170    2929       2       2
   94    1     490    1251       1     557       6     154    2992       0       0
   95    1     462    1226       0     522       6     150    3001       0       1
   96    1     455    1259       0     583       1     158    3055       1       0
   97    1     471    1201       0     559       5     144    2973       0       1
   98    1     471    1276       0     558       8     154    3021       0       0
   99    1     478    1248       0     543       5     163    3001       2       1
  100    1     481    1228       1     544       6     146    2992       0       0
  101    1     483    1289       0     555       9     155    2997       0       0
  102    1     493    1238       0     529       4     162    3043       0       0
  103    1     493    1214       0     507       1     147    3064       1       0
  104    1     489    1238       0     568       5     149    3029       1       0
  105    1     519    1281       0     566       7     141    3144       0       0
  106    1     458    1275       0     570       4     165    3010       1       1
  107    1     484    1261       0     523       4     172    2987       0       0
  108    1     492    1261       0     579       4     152    3060       0       1
  109    1     491    1303       0     545       3     133    3102       0       0
  110    1     438    1254       0     529       6     178    2960       1       0
  111    1     432    1168       0     548       1     166    3055       0       0
  112    1     502    1218       0     557       3     146    3007       0       2
  113    1     460    1295       0     485       6     151    3148       1       1
  114    1     440    1216       1     536       5     133    3030       0       0
  115    1     480    1254       0     505       3     167    2979       0       1
  116    1     484    1230       0     509       2     127    3049       1       0
  117    1     484    1257       1     545       8     157    3046       0       1
  118    1     507    1242       0     514       8     152    3007       0       1
  119    1     491    1173       0     551       8     160    3118       2       0
  120    1     455    1210       0     527       7     148    3028       1       0
  121    1     471    1266       1     526       5     164    3017       0       2
  122    1     489    1251       0     564       3     151    3031       0       1
  123    1     475    1196       0     526       4     153    3064       0       0
  124    1     509    1213       0     555       2     165    3049       1       0
  125    1     456    1155       0     583       2     149    3059       1       1
  126    1     476    1242       0     523       5     146    2955       1       0
  127    1     470    1239       0     540       2     144    3012       0       0
  128    1     466    1210       0     537       3     151    2911       0       1
  129    1     447    1170       0     520       8     140    3128       0       1
  130    1     476    1226       0     530       9     164    3104       0       0
  131    1     506    1185       0     540       3     175    3118       1       0
  132    1     466    1216       0     546       8     168    3065       0       0
  133    1     468    1269       0     478       3     165    2959       0       0
  134    1     464    1238       0     529       2     172    2939       0       1
  135    1     462    1191       0     531       4     170    3065       0       0
  136    1     476    1222       0     560       7     169    3007       1       0
  137    1     491    1234       0     551      10     148    3011       2       0
  138    1     440    1264       0     539       2     154    3116       1       0
  139    1     482    1201       0     537       8     164    3012       0       0
  140    1     464    1255       0     512       2     152    3066       0       0
  141    1     452    1286       0     578      10     156    2932       0       0
  142    1     445    1197       1     520       7     159    3030       0       1
  143    1     477    1227       2     552       6     170    3033       0       0
  144    1     495    1209       0     552       4     147    3027       1       0
  145    1     494    1249       0     576       2     174    3100       0       0
  146    1     496    1172       0     541       6     159    3135       0       1
  147    1     458    1172       1     588       6     150    3057       0       0
  148    1     482    1230       0     507      10     157    3069       0       0
  149    1     445    1241       0     537       6     137    3098       0       2
  150    1     452    1238       1     569       7     163    3041       1       1
  151    1     472    1202       0     529       3     150    2966       1       1
  152    1     492    1280       1     558       7     153    3094       0       0
  153    1     488    1247       0     555       4     134    3079       1       0
  154    1     418    1243       1     540       5     145    3132       0       0
  155    1     478    1244       0     536       5     181    3028       0       0
  156    1     473    1252       0     538       5     156    3024       0       2
  157    1     467    1218       0     526       5     144    3102       2       1
  158    1     522    1203       0     517       7     138    3146       3       1
  159    1     464    1236       0     554       5     146    3071       1       4
  160    1     459    1166       0     541       4     145    3020       0       0
  161    1     475    1243       0     538       5     169    3051       1       2
  162    1     484    1249       0     469       6     144    3060       1       0
  163    1     464    1209       0     520       4     160    3048       1       0
  164    1     489    1235       0     564      11     137    3056       0       0
  165    1     419    1200       0     534       5     173    3053       2       0
  166    1     445    1243       0     518       2     167    3188       1       0
  167    1     460    1195       0     537       6     122    3128       1       1
  168    1     457    1183       0     592       3     157    3015       0       1
  169    1     450    1194       0     510       4     150    3112       0       0
  170    1     475    1192       1     528       1     142    3103       0       0
  171    1     438    1175       0     568       0     151    3020       1       0
  172    1     457    1234       2     569       4     161    3167       2       4
  173    1     481    1239       0     536       2     156    3090       0       1
  174    1     461    1155       0     519       2     170    3083       0       0
  175    1     389    1167       0     543       4     136    2997       0       0
  176    1     446    1223       0     532       7     149    3064       0       1
  177    1     448    1152       1     527       6     142    3073       0       0
  178    1     431    1207       0     525       9     168    3021       0       2
  179    1     468    1203       0     501       3     167    3084       0       0
  180    1     454    1245       0     524       2     176    3027       3       1
  181    1     474    1234       0     540       4     144    3074       2       0
  182    1     441    1166       0     513       8     162    2924       0       0
  183    1     457    1254       0     524       4     166    3095       0       1
  184    1     455    1210       0     532       6     171    3021       0       0
  185    1     471    1211       0     479       5     147    3113       0       0
  186    1     457    1176       0     577       2     159    3061       0       1
  187    1     408    1246       0     528       9     165    3168       1       2
  188    1     443    1224       1     510       4     149    3068       0       1
  189    1     446    1084       0     534       3     163    3026       0       1
  190    1     434    1200       1     547       7     151    2997       2       0
  191    1     418    1110       0     544       6     154    3083       0       1
  192    1     483    1126       0     513       5     144    3032       0       0
  193    1     469    1161       0     516       2     156    3103       0       3
  194    1     425    1221       0     568       5     133    3089       1       0
  195    1     484    1231       0     504       3     159    3018       2       0
  196    1     388    1130       1     541       6     136    3212       1       1
  197    1     410    1107       0     558       5     126    2991       0       1
  198    1     419    1190       0     576       2     147    3190       0       0
  199    1     415    1119       1     563       3     146    3055       1       1
  200    1     443    1128       0     542       4     143    3102       0       0
  201    1     427    1181       0     537       5     160    3162       0       0
  202    1     412    1105       0     530       7     138    3033       0       0
  203    1     403    1133       1     555       5     139    3120       0       0
  204    1     408    1151       0     549       5     150    3093       0       1
  205    1     421    1243       0     539       8     167    3155       0       1
  206    1     455    1183       0     552       4     145    3112       0       0
  207    1     438    1208       0     570       5     161    3091       0       0
  208    1     414    1140       1     536       1     171    3074       0       1
  209    1     432    1120       0     556       7     141    3210       0       1
  210    1     468    1208       2     559       4     150    3040       1       0
  211    1     405    1166       0     551       5     145    3126       0       0
  212    1     446    1156       0     521       8     158    3172       1       1
  213    1     446    1190       0     549       4     174    3192       0       0
  214    1     409    1131       1     532       5     145    3124       2       0
  215    1     436    1178       1     520       4     150    3273       1       0
  216    1     446    1167       0     544       6     165    3198       0       1
  217    1     419    1159       0     564       9     163    3129       2       0
  218    1     415    1121       0     549       1     147    3196       0       0
  219    1     416    1184       0     593       8     164    3238       0       1
  220    1     428    1099       0     576       2     160    3126       1       1
  221    1     428    1123       0     549       5     157    3261       1       1
  222    1     360    1104       1     569       5     155    3210       0       0
  223    1     409    1097       0     533       7     142    3191       0       1
  224    1     372    1163       0     544       5     153    3176       1       0
  225    1     444    1174       0     555       7     193    3228       1       0
  226    1     420    1116       0     587       3     143    3135       0       0
  227    1     392    1099       0     563       6     129    3282       1       0
  228    1     399    1096       0     575       5     149    3235       1       0
  229    1     432    1128       1     542       6     173    3295       1       1
  230    1     381    1052       0     555      11     180    3231       0       1
  231    1     397    1129       1     583       4     160    3194       1       2
  232    1     410    1037       1     579       5     165    3300       1       0
  233    1     410    1116       0     556       7     169    3265       0       0
  234    1     365    1110       0     539       7     149    3228       0       0
  235    1     381    1082       0     546       3     160    3280       0       1
  236    1     369    1055       0     544       3     159    3313       2       0
  237    1     387    1060       0     566       3     167    3347       0       1
  238    1     370    1105       0     570       5     179    3264       1       0
  239    1     371    1065       0     590       9     176    3370       2       1
  240    1     340    1054       0     606       9     161    3369       3       2
  241    1     352    1066       0     618       4     155    3248       2       1
  242    1     352    1031       0     591       4     182    3332       2       0
  243    1     355    1075       0     559       4     181    3497       1       0
  244    1     361    1057       0     601       6     205    3490       0       2
  245    1     348    1077       0     545       8     195    3439       2       0
  246    1     355    1048       0     581       4     162    3684       0       1
  247    1     359    1075       1     648       6     183    3694       1       0
  248    1     352    1019       0     593       3     195    3538       0       0
  249    1     323     950       0     623       3     181    3663       0       1
  250    1     315    1027       0     658       9     205    3844       0       1
  251    1     345     981       0     604       5     209    3805       2       1
  252    1     325     919       0     610       1     203    3959       1       0
  253    1     335     961       0     668       4     196    3924       0       0
  254    1     333     858       0     648       6     197    4001       2       0
  255    1     325     885       0     662       5     195    4204       2       0
  256    1     286     876       0     674       1     190    4223       1       2
  257    1     319     845       0     679       3     199    4267       0       2
  258    1     282     775       0     663       0     199    4431       2       1
  259    1     255     794       0     668       4     204    4563       1       0
  260    1     241     774       0     674       3     206    4486       1       0
  261    1     259     676       0     648       1     221    4504       0       2
  262    1     224     710       0     659       4     254    4698       3       1
  263    1     196     692       0     654       0     226    4913       2       0
  264    1     181     594       1     615       1     234    4998       1       2
  265    1     155     552       0     613       0     279    5159       2       3
  266    1     119     534       0     522       1     256    5347       2       0
  267    1     115     502       0     566       0     213    5422       2       0
  268    1      78     438       0     522       0     224    5449       1       5
  269    1      44     367       0     458       0     203    5675       1       2
  270    1      26     303       0     392       0     214    5682       2       2
  271    1      17     241       0     344       0     192    5632       5       1
  272    1      15     179       0     320       0     172    5536       2       0
  273    1      11     133       0     298       0     125    5254       2       5
  274    1       8      99       1     279       0     132    4851       3       5
  275    1       4      70       0     204       0      72    4243       3       7
  276    1       5      41       0     189       0      61    3442       5       4
  277    1       6      44       0     181       0      40    2707       5       6
  278    1       4      22       0     154       0      34    1863       6       2
  279    1       6      35       0     105       0      15    1361       7       3
  280    1       7      21       0      96       0       7     843       3       4
  281    1       6      20       0      61       0       2     454       6       3
  282    1       3      32       0      49       0       2     324       2       1
  283    1       7      28       0      23       0       5     203       2       1
  284    1       6      20       0      18       0       1     140       1       1
  285    1       2      22       0      21       0       1     127       1       0
  286    1       6      30       0       9       0       4     107       0       1
  287    1       5      25       0       9       0       3     117       0       0
  288    1       2      24       0       6       0       4     114       0       0
  289    1       5      26       0      15       0       3      97       0       0
  290    1       2      32       0       7       0       1     100       0       0
  291    1       5      25       0       8       0       2     102       0       0
  292    1       1      28       0      11       0       4     115       0       0
  293    1       1      21       0      10       0       1     124       0       0
  294    1       4      31       0      13       0       1      96       0       0
  295    1       2      22       0      14       0       2     138       0       0
  296    1       2      26       0      14       0       0      96       0       0
  297    1       6      20       0       9       0       2     109       0       0
  298    1       1      35       0       9       0       1     113       0       0
  299    1       6      24       0       7       0       3      91       0       0
  300    1       5      23       0       6       0       2     107       0       0
  301    1       6      29       0       7       0       3      98       0       0
  302    1       5      29       0       7       0       2     107       0       0
  303    1       6      14       0      16       0       2      98       0       0
  304    1       7      19       0       6       0       1     103       1       0
  305    1       5      32       0       8       0       1     112       0       0
  306    1       2      31       0      11       0       1      94       0       0
  307    1       4      24       0       6       0       3     101       0       0
  308    1       3      25       0      10       0       1     100       0       0
  309    1       5      27       0       7       0       3      80       0       0
  310    1       2      28       0       9       0       2     104       0       0
  311    1       5      29       0       2       0       2      94       0       0
  312    1       4      19       0      10       0       0      97       0       0
  313    1       4      20       0       7       0       2      75       0       0
  314    1       4      32       0      12       0       3      77       0       0
  315    1       6      21       0      11       0       1      86       0       0
  316    1       0      26       0       8       0       1      91       0       0
  317    1       5      17       0       8       0       2      94       0       0
  318    1       3      17       0       9       0       2      73       0       0
  319    1       1      29       0       5       0       0      89       0       0
  320    1       4      19       0       5       0       3     107       0       0
  321    1       1      21       0       9       0       2      98       0       0
  322    1       3      22       0       5       0       1      73       0       0
  323    1       8      16       0       8       0       2      79       0       0
  324    1       5      20       0       9       0       3      86       0       0
  325    1       5      13       0      11       0       0      98       0       0
  326    1       3      21       0       5       0       2      98       0       0
  327    1       4      16       0       7       0       3      73       0       0
  328    1       2      14       0       7       0       0      96       1       0
  329    1       1      31       0       8       0       3      66       0       0
  330    1       1      19       0       2       0       0      83       0       0
  331    1       1      25       0       9       0       5      81       0       0
  332    1       4      13       0       7       0       1      96       0       0
  333    1       2      19       0      12       0       0      77       0       0
  334    1       8      11       0      13       0       1      76       0       0
  335    1       3      28       0       6       0       2      66       0       0
  336    1       3      24       0       6       0       1      73       0       0
  337    1       5      21       0       5       0       3      79       0       0
  338    1       3      16       0       5       0       1      69       0       0
  339    1       3      23       0      12       0       1      78       0       0
  340    1       3      22       0      13       0       0      84       0       0
  341    1       3      23       0       6       0       0      79       0       0
  342    1       4      22       0       4       0       1      66       0       0
  343    1       1      24       0      10       0       4      78       0       0
  344    1       3      21       0       4       0       0      82       0       0
  345    1       4      17       0      10       0       0      81       0       0
  346    1       4      22       0       7       0       0      82       0       0
  347    1       4      18       0      12       0       3      75       0       0
  348    1       5      17       0       6       0       2      54       0       0
  349    1       3      20       0       6       0       2      66       0       0
  350    1       4      24       0      13       0       1      82       0       0
  351    1       4      15       0       7       0       0      70       0       0
  352    1       6      21       0       5       0       1      77       0       0
  353    1       2      23       0       6       0       1      69       0       0
  354    1       4      21       0       8       0       1      59       0       0
  355    1       0      16       0       6       0       2      66       0       0
  356    1       3      17       0       7       0       0      54       0       0
  357    1       6      20       0      13       0       1      58       0       0
  358    1       1      23       0       8       0       2      75       0       0
  359    1       3      13       0       4       0       3      71       0       0
  360    1       7      14       0       9       0       0      62       0       0
  361    1       3      19       0       6       0       0      69       0       0
  362    1       9      16       0       4       0       0      56       0       0
  363    1       2      15       0       8       0       3      76       0       0
  364    1       2      19       0      12       0       2      55       0       0
  365    1       0      12       0      10       0       0      65       0       0
  366    1       3      14       0       5       0       1      72       0       0
  367    1       2      25       0       7       0       2      73       0       0
  368    1       5      15       0       5       0       0      74       0       0
  369    1       2      18       0       7       0       2      72       0       0
  370    1       4      17       0       6       0       1      72       0       0
  371    1       2      17       0       6       0       0      51       0       0
  372    1       0      23       0       8       0       1      63       0       0
  373    1       3      19       0       7       0       1      66       0       0
  374    1       2      20       0       8       0       0      56       0       0
  375    1       2      14       0       6       0       0      47       0       0
  376    1       2      16       0       4       0       3      61       0       0
  377    1       0      12       0       5       0       0      75       0       0
  378    1       2      13       0       5       0       2      47       0       0
  379    1       2      20       0      12       0       1      76       0       0
  380    1       3      21       0       3       0       1      70       0       0
  381    1       2      13       0       5       0       0      56       0       0
  382    1       0      15       0       6       0       2      56       0       0
  383    1       0      14       0       8       0       0      71       0       0
  384    1       4      22       0      10       0       4      53       0       0
  385    1       4      24       0       7       0       0      39       0       0
  386    1       4      15       0       4       0       2      63       0       0
  387    1       1      15       0       5       0       1      55       0       0
  388    1       3      18       0       6       0       1      40       0       0
  389    1       3       9       0       2       0       1      55       0       0
  390    1       3      23       0       7       0       1      56       0       0
  391    1       2      14       0       8       0       3      52       0       0
  392    1       5      19       0       3       1       0      41       0       0
  393    1       1      13       0       4       0       0      62       0       0
  394    1       3      11       0       8       0       0      56       0       0
  395    1       2      17       0       9       0       0      48       0       0
  396    1       3      10       0       4       0       0      65       0       0
  397    1       3      14       0       6       0       0      60       0       0
  398    1       1      17       0       4       0       0      50       0       0
  399    1       1      11       0       8       0       2      50       0       0
  400    1       0      14       0       3       0       2      56       0       0
  401    0       0       0       0       0       0       0       0       0       0
   SUM ==>  120235  318236      39  150715    1277   43863  901516     221     187
