15000000
400
 ZONE MED   LOSS(MEV)      (MEV)    EXCITATION    PI0   (MEV)        PI+     K+    MU-    MU+     PROT    DEUT    TRIT     HE3    ALPH     ELSC    INEL    FISS
   1   1  0.675019E+07 0.962471E+03 0.2528E+02      4 0.5001E+02       0      0      0      0     7116    1370     380     905    4130     5393   16667       0
   2   1  0.682581E+07 0.963156E+03 0.3514E+02      4 0.5993E+02       0      0      0      0     9543    1743     464    1002    4253     5465   16830       0
   3   1  0.687533E+07 0.987946E+03 0.1870E+01      3 0.3311E+02       0      0      0      0    10811    1728     455     983    4217     5553   16932       0
   4   1  0.692055E+07 0.958548E+03 0.4322E+02      5 0.4918E+02       0      0      0      0    11766    1865     460     980    4351     5555   17197       0
   5   1  0.695906E+07 0.101534E+04 0.2465E+02      2 0.2675E+02       0      0      0      0    12530    1830     502     948    4242     5851   17209       0
   6   1  0.699168E+07 0.100797E+04 0.2587E+02      5 0.7083E+02       0      0      0      0    13035    1764     455     954    4253     5736   17268       0
   7   1  0.702586E+07 0.101090E+04 0.2843E+02      2 0.2017E+02       0      0      0      0    13730    1836     432    1012    4185     5911   17093       0
   8   1  0.705800E+07 0.985398E+03 0.4636E+02      6 0.7128E+02       0      0      0      0    14103    1851     486    1003    4395     5777   17495       0
   9   1  0.708314E+07 0.104603E+04 0.1087E+02      4 0.5641E+02       0      0      0      0    14613    1794     475     946    4286     5976   17500       0
  10   1  0.711105E+07 0.105482E+04 0.3279E+02      0 0.0000E+00       0      0      0      0    14904    1806     474     993    4351     6076   17804       0
  11   1  0.713530E+07 0.105617E+04 0.3411E+02      3 0.2839E+02       0      0      0      0    15443    1766     455     975    4371     6166   17773       0
  12   1  0.715994E+07 0.106423E+04 0.3553E+02      0 0.0000E+00       0      0      0      0    15558    1803     491     973    4212     6328   17734       0
  13   1  0.718950E+07 0.108450E+04 0.9639E+01      1 0.6005E+01       0      0      0      0    16105    1908     499    1009    4555     6259   17808       0
  14   1  0.721587E+07 0.107298E+04 0.1070E+02      1 0.4992E+01       0      0      0      0    16276    1831     504    1021    4591     6371   18080       0
  15   1  0.723289E+07 0.108537E+04 0.1592E+02      2 0.3470E+02       0      0      0      0    16659    1876     502    1006    4399     6323   17936       0
  16   1  0.725628E+07 0.107690E+04 0.1257E+01      1 0.1786E+02       0      0      0      0    16790    1898     484     956    4430     6289   18060       0
  17   1  0.727567E+07 0.110127E+04 0.3605E+02      2 0.1654E+02       0      0      0      0    16874    1956     461     914    4241     6485   17925       0
  18   1  0.730300E+07 0.110783E+04 0.1050E+02      2 0.1518E+02       0      0      0      0    17550    1825     474    1020    4474     6518   18190       0
  19   1  0.732083E+07 0.109849E+04 0.4397E+02      1 0.2380E+02       0      0      0      0    17732    1850     418     943    4471     6634   18368       0
  20   1  0.734431E+07 0.108476E+04 0.2727E+00      1 0.5986E+01       0      0      0      0    18065    1948     494     971    4492     6486   18375       0
  21   1  0.736384E+07 0.110324E+04 0.3933E+02      1 0.8204E+01       0      0      0      0    18199    1867     453     970    4422     6767   18416       0
  22   1  0.738213E+07 0.112645E+04 0.6535E+02      2 0.3461E+02       0      0      0      0    18191    1877     459     966    4468     6775   18270       0
  23   1  0.740693E+07 0.114415E+04 0.4757E+02      4 0.4816E+02       0      0      0      0    18685    1933     476     994    4617     6943   18677       0
  24   1  0.742781E+07 0.111509E+04 0.4502E+02      3 0.1243E+02       0      0      0      0    19032    1872     475    1026    4511     6943   18843       0
  25   1  0.744344E+07 0.113516E+04 0.2622E+02      2 0.1805E+02       0      0      0      0    18855    1901     496    1011    4630     6945   18418       0
  26   1  0.746376E+07 0.115150E+04 0.2946E+01      0 0.0000E+00       0      0      0      0    19187    1861     467    1021    4469     7009   18433       0
  27   1  0.748503E+07 0.117811E+04 0.2000E+02      1 0.3578E+01       0      0      0      0    19502    1900     492     959    4639     7048   18730       0
  28   1  0.749621E+07 0.113454E+04 0.5890E+02      2 0.7728E+01       0      0      0      0    19398    1953     451     973    4435     7074   18499       0
  29   1  0.751582E+07 0.116171E+04 0.4256E+01      0 0.0000E+00       0      0      0      0    19513    1903     485     983    4491     7045   18433       0
  30   1  0.753192E+07 0.117851E+04 0.2657E+02      1 0.9551E+01       0      0      0      0    20064    1825     453    1008    4528     7155   19062       0
  31   1  0.755035E+07 0.117784E+04 0.6205E+02      1 0.6096E+01       0      0      0      0    19810    1878     473    1007    4405     7208   18604       0
  32   1  0.756957E+07 0.118443E+04 0.2188E+02      1 0.1862E+02       0      0      0      0    20071    1930     455     957    4445     7321   18713       0
  33   1  0.758848E+07 0.118633E+04 0.2421E+02      0 0.0000E+00       0      0      0      0    20360    1924     483     999    4618     7336   18879       0
  34   1  0.760431E+07 0.120128E+04 0.2770E+02      0 0.0000E+00       0      0      0      0    20619    1815     498    1015    4565     7280   18885       0
  35   1  0.761771E+07 0.120478E+04 0.5444E+02      1 0.1383E+02       0      0      0      0    20396    1843     499    1016    4392     7380   18688       0
  36   1  0.763791E+07 0.122248E+04 0.3182E+02      0 0.0000E+00       0      0      0      0    20896    1820     453     942    4409     7501   19011       0
  37   1  0.765306E+07 0.126818E+04 0.2984E+02      2 0.1041E+02       0      0      0      0    20997    1830     447    1004    4389     7718   18993       0
  38   1  0.767428E+07 0.124753E+04 0.2156E+02      2 0.1959E+02       0      0      0      0    21039    1831     477     946    4694     7594   19249       0
  39   1  0.769506E+07 0.122509E+04 0.7922E+01      1 0.1582E+02       0      0      0      0    21068    2006     479    1007    4682     7658   19276       0
  40   1  0.771304E+07 0.125116E+04 0.3709E+02      1 0.1744E+01       0      0      0      0    21419    1961     490     988    4600     7728   19300       0
  41   1  0.772455E+07 0.125617E+04 0.2284E+02      2 0.2854E+01       0      0      0      0    21469    1926     482     997    4560     7764   19112       0
  42   1  0.774424E+07 0.124545E+04 0.2752E+02      0 0.0000E+00       0      0      0      0    21748    1950     518    1000    4628     7882   19074       0
  43   1  0.775577E+07 0.125660E+04 0.2828E+02      0 0.0000E+00       0      0      0      0    21942    2001     454    1005    4574     7712   19426       0
  44   1  0.777059E+07 0.127568E+04 0.2655E+02      0 0.0000E+00       0      0      0      0    21882    1845     509    1013    4587     7940   19291       0
  45   1  0.778502E+07 0.126397E+04 0.1893E+02      1 0.3846E+01       0      0      0      0    21904    1940     470     941    4574     7811   19161       0
  46   1  0.780188E+07 0.126468E+04 0.2774E+02      0 0.0000E+00       0      0      0      0    22376    1900     471     956    4690     7944   19271       0
  47   1  0.781560E+07 0.129407E+04 0.1557E+02      0 0.0000E+00       0      0      0      0    22413    1818     463     971    4579     8018   19333       0
  48   1  0.783141E+07 0.126764E+04 0.3547E+02      0 0.0000E+00       0      0      0      0    22269    1885     454    1055    4602     7903   19311       0
  49   1  0.784869E+07 0.125756E+04 0.3095E+02      1 0.6924E+02       0      0      0      0    22547    1926     509    1027    4558     7882   19340       0
  50   1  0.786160E+07 0.130266E+04 0.2870E+02      0 0.0000E+00       0      0      0      0    22759    1942     487     931    4620     8089   19584       0
  51   1  0.787172E+07 0.128398E+04 0.1511E+02      0 0.0000E+00       0      0      0      0    22700    1932     487     975    4575     8116   19281       0
  52   1  0.789118E+07 0.130883E+04 0.2235E+02      0 0.0000E+00       0      0      0      0    22849    1958     484    1011    4671     8179   19460       0
  53   1  0.790227E+07 0.132238E+04 0.4464E+02      0 0.0000E+00       0      0      0      0    23036    1852     440     975    4508     8336   19400       0
  54   1  0.792410E+07 0.130921E+04 0.4136E+02      0 0.0000E+00       0      0      0      0    23530    2000     468     982    4674     8128   19867       0
  55   1  0.793365E+07 0.131821E+04 0.2305E+02      1 0.4531E+01       0      0      0      0    23190    1852     494    1044    4675     8316   19387       0
  56   1  0.795261E+07 0.131931E+04 0.3979E+02      3 0.2004E+02       0      0      0      0    23352    1995     497    1053    4537     8299   19656       0
  57   1  0.796076E+07 0.133468E+04 0.2446E+02      1 0.7797E+01       0      0      0      0    23274    1939     467     926    4674     8272   19684       0
  58   1  0.797531E+07 0.136557E+04 0.4461E+02      0 0.0000E+00       0      0      0      0    23547    1871     495     957    4580     8500   19565       0
  59   1  0.799226E+07 0.131310E+04 0.2980E+02      0 0.0000E+00       0      0      0      0    23479    1921     456    1038    4574     8410   19546       0
  60   1  0.800597E+07 0.131692E+04 0.5519E+02      0 0.0000E+00       0      0      0      0    23596    1841     466    1002    4573     8469   19779       0
  61   1  0.801828E+07 0.133988E+04 0.3875E+02      0 0.0000E+00       0      0      0      0    23747    1967     479     965    4768     8621   19634       0
  62   1  0.803887E+07 0.133517E+04 0.2373E+02      0 0.0000E+00       0      0      0      0    23931    1894     472     962    4688     8548   19639       0
  63   1  0.804983E+07 0.136816E+04 0.1577E+02      0 0.0000E+00       0      0      0      0    24098    1948     459    1000    4509     8597   19603       0
  64   1  0.806257E+07 0.135499E+04 0.2706E+02      1 0.7776E+01       0      0      0      0    24387    1894     430     972    4608     8804   19953       0
  65   1  0.807823E+07 0.135749E+04 0.1117E+02      0 0.0000E+00       0      0      0      0    23998    1997     487    1001    4679     8741   19785       0
  66   1  0.809206E+07 0.139397E+04 0.1129E+02      0 0.0000E+00       0      0      0      0    24228    1929     445     988    4564     8755   19642       0
  67   1  0.810714E+07 0.139727E+04 0.2177E+02      0 0.0000E+00       0      0      0      0    24405    1917     515    1007    4682     8951   19793       0
  68   1  0.811860E+07 0.137541E+04 0.3092E+02      0 0.0000E+00       0      0      0      0    24395    1890     484    1005    4669     8758   19658       0
  69   1  0.812914E+07 0.140877E+04 0.5751E+02      0 0.0000E+00       0      0      0      0    24498    1956     454    1007    4659     8815   19605       0
  70   1  0.814417E+07 0.140938E+04 0.2137E+02      0 0.0000E+00       0      0      0      0    24717    1910     467     964    4658     8787   19875       0
  71   1  0.815561E+07 0.139530E+04 0.6969E+02      0 0.0000E+00       0      0      0      0    24572    1837     495     957    4621     8859   19801       0
  72   1  0.817035E+07 0.143706E+04 0.1653E+02      0 0.0000E+00       0      0      0      0    24982    1811     435     979    4799     9044   20063       0
  73   1  0.818079E+07 0.138841E+04 0.3890E+02      0 0.0000E+00       0      0      0      0    24811    1881     450     974    4609     8925   19874       0
  74   1  0.819913E+07 0.142257E+04 0.1359E+02      0 0.0000E+00       0      0      0      0    24923    1995     469    1019    4790     9176   19927       0
  75   1  0.821008E+07 0.144835E+04 0.2474E+02      0 0.0000E+00       0      0      0      0    25389    1929     453    1014    4586     9250   20166       0
  76   1  0.822127E+07 0.140429E+04 0.3516E+02      0 0.0000E+00       0      0      0      0    25109    1824     470     979    4610     9240   19859       0
  77   1  0.823329E+07 0.142057E+04 0.2345E+02      0 0.0000E+00       0      0      0      0    24980    1917     433     992    4621     9112   19674       0
  78   1  0.824802E+07 0.143903E+04 0.2154E+02      0 0.0000E+00       0      0      0      0    25311    1858     476     969    4853     9215   19839       0
  79   1  0.825835E+07 0.142306E+04 0.5494E+02      0 0.0000E+00       0      0      0      0    25305    1874     432    1006    4583     9191   19810       0
  80   1  0.827629E+07 0.143962E+04 0.2735E+02      0 0.0000E+00       0      0      0      0    25207    1968     466    1051    4728     9192   20138       0
  81   1  0.828851E+07 0.143078E+04 0.3981E+02      0 0.0000E+00       0      0      0      0    25599    1898     497     998    4731     9356   19829       0
  82   1  0.830291E+07 0.145702E+04 0.5468E+02      0 0.0000E+00       0      0      0      0    25530    1837     463    1031    4849     9523   20005       0
  83   1  0.831645E+07 0.146749E+04 0.2665E+02      0 0.0000E+00       0      0      0      0    25629    1940     449     981    4780     9474   19877       0
  84   1  0.832514E+07 0.145914E+04 0.3964E+02      0 0.0000E+00       0      0      0      0    25658    1867     425     974    4812     9454   20021       0
  85   1  0.834091E+07 0.146021E+04 0.2757E+02      0 0.0000E+00       0      0      0      0    25725    1938     425     975    4723     9620   20133       0
  86   1  0.835517E+07 0.149086E+04 0.3049E+02      1 0.6455E+01       0      0      0      0    26097    1890     457     996    4730     9563   20358       0
  87   1  0.836951E+07 0.146486E+04 0.1809E+02      0 0.0000E+00       0      0      0      0    26021    1947     448    1037    4708     9480   20200       0
  88   1  0.838408E+07 0.147232E+04 0.8146E+01      0 0.0000E+00       0      0      0      0    26109    1986     484     957    4764     9652   20168       0
  89   1  0.839446E+07 0.146624E+04 0.2362E+02      0 0.0000E+00       0      0      0      0    25966    1874     465     987    4765     9640   20091       0
  90   1  0.840083E+07 0.148291E+04 0.7847E+02      0 0.0000E+00       0      0      0      0    26160    1867     435     957    4619     9758   19871       0
  91   1  0.842011E+07 0.146566E+04 0.6057E+02      0 0.0000E+00       0      0      0      0    26197    1917     470     986    4806     9915   20102       0
  92   1  0.843324E+07 0.150006E+04 0.5443E+02      0 0.0000E+00       0      0      0      0    26136    1914     475     968    4739     9721   20148       0
  93   1  0.844458E+07 0.150411E+04 0.4648E+02      0 0.0000E+00       0      0      0      0    26529    1813     474     962    4731     9820   20137       0
  94   1  0.845457E+07 0.151464E+04 0.2527E+02      0 0.0000E+00       0      0      0      0    26301    1854     444     995    4570    10103   19949       0
  95   1  0.846662E+07 0.151502E+04 0.5388E+02      0 0.0000E+00       0      0      0      0    26479    1820     469     953    4505     9967   20100       0
  96   1  0.847783E+07 0.147920E+04 0.2056E+02      0 0.0000E+00       0      0      0      0    26497    1783     496     990    4651     9897   20317       0
  97   1  0.849392E+07 0.151059E+04 0.6665E+02      0 0.0000E+00       0      0      0      0    26656    1898     421     947    4736     9962   20012       0
  98   1  0.850474E+07 0.151718E+04 0.4419E+02      0 0.0000E+00       0      0      0      0    26700    1949     467     988    4666    10085   20063       0
  99   1  0.851723E+07 0.149398E+04 0.4503E+02      0 0.0000E+00       0      0      0      0    26563    1848     473     958    4669    10021   20246       0
 100   1  0.852937E+07 0.151233E+04 0.1194E+02      0 0.0000E+00       0      0      0      0    26551    1796     452     955    4645    10198   19965       0
 101   1  0.854476E+07 0.153150E+04 0.2272E+02      0 0.0000E+00       0      0      0      0    26999    1960     426     936    4732    10217   20189       0
 102   1  0.855302E+07 0.152334E+04 0.5975E+02      0 0.0000E+00       0      0      0      0    26625    1828     494     941    4387    10203   19903       0
 103   1  0.856772E+07 0.153563E+04 0.2902E+02      0 0.0000E+00       0      0      0      0    26951    1864     487     998    4730    10261   20002       0
 104   1  0.858436E+07 0.154605E+04 0.3655E+02      0 0.0000E+00       0      0      0      0    27160    1948     455     958    4528    10370   20314       0
 105   1  0.859169E+07 0.154422E+04 0.2566E+02      0 0.0000E+00       0      0      0      0    27297    1853     433     999    4707    10302   20188       0
 106   1  0.860531E+07 0.153802E+04 0.4917E+02      0 0.0000E+00       0      0      0      0    27111    1837     479     989    4733    10400   20329       0
 107   1  0.861547E+07 0.152965E+04 0.4167E+02      0 0.0000E+00       0      0      0      0    27026    1922     418     968    4782    10311   20129       0
 108   1  0.862601E+07 0.156524E+04 0.2304E+02      0 0.0000E+00       0      0      0      0    27338    1920     452     941    4602    10456   20188       0
 109   1  0.864105E+07 0.157483E+04 0.1934E+02      0 0.0000E+00       0      0      0      0    27335    1951     441     955    4633    10610   20167       0
 110   1  0.865416E+07 0.156986E+04 0.3185E+02      0 0.0000E+00       0      0      0      0    27153    1950     435     956    4748    10569   20152       0
 111   1  0.866644E+07 0.158904E+04 0.5526E+02      0 0.0000E+00       0      0      0      0    27564    1873     392    1031    4688    10522   20269       0
 112   1  0.867438E+07 0.160796E+04 0.3958E+02      0 0.0000E+00       0      0      0      0    27560    1822     468     986    4651    10691   20280       0
 113   1  0.868621E+07 0.161897E+04 0.2620E+02      0 0.0000E+00       0      0      0      0    27440    1874     455     913    4766    10792   20146       0
 114   1  0.869895E+07 0.164341E+04 0.4754E+02      0 0.0000E+00       0      0      0      0    27357    1896     436     949    4713    10894   20174       0
 115   1  0.871256E+07 0.159434E+04 0.3745E+02      0 0.0000E+00       0      0      0      0    27622    1867     454     933    4728    10883   19913       0
 116   1  0.872244E+07 0.161363E+04 0.2988E+02      0 0.0000E+00       0      0      0      0    27655    1843     439     946    4749    10925   20271       0
 117   1  0.873164E+07 0.163269E+04 0.2791E+02      0 0.0000E+00       0      0      0      0    27799    1870     459     917    4657    11099   19926       0
 118   1  0.873642E+07 0.162342E+04 0.4351E+02      0 0.0000E+00       0      0      0      0    27280    1849     429     973    4634    11116   20027       0
 119   1  0.875332E+07 0.166639E+04 0.2936E+02      0 0.0000E+00       0      0      0      0    27547    1898     467     929    4730    11197   20155       0
 120   1  0.876664E+07 0.166051E+04 0.7596E+02      0 0.0000E+00       0      0      0      0    27948    1875     450    1002    4549    11519   20015       0
 121   1  0.877244E+07 0.166389E+04 0.8247E+02      0 0.0000E+00       0      0      0      0    27696    1761     417     901    4595    11321   20145       0
 122   1  0.878730E+07 0.166491E+04 0.0000E+00      0 0.0000E+00       0      0      0      0    27907    1872     475     968    4551    11366   20232       0
 123   1  0.879810E+07 0.165303E+04 0.5804E+02      0 0.0000E+00       0      0      0      0    27943    1879     444     960    4669    11298   19963       0
 124   1  0.880945E+07 0.166251E+04 0.4813E+02      0 0.0000E+00       0      0      0      0    27984    1793     451     941    4728    11429   20260       0
 125   1  0.882381E+07 0.169402E+04 0.2917E+02      0 0.0000E+00       0      0      0      0    27989    1837     482     947    4806    11382   20109       0
 126   1  0.883998E+07 0.167451E+04 0.3800E+02      0 0.0000E+00       0      0      0      0    28166    1884     498     930    4864    11640   20417       0
 127   1  0.885031E+07 0.171693E+04 0.4123E+02      0 0.0000E+00       0      0      0      0    28205    1818     435     986    4799    11772   20181       0
 128   1  0.886600E+07 0.169784E+04 0.4468E+02      0 0.0000E+00       0      0      0      0    28290    1899     433     927    4608    11641   20384       0
 129   1  0.887736E+07 0.171639E+04 0.2382E+02      0 0.0000E+00       0      0      0      0    28074    1872     406     911    4728    11649   20115       0
 130   1  0.889605E+07 0.173319E+04 0.3505E+02      0 0.0000E+00       0      0      0      0    28581    1805     435     951    4733    11905   20004       0
 131   1  0.890722E+07 0.174493E+04 0.2546E+02      0 0.0000E+00       0      0      0      0    28397    1849     456     899    4626    12123   20127       0
 132   1  0.892243E+07 0.173940E+04 0.1093E+02      0 0.0000E+00       0      0      0      0    28559    1898     471     959    4805    11870   20361       0
 133   1  0.892948E+07 0.174210E+04 0.2670E+02      0 0.0000E+00       0      0      0      0    28382    1807     470     963    4568    11915   20216       0
 134   1  0.895017E+07 0.174292E+04 0.2138E+02      0 0.0000E+00       0      0      0      0    28726    1848     498    1019    4734    12058   20402       0
 135   1  0.895833E+07 0.170260E+04 0.2238E+02      0 0.0000E+00       0      0      0      0    28942    1805     489     931    4646    11950   20435       0
 136   1  0.896814E+07 0.175261E+04 0.5260E+02      0 0.0000E+00       0      0      0      0    28412    1770     423     947    4621    12186   20175       0
 137   1  0.898078E+07 0.177488E+04 0.5002E+02      0 0.0000E+00       0      0      0      0    28846    1826     418     954    4602    12171   20400       0
 138   1  0.899684E+07 0.176407E+04 0.3625E+02      0 0.0000E+00       0      0      0      0    28652    1828     461     967    4811    12193   20323       0
 139   1  0.900917E+07 0.178650E+04 0.1881E+02      0 0.0000E+00       0      0      0      0    28997    1873     446     956    4635    12681   20234       0
 140   1  0.901536E+07 0.178024E+04 0.5568E+02      0 0.0000E+00       0      0      0      0    28719    1824     446     904    4526    12494   20297       0
 141   1  0.902925E+07 0.176359E+04 0.5265E+02      0 0.0000E+00       0      0      0      0    29097    1804     467    1001    4605    12239   20210       0
 142   1  0.903885E+07 0.182517E+04 0.3201E+02      0 0.0000E+00       0      0      0      0    28912    1893     400     899    4745    12624   20184       0
 143   1  0.904938E+07 0.182283E+04 0.6282E+02      0 0.0000E+00       0      0      0      0    28950    1859     478     968    4463    12714   20193       0
 144   1  0.906050E+07 0.179661E+04 0.5748E+02      0 0.0000E+00       0      0      0      0    28875    1845     439     944    4801    12629   20180       0
 145   1  0.906971E+07 0.180447E+04 0.5520E+02      0 0.0000E+00       0      0      0      0    29050    1793     448     914    4777    12495   20360       0
 146   1  0.908501E+07 0.181729E+04 0.3063E+02      0 0.0000E+00       0      0      0      0    29267    1885     433    1053    4748    12692   20475       0
 147   1  0.909212E+07 0.186580E+04 0.1501E+02      0 0.0000E+00       0      0      0      0    29151    1878     439     930    4704    12759   20434       0
 148   1  0.910005E+07 0.183890E+04 0.5409E+02      0 0.0000E+00       0      0      0      0    29078    1965     390     939    4609    12943   20194       0
 149   1  0.911166E+07 0.186352E+04 0.3174E+02      0 0.0000E+00       0      0      0      0    29315    1762     440     981    4677    13104   20542       0
 150   1  0.912845E+07 0.187969E+04 0.4549E+02      0 0.0000E+00       0      0      0      0    29653    1790     452     966    4737    13213   20453       0
 151   1  0.914088E+07 0.185886E+04 0.4586E+02      0 0.0000E+00       0      0      0      0    29472    1797     394     977    4738    13133   20461       0
 152   1  0.916395E+07 0.190274E+04 0.1339E+02      0 0.0000E+00       0      0      0      0    29595    1812     469     931    4733    13259   20499       0
 153   1  0.919191E+07 0.188750E+04 0.1441E+02      0 0.0000E+00       0      0      0      0    29538    1784     436     955    4751    13298   20050       0
 154   1  0.922599E+07 0.192608E+04 0.1683E+02      0 0.0000E+00       0      0      0      0    29794    1848     438     930    4768    13535   20656       0
 155   1  0.925952E+07 0.194709E+04 0.5718E+02      0 0.0000E+00       0      0      0      0    29684    1861     452     936    4624    13474   20487       0
 156   1  0.929397E+07 0.189293E+04 0.2162E+02      0 0.0000E+00       0      0      0      0    29852    1764     412     994    4771    13589   20434       0
 157   1  0.932419E+07 0.194213E+04 0.4043E+02      0 0.0000E+00       0      0      0      0    29658    1881     471     959    4659    13764   20330       0
 158   1  0.934405E+07 0.194628E+04 0.5774E+02      0 0.0000E+00       0      0      0      0    29516    1763     443     901    4635    13831   20290       0
 159   1  0.937114E+07 0.194848E+04 0.3085E+02      0 0.0000E+00       0      0      0      0    29775    1874     434     875    4612    13925   20044       0
 160   1  0.938614E+07 0.194633E+04 0.4619E+02      0 0.0000E+00       0      0      0      0    29815    1753     433     923    4590    13853   20269       0
 161   1  0.940822E+07 0.196743E+04 0.2719E+02      0 0.0000E+00       0      0      0      0    29809    1818     405     907    4655    13916   20215       0
 162   1  0.942498E+07 0.199562E+04 0.4498E+02      0 0.0000E+00       0      0      0      0    29606    1822     410     889    4710    14252   20166       0
 163   1  0.944356E+07 0.194986E+04 0.2994E+02      0 0.0000E+00       0      0      0      0    30000    1772     437     907    4583    13937   20376       0
 164   1  0.946628E+07 0.199562E+04 0.3119E+02      0 0.0000E+00       0      0      0      0    30205    1794     428     943    4761    14428   20481       0
 165   1  0.948177E+07 0.201378E+04 0.4662E+02      0 0.0000E+00       0      0      0      0    29792    1804     426     919    4706    14477   20413       0
 166   1  0.950393E+07 0.203432E+04 0.4484E+02      0 0.0000E+00       0      0      0      0    30244    1747     438     910    4788    14527   20405       0
 167   1  0.952237E+07 0.203891E+04 0.5442E+02      0 0.0000E+00       0      0      0      0    30295    1740     415     916    4709    14700   20452       0
 168   1  0.953860E+07 0.205727E+04 0.2991E+02      0 0.0000E+00       0      0      0      0    30412    1772     463     944    4623    14608   20324       0
 169   1  0.955634E+07 0.206100E+04 0.5655E+02      0 0.0000E+00       0      0      0      0    29969    1751     411     870    4631    14873   19980       0
 170   1  0.957515E+07 0.210770E+04 0.6630E+02      0 0.0000E+00       0      0      0      0    30501    1814     391     879    4527    14990   20123       0
 171   1  0.959650E+07 0.204162E+04 0.3768E+02      0 0.0000E+00       0      0      0      0    30424    1766     425     910    4563    14811   20147       0
 172   1  0.961844E+07 0.214861E+04 0.2937E+02      0 0.0000E+00       0      0      0      0    30388    1707     436     911    4621    15302   20282       0
 173   1  0.964106E+07 0.212166E+04 0.1563E+02      0 0.0000E+00       0      0      0      0    30678    1828     454     933    4750    15213   20466       0
 174   1  0.965778E+07 0.208115E+04 0.5023E+02      0 0.0000E+00       0      0      0      0    30727    1825     424     928    4532    15231   20375       0
 175   1  0.967505E+07 0.216631E+04 0.3458E+02      0 0.0000E+00       0      0      0      0    30705    1744     398     887    4631    15398   20337       0
 176   1  0.969435E+07 0.212329E+04 0.6008E+02      0 0.0000E+00       0      0      0      0    30614    1682     390     892    4659    15520   20203       0
 177   1  0.971513E+07 0.214891E+04 0.4471E+02      0 0.0000E+00       0      0      0      0    30591    1671     382     885    4703    15531   20198       0
 178   1  0.973985E+07 0.218169E+04 0.2892E+02      0 0.0000E+00       0      0      0      0    30630    1841     414     945    4552    15873   20297       0
 179   1  0.976455E+07 0.220485E+04 0.1723E+02      0 0.0000E+00       0      0      0      0    30746    1745     407     863    4686    16019   20543       0
 180   1  0.978714E+07 0.222922E+04 0.3086E+02      0 0.0000E+00       0      0      0      0    31121    1722     387     928    4663    16142   20493       0
 181   1  0.980685E+07 0.222146E+04 0.2803E+02      0 0.0000E+00       0      0      0      0    30834    1773     407     910    4702    16272   20301       0
 182   1  0.982856E+07 0.221734E+04 0.1850E+02      0 0.0000E+00       0      0      0      0    30893    1673     383     896    4675    16341   20427       0
 183   1  0.985091E+07 0.225728E+04 0.3077E+02      0 0.0000E+00       0      0      0      0    31061    1746     420     884    4552    16511   20182       0
 184   1  0.987349E+07 0.227179E+04 0.4507E+02      0 0.0000E+00       0      0      0      0    30829    1685     365     904    4591    16618   20126       0
 185   1  0.989894E+07 0.228432E+04 0.6024E+02      0 0.0000E+00       0      0      0      0    31292    1677     404     916    4591    16627   20288       0
 186   1  0.991883E+07 0.231607E+04 0.2712E+02      0 0.0000E+00       0      0      0      0    30892    1703     395     895    4540    16753   20236       0
 187   1  0.994417E+07 0.232696E+04 0.1632E+02      0 0.0000E+00       0      0      0      0    31067    1718     434     937    4645    17049   20316       0
 188   1  0.996767E+07 0.228669E+04 0.9155E+01      0 0.0000E+00       0      0      0      0    31341    1671     367     940    4361    16887   19805       0
 189   1  0.999574E+07 0.229832E+04 0.3088E+02      0 0.0000E+00       0      0      0      0    31462    1710     423     890    4808    16939   20397       0
 190   1  0.100177E+08 0.234520E+04 0.2037E+02      0 0.0000E+00       0      0      0      0    31476    1695     435     894    4628    17124   20420       0
 191   1  0.100443E+08 0.234181E+04 0.6449E+01      0 0.0000E+00       0      0      0      0    31396    1713     390     874    4710    17368   20196       0
 192   1  0.100670E+08 0.230614E+04 0.4683E+02      0 0.0000E+00       0      0      0      0    31398    1642     398     871    4635    17247   20023       0
 193   1  0.100916E+08 0.237338E+04 0.2928E+02      0 0.0000E+00       0      0      0      0    31551    1725     380     847    4609    17634   20249       0
 194   1  0.101174E+08 0.239167E+04 0.5680E+02      0 0.0000E+00       0      0      0      0    31507    1709     379     939    4604    17623   20455       0
 195   1  0.101417E+08 0.242024E+04 0.4106E+01      0 0.0000E+00       0      0      0      0    31340    1644     379     826    4565    17822   20082       0
 196   1  0.101737E+08 0.243654E+04 0.1914E+02      0 0.0000E+00       0      0      0      0    31628    1744     367     895    4609    18003   20451       0
 197   1  0.102007E+08 0.242783E+04 0.3809E+02      0 0.0000E+00       0      0      0      0    31906    1707     393     828    4765    18092   20234       0
 198   1  0.102217E+08 0.241088E+04 0.1216E+02      0 0.0000E+00       0      0      0      0    31730    1614     336     870    4564    18119   20038       0
 199   1  0.102471E+08 0.246712E+04 0.3087E+02      0 0.0000E+00       0      0      0      0    31704    1670     373     820    4441    18484   20089       0
 200   1  0.102754E+08 0.248778E+04 0.4601E+02      0 0.0000E+00       0      0      0      0    31917    1640     366     890    4593    18599   20315       0
 201   1  0.103016E+08 0.245386E+04 0.9921E+02      0 0.0000E+00       0      0      0      0    31831    1681     372     859    4696    18612   20359       0
 202   1  0.103322E+08 0.253386E+04 0.2520E+02      0 0.0000E+00       0      0      0      0    31830    1732     355     845    4559    18768   20378       0
 203   1  0.103623E+08 0.259050E+04 0.6590E+02      0 0.0000E+00       0      0      0      0    32267    1567     375     874    4724    19223   20292       0
 204   1  0.103943E+08 0.256471E+04 0.5737E+02      0 0.0000E+00       0      0      0      0    32621    1699     367     819    4546    18962   20486       0
 205   1  0.104233E+08 0.250717E+04 0.3161E+02      0 0.0000E+00       0      0      0      0    32446    1654     381     838    4655    19064   20344       0
 206   1  0.104574E+08 0.257956E+04 0.3289E+02      0 0.0000E+00       0      0      0      0    32612    1627     393     802    4490    19506   20155       0
 207   1  0.104989E+08 0.260212E+04 0.3701E+02      0 0.0000E+00       0      0      0      0    32640    1658     364     888    4602    19698   20228       0
 208   1  0.105400E+08 0.266146E+04 0.4606E+02      0 0.0000E+00       0      0      0      0    32710    1633     372     832    4639    19980   20603       0
 209   1  0.105838E+08 0.265367E+04 0.4513E+02      0 0.0000E+00       0      0      0      0    32476    1766     358     829    4675    19947   20340       0
 210   1  0.106313E+08 0.266672E+04 0.6715E+02      0 0.0000E+00       0      0      0      0    32737    1621     334     832    4599    20139   20611       0
 211   1  0.106797E+08 0.268437E+04 0.4235E+02      0 0.0000E+00       0      0      0      0    33188    1696     348     875    4784    20222   20699       0
 212   1  0.107225E+08 0.270411E+04 0.3605E+02      0 0.0000E+00       0      0      0      0    32910    1722     365     857    4625    20672   20367       0
 213   1  0.107655E+08 0.273481E+04 0.2687E+02      0 0.0000E+00       0      0      0      0    32779    1653     379     861    4665    20749   20486       0
 214   1  0.108103E+08 0.276659E+04 0.4913E+02      0 0.0000E+00       0      0      0      0    32991    1683     374     872    4709    20997   20575       0
 215   1  0.108532E+08 0.280844E+04 0.5540E+02      0 0.0000E+00       0      0      0      0    33728    1668     352     870    4604    20877   20712       0
 216   1  0.108943E+08 0.282915E+04 0.1431E+02      0 0.0000E+00       0      0      0      0    33394    1677     376     782    4620    21327   20619       0
 217   1  0.109397E+08 0.283519E+04 0.4339E+01      0 0.0000E+00       0      0      0      0    33377    1564     353     875    4838    21465   20574       0
 218   1  0.109861E+08 0.289134E+04 0.1195E+02      0 0.0000E+00       0      0      0      0    33730    1628     342     808    4554    21686   20579       0
 219   1  0.110357E+08 0.289910E+04 0.3872E+02      0 0.0000E+00       0      0      0      0    33320    1694     337     837    4775    21992   20880       0
 220   1  0.110893E+08 0.289932E+04 0.5738E+02      0 0.0000E+00       0      0      0      0    33755    1636     382     812    4701    21912   20713       0
 221   1  0.111443E+08 0.294089E+04 0.4996E+02      0 0.0000E+00       0      0      0      0    34026    1612     345     876    4827    22364   21000       0
 222   1  0.111922E+08 0.301247E+04 0.4495E+02      0 0.0000E+00       0      0      0      0    33953    1677     298     824    4775    22891   20786       0
 223   1  0.112382E+08 0.299758E+04 0.4692E+02      0 0.0000E+00       0      0      0      0    33928    1605     341     854    4565    22831   20621       0
 224   1  0.112903E+08 0.298803E+04 0.2946E+02      0 0.0000E+00       0      0      0      0    33747    1690     376     835    4701    22883   20723       0
 225   1  0.113355E+08 0.307629E+04 0.2341E+02      0 0.0000E+00       0      0      0      0    33778    1569     349     848    4717    23574   20736       0
 226   1  0.113834E+08 0.311476E+04 0.8004E+02      0 0.0000E+00       0      0      0      0    34337    1567     332     776    4561    23914   20504       0
 227   1  0.114347E+08 0.316719E+04 0.2228E+02      0 0.0000E+00       0      0      0      0    34264    1710     345     772    4721    24145   20861       0
 228   1  0.114891E+08 0.317331E+04 0.3017E+02      0 0.0000E+00       0      0      0      0    34463    1616     348     764    4596    24401   20806       0
 229   1  0.115518E+08 0.318226E+04 0.3528E+02      0 0.0000E+00       0      0      0      0    34106    1628     328     764    4735    24726   20724       0
 230   1  0.116161E+08 0.323659E+04 0.5004E+02      0 0.0000E+00       0      0      0      0    34314    1548     340     767    4584    24703   20698       0
 231   1  0.116911E+08 0.330143E+04 0.5400E+02      0 0.0000E+00       0      0      0      0    34357    1573     334     797    4741    25243   20719       0
 232   1  0.117679E+08 0.328644E+04 0.7086E+02      0 0.0000E+00       0      0      0      0    34756    1604     330     788    4574    25504   20815       0
 233   1  0.118410E+08 0.336236E+04 0.4441E+02      0 0.0000E+00       0      0      0      0    34712    1638     326     750    4639    25696   20926       0
 234   1  0.119250E+08 0.336146E+04 0.4552E+02      0 0.0000E+00       0      0      0      0    34889    1652     301     738    4718    26055   21058       0
 235   1  0.120045E+08 0.342444E+04 0.3470E+02      0 0.0000E+00       0      0      0      0    34898    1567     309     789    4623    26524   20986       0
 236   1  0.120926E+08 0.341492E+04 0.6791E+02      0 0.0000E+00       0      0      0      0    34754    1629     284     785    4658    26622   21155       0
 237   1  0.121802E+08 0.344438E+04 0.2850E+02      0 0.0000E+00       0      0      0      0    34782    1635     326     736    4649    26924   20888       0
 238   1  0.122780E+08 0.353354E+04 0.2826E+02      0 0.0000E+00       0      0      0      0    35180    1578     314     769    4699    27239   21206       0
 239   1  0.123757E+08 0.353061E+04 0.3273E+02      0 0.0000E+00       0      0      0      0    35557    1572     320     772    4637    27559   21354       0
 240   1  0.124767E+08 0.358253E+04 0.6579E+02      0 0.0000E+00       0      0      0      0    35660    1607     316     692    4771    27862   21130       0
 241   1  0.125837E+08 0.359750E+04 0.7893E+02      0 0.0000E+00       0      0      0      0    35658    1594     300     758    4826    27836   21420       0
 242   1  0.126976E+08 0.362317E+04 0.2429E+02      0 0.0000E+00       0      0      0      0    35446    1564     304     754    4701    28351   21376       0
 243   1  0.128138E+08 0.370500E+04 0.4128E+02      0 0.0000E+00       0      0      0      0    35766    1586     313     707    4754    28715   21666       0
 244   1  0.129407E+08 0.368393E+04 0.6424E+02      0 0.0000E+00       0      0      0      0    36052    1581     298     792    4787    28866   21672       0
 245   1  0.130667E+08 0.377300E+04 0.1500E+02      0 0.0000E+00       0      0      0      0    36193    1636     300     733    4761    29527   21557       0
 246   1  0.132044E+08 0.383354E+04 0.6108E+01      0 0.0000E+00       0      0      0      0    36437    1661     315     741    4730    29641   22054       0
 247   1  0.133460E+08 0.381829E+04 0.2224E+02      0 0.0000E+00       0      0      0      0    36741    1631     315     766    4712    29869   21888       0
 248   1  0.134933E+08 0.384901E+04 0.8577E+02      0 0.0000E+00       0      0      0      0    36924    1593     318     710    4837    30236   22330       0
 249   1  0.136518E+08 0.394088E+04 0.4665E+02      0 0.0000E+00       0      0      0      0    36577    1588     333     729    4953    30638   22299       0
 250   1  0.138202E+08 0.395926E+04 0.3669E+02      0 0.0000E+00       0      0      0      0    37163    1561     284     674    4838    31009   22499       0
 251   1  0.140008E+08 0.403464E+04 0.3247E+02      0 0.0000E+00       0      0      0      0    37677    1631     299     708    4906    31445   22661       0
 252   1  0.141896E+08 0.405795E+04 0.1817E+02      0 0.0000E+00       0      0      0      0    37830    1675     320     724    4985    31833   23187       0
 253   1  0.143919E+08 0.418433E+04 0.2586E+02      0 0.0000E+00       0      0      0      0    38113    1671     326     706    5092    32398   23510       0
 254   1  0.146012E+08 0.420490E+04 0.5590E+02      0 0.0000E+00       0      0      0      0    38406    1650     323     712    4883    32821   23627       0
 255   1  0.148278E+08 0.427809E+04 0.5608E+02      0 0.0000E+00       0      0      0      0    38978    1736     294     708    5052    33470   23798       0
 256   1  0.150677E+08 0.434387E+04 0.4850E+02      0 0.0000E+00       0      0      0      0    39285    1691     301     708    5019    34054   23815       0
 257   1  0.153254E+08 0.441145E+04 0.5210E+02      0 0.0000E+00       0      0      0      0    39615    1702     333     716    5068    34518   24001       0
 258   1  0.156043E+08 0.449442E+04 0.2043E+02      0 0.0000E+00       0      0      0      0    40550    1708     303     719    5062    35251   24428       0
 259   1  0.159013E+08 0.454466E+04 0.1846E+02      0 0.0000E+00       0      0      0      0    40835    1745     334     743    5310    35589   24827       0
 260   1  0.162263E+08 0.462789E+04 0.3119E+02      0 0.0000E+00       0      0      0      0    41728    1892     313     701    5353    36316   25150       0
 261   1  0.165781E+08 0.469153E+04 0.1005E+03      0 0.0000E+00       0      0      0      0    42474    1719     356     717    5335    36764   25735       0
 262   1  0.169704E+08 0.475144E+04 0.6838E+02      0 0.0000E+00       0      0      0      0    43962    1776     301     700    5435    37408   26228       0
 263   1  0.173907E+08 0.485719E+04 0.8221E+02      0 0.0000E+00       0      0      0      0    44974    1736     301     648    5434    38102   26167       0
 264   1  0.178729E+08 0.493748E+04 0.5388E+02      0 0.0000E+00       0      0      0      0    47665    1746     306     639    5673    38758   26809       0
 265   1  0.184033E+08 0.503028E+04 0.3839E+02      0 0.0000E+00       0      0      0      0    49946    1796     333     630    5698    39248   27276       0
 266   1  0.190100E+08 0.507801E+04 0.8805E+02      0 0.0000E+00       0      0      0      0    54037    1818     318     655    5988    39898   28453       0
 267   1  0.196966E+08 0.518422E+04 0.7851E+02      0 0.0000E+00       0      0      0      0    59226    1785     325     624    5929    40651   29426       0
 268   1  0.204860E+08 0.518585E+04 0.9121E+02      0 0.0000E+00       0      0      0      0    66597    1900     307     635    6115    40727   30289       0
 269   1  0.214056E+08 0.522343E+04 0.1151E+03      0 0.0000E+00       0      0      0      0    78028    1862     300     621    6269    40763   31322       0
 270   1  0.224870E+08 0.529527E+04 0.1145E+03      0 0.0000E+00       0      0      0      0    97332    1887     303     557    6449    41216   32951       0
 271   1  0.237604E+08 0.518554E+04 0.1217E+03      0 0.0000E+00       0      0      0      0   128199    1866     289     520    6307    40626   34925       0
 272   1  0.252769E+08 0.516901E+04 0.2201E+03      0 0.0000E+00       0      0      0      0   183499    1835     271     479    6090    40360   37869       0
 273   1  0.270082E+08 0.509548E+04 0.2589E+03      0 0.0000E+00       0      0      0      0   274836    1865     210     373    5890    39448   42456       0
 274   1  0.288460E+08 0.485564E+04 0.2717E+03      0 0.0000E+00       0      0      0      0   421749    1680     168     317    5478    37895   48313       0
 275   1  0.304905E+08 0.454216E+04 0.2604E+03      0 0.0000E+00       0      0      0      0   625511    1495     135     229    4820    35456   55685       0
 276   1  0.315412E+08 0.415387E+04 0.3773E+03      0 0.0000E+00       0      0      0      0   883791    1332     112     185    3898    32218   64261       0
 277   1  0.314255E+08 0.353961E+04 0.3854E+03      0 0.0000E+00       0      0      0      0  1155575    1036     123     130    3110    27562   72119       0
 278   1  0.297103E+08 0.288815E+04 0.3397E+03      0 0.0000E+00       0      0      0      0  1378022     778      70     110    2457    22539   75704       0
 279   1  0.262392E+08 0.223238E+04 0.3081E+03      0 0.0000E+00       0      0      0      0  1484758     543      54      65    1863    17498   74336       0
 280   1  0.213596E+08 0.159058E+04 0.2142E+03      0 0.0000E+00       0      0      0      0  1431463     405      53      42    1318    12586   66007       0
 281   1  0.158453E+08 0.114831E+04 0.1320E+03      0 0.0000E+00       0      0      0      0  1225514     289      53      30     908     8862   53498       0
 282   1  0.106214E+08 0.750650E+03 0.1223E+03      0 0.0000E+00       0      0      0      0   932499     214      59      23     723     5967   39114       0
 283   1  0.637855E+07 0.538732E+03 0.4929E+02      0 0.0000E+00       0      0      0      0   622542     188      50      14     539     4147   25763       0
 284   1  0.341355E+07 0.428870E+03 0.2390E+02      0 0.0000E+00       0      0      0      0   365888     158      40      18     536     3251   15685       0
 285   1  0.163112E+07 0.342812E+03 0.2741E+01      0 0.0000E+00       0      0      0      0   188712     141      41      29     424     2601    9182       0
 286   1  0.701984E+06 0.305218E+03 0.2299E+02      0 0.0000E+00       0      0      0      0    84720     146      36      34     427     2324    5535       0
 287   1  0.287959E+06 0.284318E+03 0.2688E+01      0 0.0000E+00       0      0      0      0    34068     123      41      33     436     2222    3888       0
 288   1  0.127026E+06 0.304820E+03 0.8565E+01      0 0.0000E+00       0      0      0      0    12690     131      35      24     398     2254    3175       0
 289   1  0.757601E+05 0.278327E+03 0.1403E+02      0 0.0000E+00       0      0      0      0     5203     156      43      28     426     2139    3050       0
 290   1  0.600096E+05 0.280807E+03 0.1206E+02      0 0.0000E+00       0      0      0      0     2897     108      51      31     416     2197    2932       0
 291   1  0.567147E+05 0.281809E+03 0.1049E+02      0 0.0000E+00       0      0      0      0     2308     163      29      32     423     2147    2846       0
 292   1  0.544242E+05 0.280463E+03 0.0000E+00      0 0.0000E+00       0      0      0      0     2084     147      44      20     438     2081    2807       0
 293   1  0.560874E+05 0.266234E+03 0.7436E+01      0 0.0000E+00       0      0      0      0     2124     159      33      25     427     2052    2852       0
 294   1  0.546615E+05 0.276299E+03 0.6558E+01      0 0.0000E+00       0      0      0      0     2161     149      44      21     415     2182    2747       0
 295   1  0.539057E+05 0.277398E+03 0.0000E+00      0 0.0000E+00       0      0      0      0     2122     133      40      21     386     2056    2799       0
 296   1  0.541706E+05 0.271498E+03 0.4565E+00      0 0.0000E+00       0      0      0      0     2106     151      46      19     431     2059    2825       0
 297   1  0.542446E+05 0.274351E+03 0.2698E+02      0 0.0000E+00       0      0      0      0     2039     142      45      28     412     2020    2818       0
 298   1  0.527132E+05 0.270689E+03 0.3052E+02      0 0.0000E+00       0      0      0      0     2042     127      49      18     369     2073    2634       0
 299   1  0.523094E+05 0.275425E+03 0.6397E+01      0 0.0000E+00       0      0      0      0     1976     125      32      20     391     2043    2638       0
 300   1  0.527130E+05 0.262815E+03 0.7147E+01      0 0.0000E+00       0      0      0      0     2067     102      41      17     376     1993    2649       0
 301   1  0.518277E+05 0.262382E+03 0.5644E+01      0 0.0000E+00       0      0      0      0     2017     127      38      20     348     1960    2625       0
 302   1  0.521051E+05 0.258884E+03 0.9083E+01      0 0.0000E+00       0      0      0      0     1899     133      51      29     361     1986    2597       0
 303   1  0.515688E+05 0.263029E+03 0.1025E+02      0 0.0000E+00       0      0      0      0     1979     113      37      16     370     2023    2545       0
 304   1  0.513178E+05 0.251112E+03 0.1637E+02      0 0.0000E+00       0      0      0      0     1969     140      25      19     364     1905    2505       0
 305   1  0.508806E+05 0.262606E+03 0.6967E+01      0 0.0000E+00       0      0      0      0     1959     122      53      15     361     1992    2598       0
 306   1  0.507701E+05 0.274830E+03 0.1507E+02      0 0.0000E+00       0      0      0      0     1891     125      39      30     398     2016    2466       0
 307   1  0.497711E+05 0.262922E+03 0.1325E+02      0 0.0000E+00       0      0      0      0     1895     130      41      20     347     1924    2389       0
 308   1  0.489430E+05 0.245955E+03 0.1721E+02      0 0.0000E+00       0      0      0      0     1901     113      39      32     340     1863    2464       0
 309   1  0.483865E+05 0.244965E+03 0.0000E+00      0 0.0000E+00       0      0      0      0     1839     114      34      21     350     1841    2374       0
 310   1  0.487157E+05 0.242757E+03 0.7404E+01      0 0.0000E+00       0      0      0      0     1809     115      39      25     354     1866    2467       0
 311   1  0.486800E+05 0.244504E+03 0.6358E+01      0 0.0000E+00       0      0      0      0     1834     123      32      25     334     1849    2404       0
 312   1  0.484776E+05 0.235538E+03 0.0000E+00      0 0.0000E+00       0      0      0      0     1797     108      37      24     365     1800    2428       0
 313   1  0.484696E+05 0.246002E+03 0.4095E+02      0 0.0000E+00       0      0      0      0     1785     123      28      22     349     1775    2368       0
 314   1  0.474778E+05 0.235620E+03 0.0000E+00      0 0.0000E+00       0      0      0      0     1805     109      34      13     330     1779    2321       0
 315   1  0.470054E+05 0.252602E+03 0.0000E+00      0 0.0000E+00       0      0      0      0     1746     111      37      21     341     1826    2367       0
 316   1  0.473061E+05 0.221376E+03 0.0000E+00      0 0.0000E+00       0      0      0      0     1758     118      35      19     352     1687    2264       0
 317   1  0.467397E+05 0.224060E+03 0.6609E+01      0 0.0000E+00       0      0      0      0     1790      96      31      22     328     1729    2341       0
 318   1  0.469041E+05 0.231067E+03 0.1704E+02      0 0.0000E+00       0      0      0      0     1812     118      35      27     334     1733    2382       0
 319   1  0.467476E+05 0.220491E+03 0.2948E+02      0 0.0000E+00       0      0      0      0     1592     118      35      22     349     1666    2263       0
 320   1  0.469842E+05 0.235583E+03 0.0000E+00      0 0.0000E+00       0      0      0      0     1667     136      37      19     343     1758    2242       0
 321   1  0.468341E+05 0.221757E+03 0.0000E+00      0 0.0000E+00       0      0      0      0     1805     124      26      19     347     1716    2221       0
 322   1  0.452350E+05 0.229280E+03 0.6454E+01      0 0.0000E+00       0      0      0      0     1663     115      27      20     327     1721    2065       0
 323   1  0.454335E+05 0.209502E+03 0.2108E+02      0 0.0000E+00       0      0      0      0     1720     105      36      18     297     1647    2201       0
 324   1  0.446751E+05 0.207778E+03 0.0000E+00      0 0.0000E+00       0      0      0      0     1657     124      42      19     350     1611    2171       0
 325   1  0.441113E+05 0.227351E+03 0.0000E+00      0 0.0000E+00       0      0      0      0     1639     105      33      15     314     1709    2164       0
 326   1  0.438288E+05 0.201710E+03 0.0000E+00      0 0.0000E+00       0      0      0      0     1587     114      30      16     331     1603    2125       0
 327   1  0.437165E+05 0.225945E+03 0.8810E+01      0 0.0000E+00       0      0      0      0     1576     115      35      21     293     1651    2069       0
 328   1  0.448651E+05 0.219297E+03 0.8706E+01      0 0.0000E+00       0      0      0      0     1636     108      33      28     323     1621    2176       0
 329   1  0.444249E+05 0.226583E+03 0.7391E+01      0 0.0000E+00       0      0      0      0     1610      98      34      24     333     1625    2055       0
 330   1  0.440345E+05 0.210723E+03 0.1288E+02      0 0.0000E+00       0      0      0      0     1649      97      51      23     322     1539    2070       0
 331   1  0.427795E+05 0.224247E+03 0.9777E+01      0 0.0000E+00       0      0      0      0     1598      89      37      13     309     1623    2033       0
 332   1  0.429705E+05 0.205908E+03 0.0000E+00      0 0.0000E+00       0      0      0      0     1575     101      29      20     285     1602    2071       0
 333   1  0.423751E+05 0.195941E+03 0.0000E+00      0 0.0000E+00       0      0      0      0     1533     122      27      24     311     1513    1976       0
 334   1  0.416912E+05 0.218722E+03 0.1337E+02      0 0.0000E+00       0      0      0      0     1545      93      30      21     318     1653    2005       0
 335   1  0.409956E+05 0.201698E+03 0.1938E+02      0 0.0000E+00       0      0      0      0     1481     105      26      21     306     1535    1949       0
 336   1  0.405861E+05 0.218516E+03 0.0000E+00      0 0.0000E+00       0      0      0      0     1446      80      27      21     309     1549    1925       0
 337   1  0.412295E+05 0.198999E+03 0.2411E+02      0 0.0000E+00       0      0      0      0     1462     106      39      16     305     1462    1972       0
 338   1  0.411653E+05 0.203688E+03 0.0000E+00      0 0.0000E+00       0      0      0      0     1483      83      24      13     301     1476    2008       0
 339   1  0.403095E+05 0.190472E+03 0.5937E+01      0 0.0000E+00       0      0      0      0     1501      89      24      15     283     1463    1914       0
 340   1  0.402107E+05 0.195387E+03 0.9927E+01      0 0.0000E+00       0      0      0      0     1418      95      29      12     291     1467    1924       0
 341   1  0.400676E+05 0.186381E+03 0.2066E+01      0 0.0000E+00       0      0      0      0     1495     108      27      12     278     1370    1882       0
 342   1  0.403146E+05 0.187037E+03 0.0000E+00      0 0.0000E+00       0      0      0      0     1455      94      22      30     347     1439    1897       0
 343   1  0.398404E+05 0.191334E+03 0.9933E+01      0 0.0000E+00       0      0      0      0     1415      82      44      17     289     1460    1880       0
 344   1  0.393471E+05 0.199852E+03 0.6562E+01      0 0.0000E+00       0      0      0      0     1432      94      23      16     270     1463    1838       0
 345   1  0.391805E+05 0.174654E+03 0.6351E+01      0 0.0000E+00       0      0      0      0     1471      80      30      22     259     1393    1835       0
 346   1  0.399636E+05 0.194008E+03 0.0000E+00      0 0.0000E+00       0      0      0      0     1397      88      33      19     299     1403    1921       0
 347   1  0.391539E+05 0.183289E+03 0.6536E+01      0 0.0000E+00       0      0      0      0     1461     101      33      16     294     1351    1798       0
 348   1  0.400144E+05 0.182988E+03 0.1412E+02      0 0.0000E+00       0      0      0      0     1469     111      28      13     324     1322    1914       0
 349   1  0.383692E+05 0.190407E+03 0.1930E+02      0 0.0000E+00       0      0      0      0     1371      87      30      25     290     1363    1878       0
 350   1  0.387193E+05 0.187896E+03 0.1517E+02      0 0.0000E+00       0      0      0      0     1379      76      36      18     282     1333    1867       0
 351   1  0.378186E+05 0.171887E+03 0.7811E+01      0 0.0000E+00       0      0      0      0     1427      87      27      23     239     1306    1784       0
 352   1  0.374016E+05 0.185697E+03 0.0000E+00      0 0.0000E+00       0      0      0      0     1362      90      37      18     250     1350    1731       0
 353   1  0.376390E+05 0.173619E+03 0.0000E+00      0 0.0000E+00       0      0      0      0     1317     111      31      13     258     1324    1771       0
 354   1  0.370784E+05 0.170143E+03 0.0000E+00      0 0.0000E+00       0      0      0      0     1336      78      30      10     271     1326    1727       0
 355   1  0.371064E+05 0.169289E+03 0.0000E+00      0 0.0000E+00       0      0      0      0     1373      83      35      12     238     1273    1775       0
 356   1  0.364109E+05 0.173397E+03 0.7022E+01      0 0.0000E+00       0      0      0      0     1347      83      28      17     246     1287    1658       0
 357   1  0.364565E+05 0.170615E+03 0.0000E+00      0 0.0000E+00       0      0      0      0     1292      85      24      13     238     1280    1698       0
 358   1  0.370761E+05 0.176515E+03 0.1202E+02      0 0.0000E+00       0      0      0      0     1314      85      49      18     256     1297    1664       0
 359   1  0.365391E+05 0.168136E+03 0.8762E+01      0 0.0000E+00       0      0      0      0     1280      90      34      13     258     1270    1688       0
 360   1  0.363895E+05 0.175400E+03 0.7555E+01      0 0.0000E+00       0      0      0      0     1332      92      26      14     246     1296    1733       0
 361   1  0.354624E+05 0.173531E+03 0.0000E+00      0 0.0000E+00       0      0      0      0     1285      87      34      17     225     1276    1637       0
 362   1  0.352329E+05 0.155900E+03 0.9963E+01      0 0.0000E+00       0      0      0      0     1225      95      33      22     222     1184    1524       0
 363   1  0.352983E+05 0.155769E+03 0.7720E+01      0 0.0000E+00       0      0      0      0     1263      77      22      20     227     1252    1596       0
 364   1  0.349567E+05 0.161673E+03 0.0000E+00      0 0.0000E+00       0      0      0      0     1282      59      24      13     237     1195    1600       0
 365   1  0.346131E+05 0.162238E+03 0.5293E+01      0 0.0000E+00       0      0      0      0     1144      89      39      13     230     1191    1589       0
 366   1  0.354978E+05 0.167873E+03 0.7532E+01      0 0.0000E+00       0      0      0      0     1267      81      30      21     279     1220    1664       0
 367   1  0.345432E+05 0.159646E+03 0.1370E+02      0 0.0000E+00       0      0      0      0     1252      87      35      16     234     1172    1593       0
 368   1  0.333911E+05 0.147107E+03 0.1046E+02      0 0.0000E+00       0      0      0      0     1163      64      25      15     211     1146    1460       0
 369   1  0.339150E+05 0.159746E+03 0.7246E+01      0 0.0000E+00       0      0      0      0     1207      80      26      14     248     1194    1523       0
 370   1  0.336167E+05 0.148792E+03 0.1118E+02      0 0.0000E+00       0      0      0      0     1166      77      25      12     229     1190    1534       0
 371   1  0.337859E+05 0.142657E+03 0.0000E+00      0 0.0000E+00       0      0      0      0     1181      88      30      18     261     1118    1567       0
 372   1  0.338115E+05 0.157333E+03 0.0000E+00      0 0.0000E+00       0      0      0      0     1142      88      34      19     234     1174    1551       0
 373   1  0.332946E+05 0.151539E+03 0.1649E+02      0 0.0000E+00       0      0      0      0     1145      75      34      14     200     1125    1449       0
 374   1  0.334160E+05 0.153430E+03 0.0000E+00      0 0.0000E+00       0      0      0      0     1197      78      22      20     209     1178    1507       0
 375   1  0.335950E+05 0.147357E+03 0.0000E+00      0 0.0000E+00       0      0      0      0     1206      93      32      12     231     1082    1468       0
 376   1  0.326662E+05 0.147836E+03 0.1121E+02      0 0.0000E+00       0      0      0      0     1149      84      27      14     221     1060    1450       0
 377   1  0.323747E+05 0.148553E+03 0.5780E+01      0 0.0000E+00       0      0      0      0     1112      80      25      12     230     1140    1457       0
 378   1  0.318090E+05 0.146875E+03 0.0000E+00      0 0.0000E+00       0      0      0      0     1104      66      32       9     213     1087    1414       0
 379   1  0.320639E+05 0.141231E+03 0.7353E+01      0 0.0000E+00       0      0      0      0     1071      87      14      14     205     1067    1366       0
 380   1  0.318814E+05 0.142491E+03 0.6252E+01      0 0.0000E+00       0      0      0      0     1099      81      22      11     237     1020    1508       0
 381   1  0.310433E+05 0.154965E+03 0.0000E+00      0 0.0000E+00       0      0      0      0     1052      65      13      10     207     1143    1377       0
 382   1  0.304329E+05 0.129522E+03 0.0000E+00      0 0.0000E+00       0      0      0      0     1111      67      19      13     175     1003    1356       0
 383   1  0.304653E+05 0.150303E+03 0.6391E+01      0 0.0000E+00       0      0      0      0     1119      59      13      24     186     1095    1345       0
 384   1  0.306806E+05 0.138672E+03 0.0000E+00      0 0.0000E+00       0      0      0      0     1095      67      20      12     231     1040    1421       0
 385   1  0.307407E+05 0.142568E+03 0.0000E+00      0 0.0000E+00       0      0      0      0     1091      85      30      19     212     1093    1397       0
 386   1  0.302669E+05 0.131913E+03 0.6568E+01      0 0.0000E+00       0      0      0      0     1040      76      24      18     181     1012    1324       0
 387   1  0.301327E+05 0.136471E+03 0.1784E+02      0 0.0000E+00       0      0      0      0     1029      73      25      13     225     1028    1365       0
 388   1  0.310545E+05 0.128508E+03 0.0000E+00      0 0.0000E+00       0      0      0      0     1008      77      29      18     221      992    1371       0
 389   1  0.304483E+05 0.144369E+03 0.7484E+01      0 0.0000E+00       0      0      0      0     1120      73      26      11     211     1046    1422       0
 390   1  0.299607E+05 0.129114E+03 0.1069E+02      0 0.0000E+00       0      0      0      0      998      67      23      14     188     1021    1302       0
 391   1  0.302454E+05 0.134792E+03 0.7646E+00      0 0.0000E+00       0      0      0      0     1047      85      25      10     171     1022    1371       0
 392   1  0.305202E+05 0.127715E+03 0.1402E+02      0 0.0000E+00       0      0      0      0     1046      72      26      12     221      990    1319       0
 393   1  0.293763E+05 0.134082E+03 0.0000E+00      0 0.0000E+00       0      0      0      0     1010      66      30      13     181      986    1267       0
 394   1  0.292904E+05 0.123077E+03 0.0000E+00      0 0.0000E+00       0      0      0      0     1000      64      27      11     198      954    1293       0
 395   1  0.292695E+05 0.127433E+03 0.0000E+00      0 0.0000E+00       0      0      0      0      968      72      28      16     206      979    1283       0
 396   1  0.287571E+05 0.133704E+03 0.0000E+00      0 0.0000E+00       0      0      0      0      992      70      20      12     187      959    1226       0
 397   1  0.280908E+05 0.120904E+03 0.0000E+00      0 0.0000E+00       0      0      0      0      940      67      23      13     176      967    1139       0
 398   1  0.280717E+05 0.125228E+03 0.0000E+00      0 0.0000E+00       0      0      0      0      948      58      17      14     189      943    1227       0
 399   1  0.281527E+05 0.124290E+03 0.0000E+00      0 0.0000E+00       0      0      0      0      943      65      17      19     178      958    1207       0
 400   1  0.281032E+05 0.124933E+03 0.0000E+00      0 0.0000E+00       0      0      0      0      970      60      24      12     191      915    1225       0
 401   0  0.000000E+00 0.000000E+00 0.0000E+00      0 0.0000E+00       0      0      0      0        0       0       0       0       0        0       0       0
  SUMM:   0.294735E+10 0.635420E+06 0.1394E+05     85 0.9421E+03       0      0      0      0 19384847  510200  118364  249762 1344154  4595775 6452615       0
 ZONE  MED     C10     C11     N12     N13     O13     O14     O15     F17     F18
    1    1     466    1213       0     504       5     172    2765       2       0
    2    1     472    1200       0     527       4     160    2715       1       0
    3    1     510    1262       0     474       7     132    2769       0       0
    4    1     516    1181       1     524       2     155    2830       1       0
    5    1     492    1217       0     485       3     181    2734       1       0
    6    1     513    1213       0     511       4     146    2766       0       0
    7    1     474    1224       0     500       5     136    2706       0       0
    8    1     518    1215       0     512       6     150    2803       0       2
    9    1     492    1215       0     497       6     146    2831       1       0
   10    1     577    1238       0     512       1     124    2892       0       0
   11    1     467    1214       1     517       8     162    2797       0       1
   12    1     466    1208       1     491       5     143    2928       1       1
   13    1     497    1223       0     479       5     140    2763       1       0
   14    1     481    1204       1     482       3     150    2902       1       1
   15    1     512    1202       0     536       4     141    2951       0       2
   16    1     483    1222       0     557       8     143    2914       1       0
   17    1     495    1195       0     499       3     142    2853       0       0
   18    1     488    1234       1     522       8     148    2849       0       0
   19    1     468    1238       0     539       3     148    2918       1       0
   20    1     483    1256       0     494       5     150    2814       0       0
   21    1     471    1237       0     517       5     155    2908       0       0
   22    1     477    1191       0     537       3     155    2841       0       0
   23    1     514    1218       0     538       3     131    2880       1       1
   24    1     510    1250       0     515       3     144    2865       0       0
   25    1     463    1202       0     491       8     147    2802       0       2
   26    1     508    1185       1     513       6     144    2819       0       0
   27    1     522    1201       0     532       6     135    2942       1       0
   28    1     494    1302       0     545       0     175    2893       0       0
   29    1     481    1211       0     521       2     159    2863       0       1
   30    1     473    1232       0     589       5     151    2965       0       0
   31    1     522    1248       0     627       2     142    2890       0       0
   32    1     490    1209       0     543       8     148    2848       0       0
   33    1     542    1281       0     538       8     165    2947       0       0
   34    1     464    1230       1     539       8     167    2959       1       0
   35    1     482    1234       0     527       3     134    2884       0       0
   36    1     467    1242       0     569       8     145    2994       0       0
   37    1     480    1254       0     514       7     147    2949       0       0
   38    1     500    1283       1     560       4     150    3050       0       0
   39    1     494    1255       0     582       7     163    2946       0       0
   40    1     527    1281       0     546       7     157    2903       0       0
   41    1     525    1227       1     544       1     161    3008       0       0
   42    1     513    1236       0     537       7     140    3002       1       0
   43    1     479    1331       0     556       5     117    2994       0       0
   44    1     467    1162       1     522       8     153    3071       0       0
   45    1     535    1240       0     508       3     186    3013       1       0
   46    1     508    1249       0     503       1     154    3027       0       0
   47    1     491    1240       0     509       3     137    3021       1       0
   48    1     506    1218       1     552       4     152    2927       1       0
   49    1     477    1293       0     534       2     142    3070       0       2
   50    1     486    1270       0     514       2     149    3070       2       1
   51    1     478    1151       0     536       6     118    2933       0       0
   52    1     450    1283       0     519       2     149    2968       0       0
   53    1     510    1250       1     559       6     145    2934       0       1
   54    1     484    1264       0     558       2     145    3079       1       0
   55    1     462    1190       0     539       4     133    2963       0       1
   56    1     498    1240       0     563       5     132    3011       0       0
   57    1     485    1260       0     543       6     162    3048       0       0
   58    1     513    1206       1     531       3     133    2989       0       0
   59    1     498    1307       0     512       0     127    3009       2       0
   60    1     469    1259       0     526       4     138    3055       1       0
   61    1     491    1202       0     556       6     156    2932       1       3
   62    1     481    1208       0     511       3     163    3055       1       0
   63    1     524    1210       0     528       4     168    3034       1       0
   64    1     501    1250       0     560       5     154    2995       0       1
   65    1     520    1309       0     501       4     163    2990       0       0
   66    1     480    1257       0     532       3     163    3029       1       0
   67    1     471    1204       0     539       7     167    3007       1       1
   68    1     511    1255       0     530       5     142    2968       0       1
   69    1     519    1210       0     562       6     162    2971       1       1
   70    1     464    1228       0     545       4     161    3052       1       0
   71    1     489    1221       0     495       8     159    2942       0       2
   72    1     524    1222       0     546       9     137    3099       1       0
   73    1     504    1220       0     528       8     171    3045       0       1
   74    1     444    1229       0     552       5     183    2971       0       0
   75    1     481    1303       0     569       2     165    3078       0       0
   76    1     458    1342       0     538       2     156    3035       0       2
   77    1     506    1325       0     531       2     139    2964       0       1
   78    1     474    1215       0     518       2     143    3081       0       0
   79    1     478    1217       0     548       3     151    3064       0       0
   80    1     459    1201       0     525       3     149    3120       0       0
   81    1     459    1197       0     524       4     151    2965       0       0
   82    1     495    1214       0     519       1     164    3035       1       1
   83    1     505    1285       0     527       2     159    2922       1       0
   84    1     455    1276       0     530       5     149    2970       2       0
   85    1     515    1194       0     606       4     170    3038       1       2
   86    1     523    1187       0     580       6     161    3090       1       0
   87    1     476    1296       0     510       6     166    3066       0       0
   88    1     490    1294       0     560       5     161    2957       1       0
   89    1     520    1279       0     544       2     145    3011       1       0
   90    1     504    1238       0     496       6     151    2997       1       0
   91    1     499    1329       0     505       4     168    2939       0       1
   92    1     486    1343       0     525       5     182    3047       0       1
   93    1     502    1241       0     509       5     141    2998       0       2
   94    1     513    1277       0     546       3     132    2974       0       0
   95    1     450    1237       0     519       1     179    3051       0       2
   96    1     482    1210       0     616       6     184    2982       0       0
   97    1     474    1235       0     533       5     142    2966       1       1
   98    1     478    1221       0     542       6     150    3041       0       1
   99    1     494    1193       0     491       4     139    3078       1       0
  100    1     486    1183       0     547       4     178    3051       1       0
  101    1     485    1211       0     495      10     152    3103       0       0
  102    1     466    1216       0     532       5     167    3097       1       1
  103    1     483    1202       0     532       2     150    3079       0       1
  104    1     451    1259       0     559       2     153    3107       1       0
  105    1     457    1246       0     540       6     163    2985       2       0
  106    1     511    1236       0     522       4     167    2977       1       0
  107    1     495    1197       1     513       3     152    2962       1       0
  108    1     475    1220       0     560       2     160    3061       0       0
  109    1     500    1237       0     548       8     154    3011       0       0
  110    1     498    1145       0     517       6     169    3064       0       0
  111    1     488    1202       0     553       6     149    3139       2       0
  112    1     437    1235       0     593       2     148    3153       0       0
  113    1     527    1196       0     549       4     124    3049       0       0
  114    1     458    1225       0     539       4     151    3081       0       1
  115    1     507    1182       0     543       7     163    3009       0       0
  116    1     490    1227       0     547       5     183    3011       0       1
  117    1     459    1227       0     577       5     164    3127       0       0
  118    1     504    1258       0     526       9     153    3056       0       0
  119    1     483    1236       0     516       5     158    3075       0       0
  120    1     483    1235       0     520       6     171    3002       2       0
  121    1     483    1181       1     534       4     145    3048       1       1
  122    1     456    1244       0     537       1     174    3034       1       0
  123    1     472    1243       0     529       4     146    3023       1       0
  124    1     447    1258       0     529       4     150    3076       1       1
  125    1     486    1223       0     514       5     172    2985       0       0
  126    1     511    1334       2     568       3     179    2970       1       1
  127    1     500    1224       0     524       2     165    3023       0       0
  128    1     458    1198       0     567       6     154    3014       0       0
  129    1     448    1222       0     578       6     158    3031       0       0
  130    1     469    1168       0     507       3     176    2967       0       0
  131    1     498    1180       1     551       5     136    3005       0       1
  132    1     464    1230       1     590       8     150    3085       0       0
  133    1     459    1202       0     557       2     151    3053       2       0
  134    1     511    1276       0     523       6     164    3118       0       0
  135    1     488    1264       0     490       2     140    3043       1       1
  136    1     491    1187       0     527       5     166    3061       0       0
  137    1     448    1306       0     579       3     160    2974       0       2
  138    1     539    1232       1     545       3     157    3035       0       1
  139    1     482    1182       1     528       2     156    3026       3       0
  140    1     453    1227       0     544      10     166    3165       0       0
  141    1     498    1260       0     585       6     140    3045       1       1
  142    1     470    1217       1     537       1     154    3136       1       1
  143    1     501    1246       0     531       2     167    3067       0       1
  144    1     485    1254       0     526       4     157    3009       1       0
  145    1     456    1201       0     524       7     139    3160       0       0
  146    1     514    1256       0     516       3     173    3110       1       0
  147    1     435    1278       2     506       7     165    3083       0       3
  148    1     483    1183       0     536       3     159    3122       0       0
  149    1     452    1214       0     524       6     153    3103       0       1
  150    1     471    1254       1     567       2     151    3074       1       0
  151    1     460    1227       0     540       6     160    3053       0       2
  152    1     467    1216       0     557       3     170    3022       2       0
  153    1     427    1160       0     510       5     147    3010       1       0
  154    1     451    1277       0     568       6     141    3074       0       1
  155    1     502    1251       0     518       4     168    3146       1       1
  156    1     457    1276       0     541       1     158    3020       0       0
  157    1     489    1263       0     557       2     148    3153       0       0
  158    1     471    1260       0     545       3     165    3010       0       0
  159    1     457    1213       0     544       2     149    3026       0       0
  160    1     459    1252       0     583       5     165    2982       0       1
  161    1     468    1161       0     515       7     135    3010       1       0
  162    1     481    1203       0     488      13     159    2990       0       0
  163    1     490    1140       0     572       5     156    3150       0       0
  164    1     474    1246       0     578       3     162    3032       0       0
  165    1     461    1188       0     537       4     143    3147       1       2
  166    1     449    1246       0     539       1     148    3141       0       1
  167    1     429    1239       0     550       3     158    2962       0       1
  168    1     479    1246       0     569       0     148    3038       0       0
  169    1     471    1234       0     564       5     169    2966       1       1
  170    1     429    1258       0     542       4     145    2943       1       1
  171    1     458    1157       0     559       3     162    2968       1       0
  172    1     474    1186       1     541       5     140    3134       1       0
  173    1     489    1169       0     564       4     166    3032       0       0
  174    1     455    1208       2     520       5     168    3123       1       1
  175    1     462    1190       0     556       2     143    3091       0       0
  176    1     496    1219       0     505       6     163    3074       0       1
  177    1     450    1206       0     561       9     137    3139       0       0
  178    1     452    1225       0     530       2     157    3078       2       0
  179    1     454    1178       0     524       4     170    3232       0       0
  180    1     481    1219       0     541       8     141    2958       0       0
  181    1     492    1273       2     533       3     130    3064       0       0
  182    1     488    1196       0     548       4     153    3061       1       0
  183    1     440    1235       0     486       3     157    3089       0       0
  184    1     414    1225       0     532       3     153    2973       1       2
  185    1     452    1240       0     510       3     148    3119       2       0
  186    1     449    1166       0     528       8     145    3183       0       1
  187    1     437    1206       0     544       2     172    2969       0       1
  188    1     420    1201       2     515       5     140    3022       0       1
  189    1     480    1204       0     499       8     178    3091       2       0
  190    1     405    1196       0     558       3     144    3166       1       2
  191    1     447    1201       0     565       5     178    2875       1       0
  192    1     458    1164       1     540       8     137    3118       0       0
  193    1     420    1189       0     560       3     150    3139       2       0
  194    1     442    1276       0     543       6     159    3053       2       1
  195    1     422    1103       0     540       8     154    3059       2       1
  196    1     416    1182       0     542       4     154    3158       1       0
  197    1     470    1149       0     529       5     165    3014       0       0
  198    1     397    1181       0     520       3     149    2970       1       0
  199    1     461    1105       0     536       8     141    3158       0       0
  200    1     427    1227       0     540       2     149    3093       0       3
  201    1     464    1142       0     515       5     137    3108       0       1
  202    1     464    1138       0     590       6     159    3123       0       1
  203    1     409    1220       0     517       4     137    3090       0       4
  204    1     453    1065       0     522       4     166    3185       2       2
  205    1     427    1153       0     547       1     157    3164       1       0
  206    1     408    1103       0     548       7     159    3091       1       0
  207    1     415    1145       0     526       5     185    3183       0       1
  208    1     453    1111       0     544       8     180    3147       2       0
  209    1     422    1146       0     485      10     148    3152       0       0
  210    1     441    1140       0     584       3     131    3179       1       2
  211    1     448    1174       0     558      10     154    3283       0       1
  212    1     391    1139       0     582       4     147    3070       0       0
  213    1     423    1135       0     535       2     163    3180       2       0
  214    1     409    1145       0     565       6     154    3119       1       0
  215    1     408    1150       0     555       7     139    3124       0       1
  216    1     413    1168       0     581       3     162    3196       1       0
  217    1     402    1173       0     562       7     144    3163       0       0
  218    1     396    1124       0     592       3     150    3318       1       0
  219    1     441    1183       1     537       6     144    3267       1       0
  220    1     417    1164       0     509       3     175    3202       1       0
  221    1     406    1153       0     576       6     152    3255       1       0
  222    1     434    1166       0     565       4     174    3146       1       0
  223    1     409    1148       0     556       6     173    3159       0       0
  224    1     396    1142       1     580       3     156    3244       0       1
  225    1     388    1139       0     578       3     166    3249       2       1
  226    1     363    1118       0     562       5     152    3206       0       0
  227    1     432    1083       0     571       4     168    3282       1       0
  228    1     395    1080       0     603       5     161    3290       1       0
  229    1     395    1121       0     567       1     154    3274       1       2
  230    1     402    1078       0     568       4     168    3264       1       1
  231    1     391    1112       1     547      10     150    3207       1       0
  232    1     428    1094       0     578       4     169    3172       1       1
  233    1     367    1043       0     546       4     158    3278       0       0
  234    1     339    1127       0     591       3     160    3261       1       0
  235    1     381    1033       0     528       5     173    3370       0       2
  236    1     358    1064       0     592       4     170    3364       3       0
  237    1     388    1060       0     561       7     174    3336       0       0
  238    1     349    1106       0     572       3     161    3339       0       0
  239    1     388    1101       0     584       4     149    3342       1       0
  240    1     343    1070       0     564       3     146    3350       1       1
  241    1     370    1073       0     602       6     169    3455       0       2
  242    1     338    1070       1     586       5     175    3402       0       1
  243    1     357     992       0     568       6     168    3502       0       1
  244    1     387    1048       0     595       5     194    3517       2       1
  245    1     330     994       0     583       6     199    3509       0       0
  246    1     345    1013       1     611       3     167    3564       0       0
  247    1     310    1007       0     581       1     203    3652       0       1
  248    1     322     984       0     558       3     165    3663       0       2
  249    1     339    1016       0     625       3     169    3724       0       1
  250    1     349     978       0     618       2     174    3747       0       1
  251    1     342     947       0     650       3     191    3805       0       0
  252    1     358     952       0     631       5     210    3928       2       2
  253    1     345     923       0     652       4     200    4046       0       2
  254    1     322     951       0     662       3     179    4006       1       1
  255    1     328     897       0     618       6     209    4127       2       1
  256    1     294     835       0     642       2     164    4243       0       0
  257    1     311     837       0     607       1     197    4211       2       0
  258    1     291     806       0     698       2     217    4382       0       2
  259    1     271     802       0     680       2     203    4374       0       1
  260    1     244     761       0     641       2     216    4526       0       0
  261    1     245     732       0     705       2     227    4654       0       3
  262    1     235     717       0     686       5     210    4804       1       0
  263    1     197     680       0     657       1     249    4763       2       2
  264    1     173     665       0     627       0     240    4922       1       0
  265    1     132     583       0     603       0     235    5169       5       1
  266    1     112     522       0     578       2     242    5336       2       1
  267    1      93     481       0     563       0     263    5267       0       1
  268    1      73     416       0     527       0     241    5539       2       4
  269    1      43     329       0     448       0     235    5606       2       2
  270    1      36     292       0     394       0     207    5644       1       2
  271    1      22     234       0     349       0     222    5547       3       0
  272    1      16     165       0     338       0     173    5520       2       5
  273    1       9     148       0     296       0     148    5309       0       6
  274    1       6      85       0     241       0     109    4847       5       3
  275    1       8      51       0     219       0      85    4170       3       7
  276    1       8      59       0     225       0      61    3519       2       9
  277    1       5      50       0     203       0      54    2672       3       6
  278    1       3      31       0     157       0      25    1909       6       7
  279    1       3      32       0     136       0      13    1289       8       4
  280    1       6      19       0     102       0       6     844       6       4
  281    1       5      35       0      69       0       6     503       5       1
  282    1       1      34       0      54       0       0     303       4       1
  283    1       6      33       0      22       0       4     222       4       0
  284    1       8      28       0      19       0       2     150       0       1
  285    1       5      28       0      14       0       3     126       0       0
  286    1       3      28       0      13       0       1     128       0       0
  287    1       5      28       0      16       0       3      96       0       0
  288    1       7      29       0      10       0       1     100       0       0
  289    1       4      22       0      12       1       3     130       0       0
  290    1       4      24       0       9       0       1     111       0       0
  291    1       3      33       0       4       0       2     126       0       0
  292    1       4      20       0       9       0       2     113       0       0
  293    1       4      26       0      17       0       0      94       0       0
  294    1       8      25       0      10       0       1      97       0       0
  295    1       1      26       0      16       0       0      94       0       0
  296    1       6      26       0       4       0       4     107       0       0
  297    1       2      25       0      12       0       3     111       0       0
  298    1       4      28       0       9       0       0     108       0       0
  299    1       1      24       0       8       0       3      96       0       0
  300    1       1      25       0       7       0       2      99       0       0
  301    1       3      19       0      15       0       4     106       0       0
  302    1       0      22       0       8       0       5     107       0       0
  303    1       7      27       0      13       0       3      90       0       0
  304    1       2      17       0       4       0       0      84       0       0
  305    1       5      31       0      15       0       3     101       0       0
  306    1       2      23       0       6       0       3     112       0       0
  307    1       8      32       0      10       0       2     105       0       0
  308    1       0      22       0      13       0       4      71       0       0
  309    1       6      19       0       6       0       1      69       0       0
  310    1       1      17       0       8       0       4      77       0       0
  311    1       2      14       0      12       0       0      93       0       0
  312    1       1      18       0       6       0       0     100       0       0
  313    1       2      31       0      12       0       1     101       0       0
  314    1       2      23       0      17       0       2      97       0       0
  315    1       3      30       0       6       0       1      97       0       0
  316    1       2      28       0      13       0       2      84       0       0
  317    1       6      21       0      10       0       2      93       0       0
  318    1       2      25       0      18       0       1     100       0       0
  319    1       6      25       0       8       0       3      91       0       0
  320    1       2      29       0       4       0       1      81       0       0
  321    1       4      21       0      10       0       1      94       0       0
  322    1       6      23       0       8       0       3      69       0       0
  323    1       0      14       0       8       0       1      76       0       0
  324    1       4      19       0       7       0       2      63       0       0
  325    1       3      20       0       9       0       2      74       0       0
  326    1       4      26       0       4       0       0      73       0       0
  327    1       3      22       0      12       0       0      85       0       0
  328    1       2      18       0       7       0       2      99       0       0
  329    1       3      21       0       6       0       0      69       0       0
  330    1       5      19       0       9       0       2      81       0       0
  331    1       2      19       0       7       0       1      80       0       0
  332    1       5      22       0      13       0       0      75       1       0
  333    1       2      23       0       6       0       1      76       0       0
  334    1       6      24       0      10       0       2      77       0       0
  335    1       1      19       0       7       0       4      69       0       0
  336    1       7      16       0       7       0       1      91       0       0
  337    1       2      14       0       3       0       1      70       0       0
  338    1       3      25       0       5       0       2      78       0       0
  339    1       1      23       0       9       0       1     102       0       0
  340    1       3      17       0       6       0       1      79       0       0
  341    1       1      24       0       5       0       1      79       0       0
  342    1       5      17       0       7       0       0      84       0       0
  343    1       4      21       0       7       0       0      86       0       0
  344    1       3      23       0       5       0       2      85       0       0
  345    1       2      13       0       8       1       2      70       0       0
  346    1       3      18       0      10       0       0      89       0       0
  347    1       3      18       0       6       0       2      80       0       0
  348    1       6      18       0       3       0       3      66       0       0
  349    1       0      22       0       4       0       2      72       0       0
  350    1       3      24       0       9       0       0      90       0       0
  351    1       2      24       0       4       0       3      71       0       0
  352    1       4      21       0       9       0       0      83       0       0
  353    1       6      18       0       3       0       2      73       0       0
  354    1       3      18       0       9       0       0      61       0       0
  355    1       4      16       0       9       0       1      67       0       0
  356    1       0      23       0       0       0       2      55       1       0
  357    1       3      20       0       7       0       3      75       0       0
  358    1       1      23       0      11       0       3      56       0       0
  359    1       6      10       0       6       0       2      67       0       0
  360    1       2      16       0       7       0       2      75       0       0
  361    1       6      13       0       5       0       5      68       0       0
  362    1       2      18       0       7       0       4      53       0       0
  363    1       2      10       0       4       0       4      73       0       0
  364    1       1      16       0       4       0       2      83       0       0
  365    1       2      18       0       5       0       4      71       0       0
  366    1       1      21       0      10       0       0      53       0       0
  367    1       4      20       0       4       0       1      54       0       0
  368    1       0      17       0       2       0       0      63       0       0
  369    1       1      16       0       3       0       0      77       0       0
  370    1       1      20       0       4       0       3      72       0       0
  371    1       3      15       0       5       0       2      52       0       0
  372    1       2      23       0       4       0       3      61       0       0
  373    1       1      20       0       9       0       2      63       0       0
  374    1       1      14       0      10       0       4      60       0       0
  375    1       4      12       0       5       0       1      64       0       0
  376    1       2      19       0       4       0       0      60       0       0
  377    1       3      18       0       4       0       0      64       0       0
  378    1       2      17       0       4       0       1      61       0       0
  379    1       4      12       0       6       0       1      62       0       0
  380    1       5      13       0       7       0       1      71       0       0
  381    1       1      15       0       7       0       4      66       0       0
  382    1       5       8       0       9       0       2      49       0       0
  383    1       0      17       0       4       0       2      53       0       0
  384    1       2      21       0      10       0       1      61       0       0
  385    1       4      12       0       7       0       3      65       0       0
  386    1       0      17       0       8       0       2      52       0       0
  387    1       3      23       0       6       0       0      65       0       0
  388    1       2      14       0       6       0       1      61       0       0
  389    1       3      15       0       6       0       0      65       0       0
  390    1       2      16       0      10       0       2      44       0       0
  391    1       0      16       0       7       0       3      56       0       0
  392    1       1      12       0      11       0       0      51       0       0
  393    1       0      11       0       4       0       0      57       0       0
  394    1       1      18       0       3       0       1      46       0       0
  395    1       1      15       0       4       0       3      47       0       0
  396    1       2      15       0       5       0       0      55       0       0
  397    1       4      15       0       8       0       0      53       0       0
  398    1       2      14       0       6       0       1      61       0       0
  399    1       0       9       0       8       0       0      46       0       0
  400    1       6      10       0       5       0       1      68       0       0
  401    0       0       0       0       0       0       0       0       0       0
   SUM ==>  120525  318091      38  150918    1171   44294  905009     207     195
