    0    0             Cylinder H2O, DxL 20.0x30.0cm, step  0.10cm, 300 zones
  RCC    1     0.000     0.000     0.000     0.000     0.000     0.100
              10.000
  RCC    2     0.000     0.000     0.100     0.000     0.000     0.100
              10.000
  RCC    3     0.000     0.000     0.200     0.000     0.000     0.100
              10.000
  RCC    4     0.000     0.000     0.300     0.000     0.000     0.100
              10.000
  RCC    5     0.000     0.000     0.400     0.000     0.000     0.100
              10.000
  RCC    6     0.000     0.000     0.500     0.000     0.000     0.100
              10.000
  RCC    7     0.000     0.000     0.600     0.000     0.000     0.100
              10.000
  RCC    8     0.000     0.000     0.700     0.000     0.000     0.100
              10.000
  RCC    9     0.000     0.000     0.800     0.000     0.000     0.100
              10.000
  RCC   10     0.000     0.000     0.900     0.000     0.000     0.100
              10.000
  RCC   11     0.000     0.000     1.000     0.000     0.000     0.100
              10.000
  RCC   12     0.000     0.000     1.100     0.000     0.000     0.100
              10.000
  RCC   13     0.000     0.000     1.200     0.000     0.000     0.100
              10.000
  RCC   14     0.000     0.000     1.300     0.000     0.000     0.100
              10.000
  RCC   15     0.000     0.000     1.400     0.000     0.000     0.100
              10.000
  RCC   16     0.000     0.000     1.500     0.000     0.000     0.100
              10.000
  RCC   17     0.000     0.000     1.600     0.000     0.000     0.100
              10.000
  RCC   18     0.000     0.000     1.700     0.000     0.000     0.100
              10.000
  RCC   19     0.000     0.000     1.800     0.000     0.000     0.100
              10.000
  RCC   20     0.000     0.000     1.900     0.000     0.000     0.100
              10.000
  RCC   21     0.000     0.000     2.000     0.000     0.000     0.100
              10.000
  RCC   22     0.000     0.000     2.100     0.000     0.000     0.100
              10.000
  RCC   23     0.000     0.000     2.200     0.000     0.000     0.100
              10.000
  RCC   24     0.000     0.000     2.300     0.000     0.000     0.100
              10.000
  RCC   25     0.000     0.000     2.400     0.000     0.000     0.100
              10.000
  RCC   26     0.000     0.000     2.500     0.000     0.000     0.100
              10.000
  RCC   27     0.000     0.000     2.600     0.000     0.000     0.100
              10.000
  RCC   28     0.000     0.000     2.700     0.000     0.000     0.100
              10.000
  RCC   29     0.000     0.000     2.800     0.000     0.000     0.100
              10.000
  RCC   30     0.000     0.000     2.900     0.000     0.000     0.100
              10.000
  RCC   31     0.000     0.000     3.000     0.000     0.000     0.100
              10.000
  RCC   32     0.000     0.000     3.100     0.000     0.000     0.100
              10.000
  RCC   33     0.000     0.000     3.200     0.000     0.000     0.100
              10.000
  RCC   34     0.000     0.000     3.300     0.000     0.000     0.100
              10.000
  RCC   35     0.000     0.000     3.400     0.000     0.000     0.100
              10.000
  RCC   36     0.000     0.000     3.500     0.000     0.000     0.100
              10.000
  RCC   37     0.000     0.000     3.600     0.000     0.000     0.100
              10.000
  RCC   38     0.000     0.000     3.700     0.000     0.000     0.100
              10.000
  RCC   39     0.000     0.000     3.800     0.000     0.000     0.100
              10.000
  RCC   40     0.000     0.000     3.900     0.000     0.000     0.100
              10.000
  RCC   41     0.000     0.000     4.000     0.000     0.000     0.100
              10.000
  RCC   42     0.000     0.000     4.100     0.000     0.000     0.100
              10.000
  RCC   43     0.000     0.000     4.200     0.000     0.000     0.100
              10.000
  RCC   44     0.000     0.000     4.300     0.000     0.000     0.100
              10.000
  RCC   45     0.000     0.000     4.400     0.000     0.000     0.100
              10.000
  RCC   46     0.000     0.000     4.500     0.000     0.000     0.100
              10.000
  RCC   47     0.000     0.000     4.600     0.000     0.000     0.100
              10.000
  RCC   48     0.000     0.000     4.700     0.000     0.000     0.100
              10.000
  RCC   49     0.000     0.000     4.800     0.000     0.000     0.100
              10.000
  RCC   50     0.000     0.000     4.900     0.000     0.000     0.100
              10.000
  RCC   51     0.000     0.000     5.000     0.000     0.000     0.100
              10.000
  RCC   52     0.000     0.000     5.100     0.000     0.000     0.100
              10.000
  RCC   53     0.000     0.000     5.200     0.000     0.000     0.100
              10.000
  RCC   54     0.000     0.000     5.300     0.000     0.000     0.100
              10.000
  RCC   55     0.000     0.000     5.400     0.000     0.000     0.100
              10.000
  RCC   56     0.000     0.000     5.500     0.000     0.000     0.100
              10.000
  RCC   57     0.000     0.000     5.600     0.000     0.000     0.100
              10.000
  RCC   58     0.000     0.000     5.700     0.000     0.000     0.100
              10.000
  RCC   59     0.000     0.000     5.800     0.000     0.000     0.100
              10.000
  RCC   60     0.000     0.000     5.900     0.000     0.000     0.100
              10.000
  RCC   61     0.000     0.000     6.000     0.000     0.000     0.100
              10.000
  RCC   62     0.000     0.000     6.100     0.000     0.000     0.100
              10.000
  RCC   63     0.000     0.000     6.200     0.000     0.000     0.100
              10.000
  RCC   64     0.000     0.000     6.300     0.000     0.000     0.100
              10.000
  RCC   65     0.000     0.000     6.400     0.000     0.000     0.100
              10.000
  RCC   66     0.000     0.000     6.500     0.000     0.000     0.100
              10.000
  RCC   67     0.000     0.000     6.600     0.000     0.000     0.100
              10.000
  RCC   68     0.000     0.000     6.700     0.000     0.000     0.100
              10.000
  RCC   69     0.000     0.000     6.800     0.000     0.000     0.100
              10.000
  RCC   70     0.000     0.000     6.900     0.000     0.000     0.100
              10.000
  RCC   71     0.000     0.000     7.000     0.000     0.000     0.100
              10.000
  RCC   72     0.000     0.000     7.100     0.000     0.000     0.100
              10.000
  RCC   73     0.000     0.000     7.200     0.000     0.000     0.100
              10.000
  RCC   74     0.000     0.000     7.300     0.000     0.000     0.100
              10.000
  RCC   75     0.000     0.000     7.400     0.000     0.000     0.100
              10.000
  RCC   76     0.000     0.000     7.500     0.000     0.000     0.100
              10.000
  RCC   77     0.000     0.000     7.600     0.000     0.000     0.100
              10.000
  RCC   78     0.000     0.000     7.700     0.000     0.000     0.100
              10.000
  RCC   79     0.000     0.000     7.800     0.000     0.000     0.100
              10.000
  RCC   80     0.000     0.000     7.900     0.000     0.000     0.100
              10.000
  RCC   81     0.000     0.000     8.000     0.000     0.000     0.100
              10.000
  RCC   82     0.000     0.000     8.100     0.000     0.000     0.100
              10.000
  RCC   83     0.000     0.000     8.200     0.000     0.000     0.100
              10.000
  RCC   84     0.000     0.000     8.300     0.000     0.000     0.100
              10.000
  RCC   85     0.000     0.000     8.400     0.000     0.000     0.100
              10.000
  RCC   86     0.000     0.000     8.500     0.000     0.000     0.100
              10.000
  RCC   87     0.000     0.000     8.600     0.000     0.000     0.100
              10.000
  RCC   88     0.000     0.000     8.700     0.000     0.000     0.100
              10.000
  RCC   89     0.000     0.000     8.800     0.000     0.000     0.100
              10.000
  RCC   90     0.000     0.000     8.900     0.000     0.000     0.100
              10.000
  RCC   91     0.000     0.000     9.000     0.000     0.000     0.100
              10.000
  RCC   92     0.000     0.000     9.100     0.000     0.000     0.100
              10.000
  RCC   93     0.000     0.000     9.200     0.000     0.000     0.100
              10.000
  RCC   94     0.000     0.000     9.300     0.000     0.000     0.100
              10.000
  RCC   95     0.000     0.000     9.400     0.000     0.000     0.100
              10.000
  RCC   96     0.000     0.000     9.500     0.000     0.000     0.100
              10.000
  RCC   97     0.000     0.000     9.600     0.000     0.000     0.100
              10.000
  RCC   98     0.000     0.000     9.700     0.000     0.000     0.100
              10.000
  RCC   99     0.000     0.000     9.800     0.000     0.000     0.100
              10.000
  RCC  100     0.000     0.000     9.900     0.000     0.000     0.100
              10.000
  RCC  101     0.000     0.000    10.000     0.000     0.000     0.100
              10.000
  RCC  102     0.000     0.000    10.100     0.000     0.000     0.100
              10.000
  RCC  103     0.000     0.000    10.200     0.000     0.000     0.100
              10.000
  RCC  104     0.000     0.000    10.300     0.000     0.000     0.100
              10.000
  RCC  105     0.000     0.000    10.400     0.000     0.000     0.100
              10.000
  RCC  106     0.000     0.000    10.500     0.000     0.000     0.100
              10.000
  RCC  107     0.000     0.000    10.600     0.000     0.000     0.100
              10.000
  RCC  108     0.000     0.000    10.700     0.000     0.000     0.100
              10.000
  RCC  109     0.000     0.000    10.800     0.000     0.000     0.100
              10.000
  RCC  110     0.000     0.000    10.900     0.000     0.000     0.100
              10.000
  RCC  111     0.000     0.000    11.000     0.000     0.000     0.100
              10.000
  RCC  112     0.000     0.000    11.100     0.000     0.000     0.100
              10.000
  RCC  113     0.000     0.000    11.200     0.000     0.000     0.100
              10.000
  RCC  114     0.000     0.000    11.300     0.000     0.000     0.100
              10.000
  RCC  115     0.000     0.000    11.400     0.000     0.000     0.100
              10.000
  RCC  116     0.000     0.000    11.500     0.000     0.000     0.100
              10.000
  RCC  117     0.000     0.000    11.600     0.000     0.000     0.100
              10.000
  RCC  118     0.000     0.000    11.700     0.000     0.000     0.100
              10.000
  RCC  119     0.000     0.000    11.800     0.000     0.000     0.100
              10.000
  RCC  120     0.000     0.000    11.900     0.000     0.000     0.100
              10.000
  RCC  121     0.000     0.000    12.000     0.000     0.000     0.100
              10.000
  RCC  122     0.000     0.000    12.100     0.000     0.000     0.100
              10.000
  RCC  123     0.000     0.000    12.200     0.000     0.000     0.100
              10.000
  RCC  124     0.000     0.000    12.300     0.000     0.000     0.100
              10.000
  RCC  125     0.000     0.000    12.400     0.000     0.000     0.100
              10.000
  RCC  126     0.000     0.000    12.500     0.000     0.000     0.100
              10.000
  RCC  127     0.000     0.000    12.600     0.000     0.000     0.100
              10.000
  RCC  128     0.000     0.000    12.700     0.000     0.000     0.100
              10.000
  RCC  129     0.000     0.000    12.800     0.000     0.000     0.100
              10.000
  RCC  130     0.000     0.000    12.900     0.000     0.000     0.100
              10.000
  RCC  131     0.000     0.000    13.000     0.000     0.000     0.100
              10.000
  RCC  132     0.000     0.000    13.100     0.000     0.000     0.100
              10.000
  RCC  133     0.000     0.000    13.200     0.000     0.000     0.100
              10.000
  RCC  134     0.000     0.000    13.300     0.000     0.000     0.100
              10.000
  RCC  135     0.000     0.000    13.400     0.000     0.000     0.100
              10.000
  RCC  136     0.000     0.000    13.500     0.000     0.000     0.100
              10.000
  RCC  137     0.000     0.000    13.600     0.000     0.000     0.100
              10.000
  RCC  138     0.000     0.000    13.700     0.000     0.000     0.100
              10.000
  RCC  139     0.000     0.000    13.800     0.000     0.000     0.100
              10.000
  RCC  140     0.000     0.000    13.900     0.000     0.000     0.100
              10.000
  RCC  141     0.000     0.000    14.000     0.000     0.000     0.100
              10.000
  RCC  142     0.000     0.000    14.100     0.000     0.000     0.100
              10.000
  RCC  143     0.000     0.000    14.200     0.000     0.000     0.100
              10.000
  RCC  144     0.000     0.000    14.300     0.000     0.000     0.100
              10.000
  RCC  145     0.000     0.000    14.400     0.000     0.000     0.100
              10.000
  RCC  146     0.000     0.000    14.500     0.000     0.000     0.100
              10.000
  RCC  147     0.000     0.000    14.600     0.000     0.000     0.100
              10.000
  RCC  148     0.000     0.000    14.700     0.000     0.000     0.100
              10.000
  RCC  149     0.000     0.000    14.800     0.000     0.000     0.100
              10.000
  RCC  150     0.000     0.000    14.900     0.000     0.000     0.100
              10.000
  RCC  151     0.000     0.000    15.000     0.000     0.000     0.100
              10.000
  RCC  152     0.000     0.000    15.100     0.000     0.000     0.100
              10.000
  RCC  153     0.000     0.000    15.200     0.000     0.000     0.100
              10.000
  RCC  154     0.000     0.000    15.300     0.000     0.000     0.100
              10.000
  RCC  155     0.000     0.000    15.400     0.000     0.000     0.100
              10.000
  RCC  156     0.000     0.000    15.500     0.000     0.000     0.100
              10.000
  RCC  157     0.000     0.000    15.600     0.000     0.000     0.100
              10.000
  RCC  158     0.000     0.000    15.700     0.000     0.000     0.100
              10.000
  RCC  159     0.000     0.000    15.800     0.000     0.000     0.100
              10.000
  RCC  160     0.000     0.000    15.900     0.000     0.000     0.100
              10.000
  RCC  161     0.000     0.000    16.000     0.000     0.000     0.100
              10.000
  RCC  162     0.000     0.000    16.100     0.000     0.000     0.100
              10.000
  RCC  163     0.000     0.000    16.200     0.000     0.000     0.100
              10.000
  RCC  164     0.000     0.000    16.300     0.000     0.000     0.100
              10.000
  RCC  165     0.000     0.000    16.400     0.000     0.000     0.100
              10.000
  RCC  166     0.000     0.000    16.500     0.000     0.000     0.100
              10.000
  RCC  167     0.000     0.000    16.600     0.000     0.000     0.100
              10.000
  RCC  168     0.000     0.000    16.700     0.000     0.000     0.100
              10.000
  RCC  169     0.000     0.000    16.800     0.000     0.000     0.100
              10.000
  RCC  170     0.000     0.000    16.900     0.000     0.000     0.100
              10.000
  RCC  171     0.000     0.000    17.000     0.000     0.000     0.100
              10.000
  RCC  172     0.000     0.000    17.100     0.000     0.000     0.100
              10.000
  RCC  173     0.000     0.000    17.200     0.000     0.000     0.100
              10.000
  RCC  174     0.000     0.000    17.300     0.000     0.000     0.100
              10.000
  RCC  175     0.000     0.000    17.400     0.000     0.000     0.100
              10.000
  RCC  176     0.000     0.000    17.500     0.000     0.000     0.100
              10.000
  RCC  177     0.000     0.000    17.600     0.000     0.000     0.100
              10.000
  RCC  178     0.000     0.000    17.700     0.000     0.000     0.100
              10.000
  RCC  179     0.000     0.000    17.800     0.000     0.000     0.100
              10.000
  RCC  180     0.000     0.000    17.900     0.000     0.000     0.100
              10.000
  RCC  181     0.000     0.000    18.000     0.000     0.000     0.100
              10.000
  RCC  182     0.000     0.000    18.100     0.000     0.000     0.100
              10.000
  RCC  183     0.000     0.000    18.200     0.000     0.000     0.100
              10.000
  RCC  184     0.000     0.000    18.300     0.000     0.000     0.100
              10.000
  RCC  185     0.000     0.000    18.400     0.000     0.000     0.100
              10.000
  RCC  186     0.000     0.000    18.500     0.000     0.000     0.100
              10.000
  RCC  187     0.000     0.000    18.600     0.000     0.000     0.100
              10.000
  RCC  188     0.000     0.000    18.700     0.000     0.000     0.100
              10.000
  RCC  189     0.000     0.000    18.800     0.000     0.000     0.100
              10.000
  RCC  190     0.000     0.000    18.900     0.000     0.000     0.100
              10.000
  RCC  191     0.000     0.000    19.000     0.000     0.000     0.100
              10.000
  RCC  192     0.000     0.000    19.100     0.000     0.000     0.100
              10.000
  RCC  193     0.000     0.000    19.200     0.000     0.000     0.100
              10.000
  RCC  194     0.000     0.000    19.300     0.000     0.000     0.100
              10.000
  RCC  195     0.000     0.000    19.400     0.000     0.000     0.100
              10.000
  RCC  196     0.000     0.000    19.500     0.000     0.000     0.100
              10.000
  RCC  197     0.000     0.000    19.600     0.000     0.000     0.100
              10.000
  RCC  198     0.000     0.000    19.700     0.000     0.000     0.100
              10.000
  RCC  199     0.000     0.000    19.800     0.000     0.000     0.100
              10.000
  RCC  200     0.000     0.000    19.900     0.000     0.000     0.100
              10.000
  RCC  201     0.000     0.000    20.000     0.000     0.000     0.100
              10.000
  RCC  202     0.000     0.000    20.100     0.000     0.000     0.100
              10.000
  RCC  203     0.000     0.000    20.200     0.000     0.000     0.100
              10.000
  RCC  204     0.000     0.000    20.300     0.000     0.000     0.100
              10.000
  RCC  205     0.000     0.000    20.400     0.000     0.000     0.100
              10.000
  RCC  206     0.000     0.000    20.500     0.000     0.000     0.100
              10.000
  RCC  207     0.000     0.000    20.600     0.000     0.000     0.100
              10.000
  RCC  208     0.000     0.000    20.700     0.000     0.000     0.100
              10.000
  RCC  209     0.000     0.000    20.800     0.000     0.000     0.100
              10.000
  RCC  210     0.000     0.000    20.900     0.000     0.000     0.100
              10.000
  RCC  211     0.000     0.000    21.000     0.000     0.000     0.100
              10.000
  RCC  212     0.000     0.000    21.100     0.000     0.000     0.100
              10.000
  RCC  213     0.000     0.000    21.200     0.000     0.000     0.100
              10.000
  RCC  214     0.000     0.000    21.300     0.000     0.000     0.100
              10.000
  RCC  215     0.000     0.000    21.400     0.000     0.000     0.100
              10.000
  RCC  216     0.000     0.000    21.500     0.000     0.000     0.100
              10.000
  RCC  217     0.000     0.000    21.600     0.000     0.000     0.100
              10.000
  RCC  218     0.000     0.000    21.700     0.000     0.000     0.100
              10.000
  RCC  219     0.000     0.000    21.800     0.000     0.000     0.100
              10.000
  RCC  220     0.000     0.000    21.900     0.000     0.000     0.100
              10.000
  RCC  221     0.000     0.000    22.000     0.000     0.000     0.100
              10.000
  RCC  222     0.000     0.000    22.100     0.000     0.000     0.100
              10.000
  RCC  223     0.000     0.000    22.200     0.000     0.000     0.100
              10.000
  RCC  224     0.000     0.000    22.300     0.000     0.000     0.100
              10.000
  RCC  225     0.000     0.000    22.400     0.000     0.000     0.100
              10.000
  RCC  226     0.000     0.000    22.500     0.000     0.000     0.100
              10.000
  RCC  227     0.000     0.000    22.600     0.000     0.000     0.100
              10.000
  RCC  228     0.000     0.000    22.700     0.000     0.000     0.100
              10.000
  RCC  229     0.000     0.000    22.800     0.000     0.000     0.100
              10.000
  RCC  230     0.000     0.000    22.900     0.000     0.000     0.100
              10.000
  RCC  231     0.000     0.000    23.000     0.000     0.000     0.100
              10.000
  RCC  232     0.000     0.000    23.100     0.000     0.000     0.100
              10.000
  RCC  233     0.000     0.000    23.200     0.000     0.000     0.100
              10.000
  RCC  234     0.000     0.000    23.300     0.000     0.000     0.100
              10.000
  RCC  235     0.000     0.000    23.400     0.000     0.000     0.100
              10.000
  RCC  236     0.000     0.000    23.500     0.000     0.000     0.100
              10.000
  RCC  237     0.000     0.000    23.600     0.000     0.000     0.100
              10.000
  RCC  238     0.000     0.000    23.700     0.000     0.000     0.100
              10.000
  RCC  239     0.000     0.000    23.800     0.000     0.000     0.100
              10.000
  RCC  240     0.000     0.000    23.900     0.000     0.000     0.100
              10.000
  RCC  241     0.000     0.000    24.000     0.000     0.000     0.100
              10.000
  RCC  242     0.000     0.000    24.100     0.000     0.000     0.100
              10.000
  RCC  243     0.000     0.000    24.200     0.000     0.000     0.100
              10.000
  RCC  244     0.000     0.000    24.300     0.000     0.000     0.100
              10.000
  RCC  245     0.000     0.000    24.400     0.000     0.000     0.100
              10.000
  RCC  246     0.000     0.000    24.500     0.000     0.000     0.100
              10.000
  RCC  247     0.000     0.000    24.600     0.000     0.000     0.100
              10.000
  RCC  248     0.000     0.000    24.700     0.000     0.000     0.100
              10.000
  RCC  249     0.000     0.000    24.800     0.000     0.000     0.100
              10.000
  RCC  250     0.000     0.000    24.900     0.000     0.000     0.100
              10.000
  RCC  251     0.000     0.000    25.000     0.000     0.000     0.100
              10.000
  RCC  252     0.000     0.000    25.100     0.000     0.000     0.100
              10.000
  RCC  253     0.000     0.000    25.200     0.000     0.000     0.100
              10.000
  RCC  254     0.000     0.000    25.300     0.000     0.000     0.100
              10.000
  RCC  255     0.000     0.000    25.400     0.000     0.000     0.100
              10.000
  RCC  256     0.000     0.000    25.500     0.000     0.000     0.100
              10.000
  RCC  257     0.000     0.000    25.600     0.000     0.000     0.100
              10.000
  RCC  258     0.000     0.000    25.700     0.000     0.000     0.100
              10.000
  RCC  259     0.000     0.000    25.800     0.000     0.000     0.100
              10.000
  RCC  260     0.000     0.000    25.900     0.000     0.000     0.100
              10.000
  RCC  261     0.000     0.000    26.000     0.000     0.000     0.100
              10.000
  RCC  262     0.000     0.000    26.100     0.000     0.000     0.100
              10.000
  RCC  263     0.000     0.000    26.200     0.000     0.000     0.100
              10.000
  RCC  264     0.000     0.000    26.300     0.000     0.000     0.100
              10.000
  RCC  265     0.000     0.000    26.400     0.000     0.000     0.100
              10.000
  RCC  266     0.000     0.000    26.500     0.000     0.000     0.100
              10.000
  RCC  267     0.000     0.000    26.600     0.000     0.000     0.100
              10.000
  RCC  268     0.000     0.000    26.700     0.000     0.000     0.100
              10.000
  RCC  269     0.000     0.000    26.800     0.000     0.000     0.100
              10.000
  RCC  270     0.000     0.000    26.900     0.000     0.000     0.100
              10.000
  RCC  271     0.000     0.000    27.000     0.000     0.000     0.100
              10.000
  RCC  272     0.000     0.000    27.100     0.000     0.000     0.100
              10.000
  RCC  273     0.000     0.000    27.200     0.000     0.000     0.100
              10.000
  RCC  274     0.000     0.000    27.300     0.000     0.000     0.100
              10.000
  RCC  275     0.000     0.000    27.400     0.000     0.000     0.100
              10.000
  RCC  276     0.000     0.000    27.500     0.000     0.000     0.100
              10.000
  RCC  277     0.000     0.000    27.600     0.000     0.000     0.100
              10.000
  RCC  278     0.000     0.000    27.700     0.000     0.000     0.100
              10.000
  RCC  279     0.000     0.000    27.800     0.000     0.000     0.100
              10.000
  RCC  280     0.000     0.000    27.900     0.000     0.000     0.100
              10.000
  RCC  281     0.000     0.000    28.000     0.000     0.000     0.100
              10.000
  RCC  282     0.000     0.000    28.100     0.000     0.000     0.100
              10.000
  RCC  283     0.000     0.000    28.200     0.000     0.000     0.100
              10.000
  RCC  284     0.000     0.000    28.300     0.000     0.000     0.100
              10.000
  RCC  285     0.000     0.000    28.400     0.000     0.000     0.100
              10.000
  RCC  286     0.000     0.000    28.500     0.000     0.000     0.100
              10.000
  RCC  287     0.000     0.000    28.600     0.000     0.000     0.100
              10.000
  RCC  288     0.000     0.000    28.700     0.000     0.000     0.100
              10.000
  RCC  289     0.000     0.000    28.800     0.000     0.000     0.100
              10.000
  RCC  290     0.000     0.000    28.900     0.000     0.000     0.100
              10.000
  RCC  291     0.000     0.000    29.000     0.000     0.000     0.100
              10.000
  RCC  292     0.000     0.000    29.100     0.000     0.000     0.100
              10.000
  RCC  293     0.000     0.000    29.200     0.000     0.000     0.100
              10.000
  RCC  294     0.000     0.000    29.300     0.000     0.000     0.100
              10.000
  RCC  295     0.000     0.000    29.400     0.000     0.000     0.100
              10.000
  RCC  296     0.000     0.000    29.500     0.000     0.000     0.100
              10.000
  RCC  297     0.000     0.000    29.600     0.000     0.000     0.100
              10.000
  RCC  298     0.000     0.000    29.700     0.000     0.000     0.100
              10.000
  RCC  299     0.000     0.000    29.800     0.000     0.000     0.100
              10.000
  RCC  300     0.000     0.000    29.900     0.000     0.000     0.100
              10.000
  RCC  301     0.000     0.000     0.000     0.000     0.000    30.000
                10.0
  RCC  302     0.000     0.000   -10.000     0.000     0.000    60.000
              20.000
  END