    0    0             Modified,1000 zones
  RPP    1    -5.000    -3.000    -5.000     5.000    50.000    52.500
  RPP    2    -3.000    -1.000    -5.000     5.000    50.000    52.500
  RPP    3    -1.000     1.000    -5.000     5.000    50.000    52.500
  RPP    4     1.000     3.000    -5.000     5.000    50.000    52.500
  RPP    5     3.000     5.000    -5.000     5.000    50.000    52.500
  RPP    6    -5.000    -3.000    -5.000     5.000    52.500    55.000
  RPP    7    -3.000    -1.000    -5.000     5.000    52.500    55.000
  RPP    8    -1.000     1.000    -5.000     5.000    52.500    55.000
  RPP    9     1.000     3.000    -5.000     5.000    52.500    55.000
  RPP   10     3.000     5.000    -5.000     5.000    52.500    55.000
  RPP   11    -5.000    -3.000    -5.000     5.000    55.000    57.500
  RPP   12    -3.000    -1.000    -5.000     5.000    55.000    57.500
  RPP   13    -1.000     1.000    -5.000     5.000    55.000    57.500
  RPP   14     1.000     3.000    -5.000     5.000    55.000    57.500
  RPP   15     3.000     5.000    -5.000     5.000    55.000    57.500
  RPP   16    -5.000    -3.000    -5.000     5.000    57.500    60.000
  RPP   17    -3.000    -1.000    -5.000     5.000    57.500    60.000
  RPP   18    -1.000     1.000    -5.000     5.000    57.500    60.000
  RPP   19     1.000     3.000    -5.000     5.000    57.500    60.000
  RPP   20     3.000     5.000    -5.000     5.000    57.500    60.000
  RPP   21    -5.000    -3.000    -5.000     5.000    60.000    62.500
  RPP   22    -3.000    -1.000    -5.000     5.000    60.000    62.500
  RPP   23    -1.000     1.000    -5.000     5.000    60.000    62.500
  RPP   24     1.000     3.000    -5.000     5.000    60.000    62.500
  RPP   25     3.000     5.000    -5.000     5.000    60.000    62.500
  RPP   26    -5.000    -3.000    -5.000     5.000    62.500    65.000
  RPP   27    -3.000    -1.000    -5.000     5.000    62.500    65.000
  RPP   28    -1.000     1.000    -5.000     5.000    62.500    65.000
  RPP   29     1.000     3.000    -5.000     5.000    62.500    65.000
  RPP   30     3.000     5.000    -5.000     5.000    62.500    65.000
  RPP   31    -5.000    -3.000    -5.000     5.000    65.000    67.500
  RPP   32    -3.000    -1.000    -5.000     5.000    65.000    67.500
  RPP   33    -1.000     1.000    -5.000     5.000    65.000    67.500
  RPP   34     1.000     3.000    -5.000     5.000    65.000    67.500
  RPP   35     3.000     5.000    -5.000     5.000    65.000    67.500
  RPP   36    -5.000    -3.000    -5.000     5.000    67.500    70.000
  RPP   37    -3.000    -1.000    -5.000     5.000    67.500    70.000
  RPP   38    -1.000     1.000    -5.000     5.000    67.500    70.000
  RPP   39     1.000     3.000    -5.000     5.000    67.500    70.000
  RPP   40     3.000     5.000    -5.000     5.000    67.500    70.000
  RPP   41    -5.000    -3.000    -5.000     5.000    70.000    72.500
  RPP   42    -3.000    -1.000    -5.000     5.000    70.000    72.500
  RPP   43    -1.000     1.000    -5.000     5.000    70.000    72.500
  RPP   44     1.000     3.000    -5.000     5.000    70.000    72.500
  RPP   45     3.000     5.000    -5.000     5.000    70.000    72.500
  RPP   46    -5.000    -3.000    -5.000     5.000    72.500    75.000
  RPP   47    -3.000    -1.000    -5.000     5.000    72.500    75.000
  RPP   48    -1.000     1.000    -5.000     5.000    72.500    75.000
  RPP   49     1.000     3.000    -5.000     5.000    72.500    75.000
  RPP   50     3.000     5.000    -5.000     5.000    72.500    75.000
  RPP   51    -5.000    -3.000    -5.000     5.000    75.000    75.100
  RPP   52    -3.000    -1.000    -5.000     5.000    75.000    75.100
  RPP   53    -1.000     1.000    -5.000     5.000    75.000    75.100
  RPP   54     1.000     3.000    -5.000     5.000    75.000    75.100
  RPP   55     3.000     5.000    -5.000     5.000    75.000    75.100
  RPP   56    -5.000    -3.000    -5.000     5.000    75.100    75.200
  RPP   57    -3.000    -1.000    -5.000     5.000    75.100    75.200
  RPP   58    -1.000     1.000    -5.000     5.000    75.100    75.200
  RPP   59     1.000     3.000    -5.000     5.000    75.100    75.200
  RPP   60     3.000     5.000    -5.000     5.000    75.100    75.200
  RPP   61    -5.000    -3.000    -5.000     5.000    75.200    75.300
  RPP   62    -3.000    -1.000    -5.000     5.000    75.200    75.300
  RPP   63    -1.000     1.000    -5.000     5.000    75.200    75.300
  RPP   64     1.000     3.000    -5.000     5.000    75.200    75.300
  RPP   65     3.000     5.000    -5.000     5.000    75.200    75.300
  RPP   66    -5.000    -3.000    -5.000     5.000    75.300    75.400
  RPP   67    -3.000    -1.000    -5.000     5.000    75.300    75.400
  RPP   68    -1.000     1.000    -5.000     5.000    75.300    75.400
  RPP   69     1.000     3.000    -5.000     5.000    75.300    75.400
  RPP   70     3.000     5.000    -5.000     5.000    75.300    75.400
  RPP   71    -5.000    -3.000    -5.000     5.000    75.400    75.500
  RPP   72    -3.000    -1.000    -5.000     5.000    75.400    75.500
  RPP   73    -1.000     1.000    -5.000     5.000    75.400    75.500
  RPP   74     1.000     3.000    -5.000     5.000    75.400    75.500
  RPP   75     3.000     5.000    -5.000     5.000    75.400    75.500
  RPP   76    -5.000    -3.000    -5.000     5.000    75.500    75.600
  RPP   77    -3.000    -1.000    -5.000     5.000    75.500    75.600
  RPP   78    -1.000     1.000    -5.000     5.000    75.500    75.600
  RPP   79     1.000     3.000    -5.000     5.000    75.500    75.600
  RPP   80     3.000     5.000    -5.000     5.000    75.500    75.600
  RPP   81    -5.000    -3.000    -5.000     5.000    75.600    75.700
  RPP   82    -3.000    -1.000    -5.000     5.000    75.600    75.700
  RPP   83    -1.000     1.000    -5.000     5.000    75.600    75.700
  RPP   84     1.000     3.000    -5.000     5.000    75.600    75.700
  RPP   85     3.000     5.000    -5.000     5.000    75.600    75.700
  RPP   86    -5.000    -3.000    -5.000     5.000    75.700    75.800
  RPP   87    -3.000    -1.000    -5.000     5.000    75.700    75.800
  RPP   88    -1.000     1.000    -5.000     5.000    75.700    75.800
  RPP   89     1.000     3.000    -5.000     5.000    75.700    75.800
  RPP   90     3.000     5.000    -5.000     5.000    75.700    75.800
  RPP   91    -5.000    -3.000    -5.000     5.000    75.800    75.900
  RPP   92    -3.000    -1.000    -5.000     5.000    75.800    75.900
  RPP   93    -1.000     1.000    -5.000     5.000    75.800    75.900
  RPP   94     1.000     3.000    -5.000     5.000    75.800    75.900
  RPP   95     3.000     5.000    -5.000     5.000    75.800    75.900
  RPP   96    -5.000    -3.000    -5.000     5.000    75.900    76.000
  RPP   97    -3.000    -1.000    -5.000     5.000    75.900    76.000
  RPP   98    -1.000     1.000    -5.000     5.000    75.900    76.000
  RPP   99     1.000     3.000    -5.000     5.000    75.900    76.000
  RPP  100     3.000     5.000    -5.000     5.000    75.900    76.000
  RPP  101    -5.000    -3.000    -5.000     5.000    76.000    76.100
  RPP  102    -3.000    -1.000    -5.000     5.000    76.000    76.100
  RPP  103    -1.000     1.000    -5.000     5.000    76.000    76.100
  RPP  104     1.000     3.000    -5.000     5.000    76.000    76.100
  RPP  105     3.000     5.000    -5.000     5.000    76.000    76.100
  RPP  106    -5.000    -3.000    -5.000     5.000    76.100    76.200
  RPP  107    -3.000    -1.000    -5.000     5.000    76.100    76.200
  RPP  108    -1.000     1.000    -5.000     5.000    76.100    76.200
  RPP  109     1.000     3.000    -5.000     5.000    76.100    76.200
  RPP  110     3.000     5.000    -5.000     5.000    76.100    76.200
  RPP  111    -5.000    -3.000    -5.000     5.000    76.200    76.300
  RPP  112    -3.000    -1.000    -5.000     5.000    76.200    76.300
  RPP  113    -1.000     1.000    -5.000     5.000    76.200    76.300
  RPP  114     1.000     3.000    -5.000     5.000    76.200    76.300
  RPP  115     3.000     5.000    -5.000     5.000    76.200    76.300
  RPP  116    -5.000    -3.000    -5.000     5.000    76.300    76.400
  RPP  117    -3.000    -1.000    -5.000     5.000    76.300    76.400
  RPP  118    -1.000     1.000    -5.000     5.000    76.300    76.400
  RPP  119     1.000     3.000    -5.000     5.000    76.300    76.400
  RPP  120     3.000     5.000    -5.000     5.000    76.300    76.400
  RPP  121    -5.000    -3.000    -5.000     5.000    76.400    76.500
  RPP  122    -3.000    -1.000    -5.000     5.000    76.400    76.500
  RPP  123    -1.000     1.000    -5.000     5.000    76.400    76.500
  RPP  124     1.000     3.000    -5.000     5.000    76.400    76.500
  RPP  125     3.000     5.000    -5.000     5.000    76.400    76.500
  RPP  126    -5.000    -3.000    -5.000     5.000    76.500    76.600
  RPP  127    -3.000    -1.000    -5.000     5.000    76.500    76.600
  RPP  128    -1.000     1.000    -5.000     5.000    76.500    76.600
  RPP  129     1.000     3.000    -5.000     5.000    76.500    76.600
  RPP  130     3.000     5.000    -5.000     5.000    76.500    76.600
  RPP  131    -5.000    -3.000    -5.000     5.000    76.600    76.700
  RPP  132    -3.000    -1.000    -5.000     5.000    76.600    76.700
  RPP  133    -1.000     1.000    -5.000     5.000    76.600    76.700
  RPP  134     1.000     3.000    -5.000     5.000    76.600    76.700
  RPP  135     3.000     5.000    -5.000     5.000    76.600    76.700
  RPP  136    -5.000    -3.000    -5.000     5.000    76.700    76.800
  RPP  137    -3.000    -1.000    -5.000     5.000    76.700    76.800
  RPP  138    -1.000     1.000    -5.000     5.000    76.700    76.800
  RPP  139     1.000     3.000    -5.000     5.000    76.700    76.800
  RPP  140     3.000     5.000    -5.000     5.000    76.700    76.800
  RPP  141    -5.000    -3.000    -5.000     5.000    76.800    76.900
  RPP  142    -3.000    -1.000    -5.000     5.000    76.800    76.900
  RPP  143    -1.000     1.000    -5.000     5.000    76.800    76.900
  RPP  144     1.000     3.000    -5.000     5.000    76.800    76.900
  RPP  145     3.000     5.000    -5.000     5.000    76.800    76.900
  RPP  146    -5.000    -3.000    -5.000     5.000    76.900    77.000
  RPP  147    -3.000    -1.000    -5.000     5.000    76.900    77.000
  RPP  148    -1.000     1.000    -5.000     5.000    76.900    77.000
  RPP  149     1.000     3.000    -5.000     5.000    76.900    77.000
  RPP  150     3.000     5.000    -5.000     5.000    76.900    77.000
  RPP  151    -5.000    -3.000    -5.000     5.000    77.000    77.100
  RPP  152    -3.000    -1.000    -5.000     5.000    77.000    77.100
  RPP  153    -1.000     1.000    -5.000     5.000    77.000    77.100
  RPP  154     1.000     3.000    -5.000     5.000    77.000    77.100
  RPP  155     3.000     5.000    -5.000     5.000    77.000    77.100
  RPP  156    -5.000    -3.000    -5.000     5.000    77.100    77.200
  RPP  157    -3.000    -1.000    -5.000     5.000    77.100    77.200
  RPP  158    -1.000     1.000    -5.000     5.000    77.100    77.200
  RPP  159     1.000     3.000    -5.000     5.000    77.100    77.200
  RPP  160     3.000     5.000    -5.000     5.000    77.100    77.200
  RPP  161    -5.000    -3.000    -5.000     5.000    77.200    77.300
  RPP  162    -3.000    -1.000    -5.000     5.000    77.200    77.300
  RPP  163    -1.000     1.000    -5.000     5.000    77.200    77.300
  RPP  164     1.000     3.000    -5.000     5.000    77.200    77.300
  RPP  165     3.000     5.000    -5.000     5.000    77.200    77.300
  RPP  166    -5.000    -3.000    -5.000     5.000    77.300    77.400
  RPP  167    -3.000    -1.000    -5.000     5.000    77.300    77.400
  RPP  168    -1.000     1.000    -5.000     5.000    77.300    77.400
  RPP  169     1.000     3.000    -5.000     5.000    77.300    77.400
  RPP  170     3.000     5.000    -5.000     5.000    77.300    77.400
  RPP  171    -5.000    -3.000    -5.000     5.000    77.400    77.500
  RPP  172    -3.000    -1.000    -5.000     5.000    77.400    77.500
  RPP  173    -1.000     1.000    -5.000     5.000    77.400    77.500
  RPP  174     1.000     3.000    -5.000     5.000    77.400    77.500
  RPP  175     3.000     5.000    -5.000     5.000    77.400    77.500
  RPP  176    -5.000    -3.000    -5.000     5.000    77.500    77.600
  RPP  177    -3.000    -1.000    -5.000     5.000    77.500    77.600
  RPP  178    -1.000     1.000    -5.000     5.000    77.500    77.600
  RPP  179     1.000     3.000    -5.000     5.000    77.500    77.600
  RPP  180     3.000     5.000    -5.000     5.000    77.500    77.600
  RPP  181    -5.000    -3.000    -5.000     5.000    77.600    77.700
  RPP  182    -3.000    -1.000    -5.000     5.000    77.600    77.700
  RPP  183    -1.000     1.000    -5.000     5.000    77.600    77.700
  RPP  184     1.000     3.000    -5.000     5.000    77.600    77.700
  RPP  185     3.000     5.000    -5.000     5.000    77.600    77.700
  RPP  186    -5.000    -3.000    -5.000     5.000    77.700    77.800
  RPP  187    -3.000    -1.000    -5.000     5.000    77.700    77.800
  RPP  188    -1.000     1.000    -5.000     5.000    77.700    77.800
  RPP  189     1.000     3.000    -5.000     5.000    77.700    77.800
  RPP  190     3.000     5.000    -5.000     5.000    77.700    77.800
  RPP  191    -5.000    -3.000    -5.000     5.000    77.800    77.900
  RPP  192    -3.000    -1.000    -5.000     5.000    77.800    77.900
  RPP  193    -1.000     1.000    -5.000     5.000    77.800    77.900
  RPP  194     1.000     3.000    -5.000     5.000    77.800    77.900
  RPP  195     3.000     5.000    -5.000     5.000    77.800    77.900
  RPP  196    -5.000    -3.000    -5.000     5.000    77.900    78.000
  RPP  197    -3.000    -1.000    -5.000     5.000    77.900    78.000
  RPP  198    -1.000     1.000    -5.000     5.000    77.900    78.000
  RPP  199     1.000     3.000    -5.000     5.000    77.900    78.000
  RPP  200     3.000     5.000    -5.000     5.000    77.900    78.000
  RPP  201    -5.000    -3.000    -5.000     5.000    78.000    78.100
  RPP  202    -3.000    -1.000    -5.000     5.000    78.000    78.100
  RPP  203    -1.000     1.000    -5.000     5.000    78.000    78.100
  RPP  204     1.000     3.000    -5.000     5.000    78.000    78.100
  RPP  205     3.000     5.000    -5.000     5.000    78.000    78.100
  RPP  206    -5.000    -3.000    -5.000     5.000    78.100    78.200
  RPP  207    -3.000    -1.000    -5.000     5.000    78.100    78.200
  RPP  208    -1.000     1.000    -5.000     5.000    78.100    78.200
  RPP  209     1.000     3.000    -5.000     5.000    78.100    78.200
  RPP  210     3.000     5.000    -5.000     5.000    78.100    78.200
  RPP  211    -5.000    -3.000    -5.000     5.000    78.200    78.300
  RPP  212    -3.000    -1.000    -5.000     5.000    78.200    78.300
  RPP  213    -1.000     1.000    -5.000     5.000    78.200    78.300
  RPP  214     1.000     3.000    -5.000     5.000    78.200    78.300
  RPP  215     3.000     5.000    -5.000     5.000    78.200    78.300
  RPP  216    -5.000    -3.000    -5.000     5.000    78.300    78.400
  RPP  217    -3.000    -1.000    -5.000     5.000    78.300    78.400
  RPP  218    -1.000     1.000    -5.000     5.000    78.300    78.400
  RPP  219     1.000     3.000    -5.000     5.000    78.300    78.400
  RPP  220     3.000     5.000    -5.000     5.000    78.300    78.400
  RPP  221    -5.000    -3.000    -5.000     5.000    78.400    78.500
  RPP  222    -3.000    -1.000    -5.000     5.000    78.400    78.500
  RPP  223    -1.000     1.000    -5.000     5.000    78.400    78.500
  RPP  224     1.000     3.000    -5.000     5.000    78.400    78.500
  RPP  225     3.000     5.000    -5.000     5.000    78.400    78.500
  RPP  226    -5.000    -3.000    -5.000     5.000    78.500    78.600
  RPP  227    -3.000    -1.000    -5.000     5.000    78.500    78.600
  RPP  228    -1.000     1.000    -5.000     5.000    78.500    78.600
  RPP  229     1.000     3.000    -5.000     5.000    78.500    78.600
  RPP  230     3.000     5.000    -5.000     5.000    78.500    78.600
  RPP  231    -5.000    -3.000    -5.000     5.000    78.600    78.700
  RPP  232    -3.000    -1.000    -5.000     5.000    78.600    78.700
  RPP  233    -1.000     1.000    -5.000     5.000    78.600    78.700
  RPP  234     1.000     3.000    -5.000     5.000    78.600    78.700
  RPP  235     3.000     5.000    -5.000     5.000    78.600    78.700
  RPP  236    -5.000    -3.000    -5.000     5.000    78.700    78.800
  RPP  237    -3.000    -1.000    -5.000     5.000    78.700    78.800
  RPP  238    -1.000     1.000    -5.000     5.000    78.700    78.800
  RPP  239     1.000     3.000    -5.000     5.000    78.700    78.800
  RPP  240     3.000     5.000    -5.000     5.000    78.700    78.800
  RPP  241    -5.000    -3.000    -5.000     5.000    78.800    78.900
  RPP  242    -3.000    -1.000    -5.000     5.000    78.800    78.900
  RPP  243    -1.000     1.000    -5.000     5.000    78.800    78.900
  RPP  244     1.000     3.000    -5.000     5.000    78.800    78.900
  RPP  245     3.000     5.000    -5.000     5.000    78.800    78.900
  RPP  246    -5.000    -3.000    -5.000     5.000    78.900    79.000
  RPP  247    -3.000    -1.000    -5.000     5.000    78.900    79.000
  RPP  248    -1.000     1.000    -5.000     5.000    78.900    79.000
  RPP  249     1.000     3.000    -5.000     5.000    78.900    79.000
  RPP  250     3.000     5.000    -5.000     5.000    78.900    79.000
  RPP  251    -5.000    -3.000    -5.000     5.000    79.000    79.100
  RPP  252    -3.000    -1.000    -5.000     5.000    79.000    79.100
  RPP  253    -1.000     1.000    -5.000     5.000    79.000    79.100
  RPP  254     1.000     3.000    -5.000     5.000    79.000    79.100
  RPP  255     3.000     5.000    -5.000     5.000    79.000    79.100
  RPP  256    -5.000    -3.000    -5.000     5.000    79.100    79.200
  RPP  257    -3.000    -1.000    -5.000     5.000    79.100    79.200
  RPP  258    -1.000     1.000    -5.000     5.000    79.100    79.200
  RPP  259     1.000     3.000    -5.000     5.000    79.100    79.200
  RPP  260     3.000     5.000    -5.000     5.000    79.100    79.200
  RPP  261    -5.000    -3.000    -5.000     5.000    79.200    79.300
  RPP  262    -3.000    -1.000    -5.000     5.000    79.200    79.300
  RPP  263    -1.000     1.000    -5.000     5.000    79.200    79.300
  RPP  264     1.000     3.000    -5.000     5.000    79.200    79.300
  RPP  265     3.000     5.000    -5.000     5.000    79.200    79.300
  RPP  266    -5.000    -3.000    -5.000     5.000    79.300    79.400
  RPP  267    -3.000    -1.000    -5.000     5.000    79.300    79.400
  RPP  268    -1.000     1.000    -5.000     5.000    79.300    79.400
  RPP  269     1.000     3.000    -5.000     5.000    79.300    79.400
  RPP  270     3.000     5.000    -5.000     5.000    79.300    79.400
  RPP  271    -5.000    -3.000    -5.000     5.000    79.400    79.500
  RPP  272    -3.000    -1.000    -5.000     5.000    79.400    79.500
  RPP  273    -1.000     1.000    -5.000     5.000    79.400    79.500
  RPP  274     1.000     3.000    -5.000     5.000    79.400    79.500
  RPP  275     3.000     5.000    -5.000     5.000    79.400    79.500
  RPP  276    -5.000    -3.000    -5.000     5.000    79.500    79.600
  RPP  277    -3.000    -1.000    -5.000     5.000    79.500    79.600
  RPP  278    -1.000     1.000    -5.000     5.000    79.500    79.600
  RPP  279     1.000     3.000    -5.000     5.000    79.500    79.600
  RPP  280     3.000     5.000    -5.000     5.000    79.500    79.600
  RPP  281    -5.000    -3.000    -5.000     5.000    79.600    79.700
  RPP  282    -3.000    -1.000    -5.000     5.000    79.600    79.700
  RPP  283    -1.000     1.000    -5.000     5.000    79.600    79.700
  RPP  284     1.000     3.000    -5.000     5.000    79.600    79.700
  RPP  285     3.000     5.000    -5.000     5.000    79.600    79.700
  RPP  286    -5.000    -3.000    -5.000     5.000    79.700    79.800
  RPP  287    -3.000    -1.000    -5.000     5.000    79.700    79.800
  RPP  288    -1.000     1.000    -5.000     5.000    79.700    79.800
  RPP  289     1.000     3.000    -5.000     5.000    79.700    79.800
  RPP  290     3.000     5.000    -5.000     5.000    79.700    79.800
  RPP  291    -5.000    -3.000    -5.000     5.000    79.800    79.900
  RPP  292    -3.000    -1.000    -5.000     5.000    79.800    79.900
  RPP  293    -1.000     1.000    -5.000     5.000    79.800    79.900
  RPP  294     1.000     3.000    -5.000     5.000    79.800    79.900
  RPP  295     3.000     5.000    -5.000     5.000    79.800    79.900
  RPP  296    -5.000    -3.000    -5.000     5.000    79.900    80.000
  RPP  297    -3.000    -1.000    -5.000     5.000    79.900    80.000
  RPP  298    -1.000     1.000    -5.000     5.000    79.900    80.000
  RPP  299     1.000     3.000    -5.000     5.000    79.900    80.000
  RPP  300     3.000     5.000    -5.000     5.000    79.900    80.000
  RPP  301    -5.000     5.000    -5.000     5.000    50.000    80.000
  RCC  302     0.000     0.000   -10.000     0.000     0.000   100.000
              10.000
  END