    0    6             Modified, 940 zones in target and 1013 zones overall
  RPP    1    -5.000    -4.600    -5.000     5.000    10.000    12.000
  MOV    2     1.000     0.400       0.0     0.000
  MOV    3     1.000     0.800       0.0     0.000
  MOV    4     1.000     1.200       0.0     0.000
  MOV    5     1.000     1.600       0.0     0.000
  MOV    6     1.000     2.000       0.0     0.000
  MOV    7     1.000     2.400       0.0     0.000
  MOV    8     1.000     2.800       0.0     0.000
  MOV    9     1.000     3.200       0.0     0.000
  MOV   10     1.000     3.600       0.0     0.000
  MOV   11     1.000     4.000       0.0     0.000
  MOV   12     1.000     4.400       0.0     0.000
  MOV   13     1.000     4.800       0.0     0.000
  MOV   14     1.000     5.200       0.0     0.000
  MOV   15     1.000     5.600       0.0     0.000
  MOV   16     1.000     6.000       0.0     0.000
  MOV   17     1.000     6.400       0.0     0.000
  MOV   18     1.000     6.800       0.0     0.000
  MOV   19     1.000     7.200       0.0     0.000
  MOV   20     1.000     7.600       0.0     0.000
  MOV   21     1.000     8.000       0.0     0.000
  MOV   22     1.000     8.400       0.0     0.000
  MOV   23     1.000     8.800       0.0     0.000
  MOV   24     1.000     0.000       0.0     2.000
  MOV   25     1.000     0.400       0.0     2.000
  MOV   26     1.000     0.800       0.0     2.000
  MOV   27     1.000     1.200       0.0     2.000
  MOV   28     1.000     1.600       0.0     2.000
  MOV   29     1.000     2.000       0.0     2.000
  MOV   30     1.000     2.400       0.0     2.000
  MOV   31     1.000     2.800       0.0     2.000
  MOV   32     1.000     3.200       0.0     2.000
  MOV   33     1.000     3.600       0.0     2.000
  MOV   34     1.000     4.000       0.0     2.000
  MOV   35     1.000     4.400       0.0     2.000
  MOV   36     1.000     4.800       0.0     2.000
  MOV   37     1.000     5.200       0.0     2.000
  MOV   38     1.000     5.600       0.0     2.000
  MOV   39     1.000     6.000       0.0     2.000
  MOV   40     1.000     6.400       0.0     2.000
  MOV   41     1.000     6.800       0.0     2.000
  MOV   42     1.000     7.200       0.0     2.000
  MOV   43     1.000     7.600       0.0     2.000
  MOV   44     1.000     8.000       0.0     2.000
  MOV   45     1.000     8.400       0.0     2.000
  MOV   46     1.000     8.800       0.0     2.000
  MOV   47     1.000     0.000       0.0     4.000
  MOV   48     1.000     0.400       0.0     4.000
  MOV   49     1.000     0.800       0.0     4.000
  MOV   50     1.000     1.200       0.0     4.000
  MOV   51     1.000     1.600       0.0     4.000
  MOV   52     1.000     2.000       0.0     4.000
  MOV   53     1.000     2.400       0.0     4.000
  MOV   54     1.000     2.800       0.0     4.000
  MOV   55     1.000     3.200       0.0     4.000
  MOV   56     1.000     3.600       0.0     4.000
  MOV   57     1.000     4.000       0.0     4.000
  MOV   58     1.000     4.400       0.0     4.000
  MOV   59     1.000     4.800       0.0     4.000
  MOV   60     1.000     5.200       0.0     4.000
  MOV   61     1.000     5.600       0.0     4.000
  MOV   62     1.000     6.000       0.0     4.000
  MOV   63     1.000     6.400       0.0     4.000
  MOV   64     1.000     6.800       0.0     4.000
  MOV   65     1.000     7.200       0.0     4.000
  MOV   66     1.000     7.600       0.0     4.000
  MOV   67     1.000     8.000       0.0     4.000
  MOV   68     1.000     8.400       0.0     4.000
  MOV   69     1.000     8.800       0.0     4.000
  MOV   70     1.000     0.000       0.0     6.000
  MOV   71     1.000     0.400       0.0     6.000
  MOV   72     1.000     0.800       0.0     6.000
  MOV   73     1.000     1.200       0.0     6.000
  MOV   74     1.000     1.600       0.0     6.000
  MOV   75     1.000     2.000       0.0     6.000
  MOV   76     1.000     2.400       0.0     6.000
  MOV   77     1.000     2.800       0.0     6.000
  MOV   78     1.000     3.200       0.0     6.000
  MOV   79     1.000     3.600       0.0     6.000
  MOV   80     1.000     4.000       0.0     6.000
  MOV   81     1.000     4.400       0.0     6.000
  MOV   82     1.000     4.800       0.0     6.000
  MOV   83     1.000     5.200       0.0     6.000
  MOV   84     1.000     5.600       0.0     6.000
  MOV   85     1.000     6.000       0.0     6.000
  MOV   86     1.000     6.400       0.0     6.000
  MOV   87     1.000     6.800       0.0     6.000
  MOV   88     1.000     7.200       0.0     6.000
  MOV   89     1.000     7.600       0.0     6.000
  MOV   90     1.000     8.000       0.0     6.000
  MOV   91     1.000     8.400       0.0     6.000
  MOV   92     1.000     8.800       0.0     6.000
  MOV   93     1.000     0.000       0.0     8.000
  MOV   94     1.000     0.400       0.0     8.000
  MOV   95     1.000     0.800       0.0     8.000
  MOV   96     1.000     1.200       0.0     8.000
  MOV   97     1.000     1.600       0.0     8.000
  MOV   98     1.000     2.000       0.0     8.000
  MOV   99     1.000     2.400       0.0     8.000
  MOV  100     1.000     2.800       0.0     8.000
  MOV  101     1.000     3.200       0.0     8.000
  MOV  102     1.000     3.600       0.0     8.000
  MOV  103     1.000     4.000       0.0     8.000
  MOV  104     1.000     4.400       0.0     8.000
  MOV  105     1.000     4.800       0.0     8.000
  MOV  106     1.000     5.200       0.0     8.000
  MOV  107     1.000     5.600       0.0     8.000
  MOV  108     1.000     6.000       0.0     8.000
  MOV  109     1.000     6.400       0.0     8.000
  MOV  110     1.000     6.800       0.0     8.000
  MOV  111     1.000     7.200       0.0     8.000
  MOV  112     1.000     7.600       0.0     8.000
  MOV  113     1.000     8.000       0.0     8.000
  MOV  114     1.000     8.400       0.0     8.000
  MOV  115     1.000     8.800       0.0     8.000
  MOV  116     1.000     0.000       0.0    10.000
  MOV  117     1.000     0.400       0.0    10.000
  MOV  118     1.000     0.800       0.0    10.000
  MOV  119     1.000     1.200       0.0    10.000
  MOV  120     1.000     1.600       0.0    10.000
  MOV  121     1.000     2.000       0.0    10.000
  MOV  122     1.000     2.400       0.0    10.000
  MOV  123     1.000     2.800       0.0    10.000
  MOV  124     1.000     3.200       0.0    10.000
  MOV  125     1.000     3.600       0.0    10.000
  MOV  126     1.000     4.000       0.0    10.000
  MOV  127     1.000     4.400       0.0    10.000
  MOV  128     1.000     4.800       0.0    10.000
  MOV  129     1.000     5.200       0.0    10.000
  MOV  130     1.000     5.600       0.0    10.000
  MOV  131     1.000     6.000       0.0    10.000
  MOV  132     1.000     6.400       0.0    10.000
  MOV  133     1.000     6.800       0.0    10.000
  MOV  134     1.000     7.200       0.0    10.000
  MOV  135     1.000     7.600       0.0    10.000
  MOV  136     1.000     8.000       0.0    10.000
  MOV  137     1.000     8.400       0.0    10.000
  MOV  138     1.000     8.800       0.0    10.000
  MOV  139     1.000     0.000       0.0    12.000
  MOV  140     1.000     0.400       0.0    12.000
  RPP  140    -5.000    -4.600    -5.000     5.000    24.000    24.100
  MOV  141   140.000     0.400       0.0     0.000
  MOV  142   140.000     0.800       0.0     0.000
  MOV  143   140.000     1.200       0.0     0.000
  MOV  144   140.000     1.600       0.0     0.000
  MOV  145   140.000     2.000       0.0     0.000
  MOV  146   140.000     2.400       0.0     0.000
  MOV  147   140.000     2.800       0.0     0.000
  MOV  148   140.000     3.200       0.0     0.000
  MOV  149   140.000     3.600       0.0     0.000
  MOV  150   140.000     4.000       0.0     0.000
  MOV  151   140.000     4.400       0.0     0.000
  MOV  152   140.000     4.800       0.0     0.000
  MOV  153   140.000     5.200       0.0     0.000
  MOV  154   140.000     5.600       0.0     0.000
  MOV  155   140.000     6.000       0.0     0.000
  MOV  156   140.000     6.400       0.0     0.000
  MOV  157   140.000     6.800       0.0     0.000
  MOV  158   140.000     7.200       0.0     0.000
  MOV  159   140.000     7.600       0.0     0.000
  MOV  160   140.000     8.000       0.0     0.000
  MOV  161   140.000     8.400       0.0     0.000
  MOV  162   140.000     8.800       0.0     0.000
  MOV  163   140.000     0.000       0.0     0.100
  MOV  164   140.000     0.400       0.0     0.100
  MOV  165   140.000     0.800       0.0     0.100
  MOV  166   140.000     1.200       0.0     0.100
  MOV  167   140.000     1.600       0.0     0.100
  MOV  168   140.000     2.000       0.0     0.100
  MOV  169   140.000     2.400       0.0     0.100
  MOV  170   140.000     2.800       0.0     0.100
  MOV  171   140.000     3.200       0.0     0.100
  MOV  172   140.000     3.600       0.0     0.100
  MOV  173   140.000     4.000       0.0     0.100
  MOV  174   140.000     4.400       0.0     0.100
  MOV  175   140.000     4.800       0.0     0.100
  MOV  176   140.000     5.200       0.0     0.100
  MOV  177   140.000     5.600       0.0     0.100
  MOV  178   140.000     6.000       0.0     0.100
  MOV  179   140.000     6.400       0.0     0.100
  MOV  180   140.000     6.800       0.0     0.100
  MOV  181   140.000     7.200       0.0     0.100
  MOV  182   140.000     7.600       0.0     0.100
  MOV  183   140.000     8.000       0.0     0.100
  MOV  184   140.000     8.400       0.0     0.100
  MOV  185   140.000     8.800       0.0     0.100
  MOV  186   140.000     0.000       0.0     0.200
  MOV  187   140.000     0.400       0.0     0.200
  MOV  188   140.000     0.800       0.0     0.200
  MOV  189   140.000     1.200       0.0     0.200
  MOV  190   140.000     1.600       0.0     0.200
  MOV  191   140.000     2.000       0.0     0.200
  MOV  192   140.000     2.400       0.0     0.200
  MOV  193   140.000     2.800       0.0     0.200
  MOV  194   140.000     3.200       0.0     0.200
  MOV  195   140.000     3.600       0.0     0.200
  MOV  196   140.000     4.000       0.0     0.200
  MOV  197   140.000     4.400       0.0     0.200
  MOV  198   140.000     4.800       0.0     0.200
  MOV  199   140.000     5.200       0.0     0.200
  MOV  200   140.000     5.600       0.0     0.200
  MOV  201   140.000     6.000       0.0     0.200
  MOV  202   140.000     6.400       0.0     0.200
  MOV  203   140.000     6.800       0.0     0.200
  MOV  204   140.000     7.200       0.0     0.200
  MOV  205   140.000     7.600       0.0     0.200
  MOV  206   140.000     8.000       0.0     0.200
  MOV  207   140.000     8.400       0.0     0.200
  MOV  208   140.000     8.800       0.0     0.200
  MOV  209   140.000     0.000       0.0     0.300
  MOV  210   140.000     0.400       0.0     0.300
  MOV  211   140.000     0.800       0.0     0.300
  MOV  212   140.000     1.200       0.0     0.300
  MOV  213   140.000     1.600       0.0     0.300
  MOV  214   140.000     2.000       0.0     0.300
  MOV  215   140.000     2.400       0.0     0.300
  MOV  216   140.000     2.800       0.0     0.300
  MOV  217   140.000     3.200       0.0     0.300
  MOV  218   140.000     3.600       0.0     0.300
  MOV  219   140.000     4.000       0.0     0.300
  MOV  220   140.000     4.400       0.0     0.300
  MOV  221   140.000     4.800       0.0     0.300
  MOV  222   140.000     5.200       0.0     0.300
  MOV  223   140.000     5.600       0.0     0.300
  MOV  224   140.000     6.000       0.0     0.300
  MOV  225   140.000     6.400       0.0     0.300
  MOV  226   140.000     6.800       0.0     0.300
  MOV  227   140.000     7.200       0.0     0.300
  MOV  228   140.000     7.600       0.0     0.300
  MOV  229   140.000     8.000       0.0     0.300
  MOV  230   140.000     8.400       0.0     0.300
  MOV  231   140.000     8.800       0.0     0.300
  MOV  232   140.000     0.000       0.0     0.400
  MOV  233   140.000     0.400       0.0     0.400
  MOV  234   140.000     0.800       0.0     0.400
  MOV  235   140.000     1.200       0.0     0.400
  MOV  236   140.000     1.600       0.0     0.400
  MOV  237   140.000     2.000       0.0     0.400
  MOV  238   140.000     2.400       0.0     0.400
  MOV  239   140.000     2.800       0.0     0.400
  MOV  240   140.000     3.200       0.0     0.400
  MOV  241   140.000     3.600       0.0     0.400
  MOV  242   140.000     4.000       0.0     0.400
  MOV  243   140.000     4.400       0.0     0.400
  MOV  244   140.000     4.800       0.0     0.400
  MOV  245   140.000     5.200       0.0     0.400
  MOV  246   140.000     5.600       0.0     0.400
  MOV  247   140.000     6.000       0.0     0.400
  MOV  248   140.000     6.400       0.0     0.400
  MOV  249   140.000     6.800       0.0     0.400
  MOV  250   140.000     7.200       0.0     0.400
  MOV  251   140.000     7.600       0.0     0.400
  MOV  252   140.000     8.000       0.0     0.400
  MOV  253   140.000     8.400       0.0     0.400
  MOV  254   140.000     8.800       0.0     0.400
  MOV  255   140.000     0.000       0.0     0.500
  MOV  256   140.000     0.400       0.0     0.500
  MOV  257   140.000     0.800       0.0     0.500
  MOV  258   140.000     1.200       0.0     0.500
  MOV  259   140.000     1.600       0.0     0.500
  MOV  260   140.000     2.000       0.0     0.500
  MOV  261   140.000     2.400       0.0     0.500
  MOV  262   140.000     2.800       0.0     0.500
  MOV  263   140.000     3.200       0.0     0.500
  MOV  264   140.000     3.600       0.0     0.500
  MOV  265   140.000     4.000       0.0     0.500
  MOV  266   140.000     4.400       0.0     0.500
  MOV  267   140.000     4.800       0.0     0.500
  MOV  268   140.000     5.200       0.0     0.500
  MOV  269   140.000     5.600       0.0     0.500
  MOV  270   140.000     6.000       0.0     0.500
  MOV  271   140.000     6.400       0.0     0.500
  MOV  272   140.000     6.800       0.0     0.500
  MOV  273   140.000     7.200       0.0     0.500
  MOV  274   140.000     7.600       0.0     0.500
  MOV  275   140.000     8.000       0.0     0.500
  MOV  276   140.000     8.400       0.0     0.500
  MOV  277   140.000     8.800       0.0     0.500
  MOV  278   140.000     0.000       0.0     0.600
  MOV  279   140.000     0.400       0.0     0.600
  MOV  280   140.000     0.800       0.0     0.600
  MOV  281   140.000     1.200       0.0     0.600
  MOV  282   140.000     1.600       0.0     0.600
  MOV  283   140.000     2.000       0.0     0.600
  MOV  284   140.000     2.400       0.0     0.600
  MOV  285   140.000     2.800       0.0     0.600
  MOV  286   140.000     3.200       0.0     0.600
  MOV  287   140.000     3.600       0.0     0.600
  MOV  288   140.000     4.000       0.0     0.600
  MOV  289   140.000     4.400       0.0     0.600
  MOV  290   140.000     4.800       0.0     0.600
  MOV  291   140.000     5.200       0.0     0.600
  MOV  292   140.000     5.600       0.0     0.600
  MOV  293   140.000     6.000       0.0     0.600
  MOV  294   140.000     6.400       0.0     0.600
  MOV  295   140.000     6.800       0.0     0.600
  MOV  296   140.000     7.200       0.0     0.600
  MOV  297   140.000     7.600       0.0     0.600
  MOV  298   140.000     8.000       0.0     0.600
  MOV  299   140.000     8.400       0.0     0.600
  MOV  300   140.000     8.800       0.0     0.600
  MOV  301   140.000     0.000       0.0     0.700
  MOV  302   140.000     0.400       0.0     0.700
  MOV  303   140.000     0.800       0.0     0.700
  MOV  304   140.000     1.200       0.0     0.700
  MOV  305   140.000     1.600       0.0     0.700
  MOV  306   140.000     2.000       0.0     0.700
  MOV  307   140.000     2.400       0.0     0.700
  MOV  308   140.000     2.800       0.0     0.700
  MOV  309   140.000     3.200       0.0     0.700
  MOV  310   140.000     3.600       0.0     0.700
  MOV  311   140.000     4.000       0.0     0.700
  MOV  312   140.000     4.400       0.0     0.700
  MOV  313   140.000     4.800       0.0     0.700
  MOV  314   140.000     5.200       0.0     0.700
  MOV  315   140.000     5.600       0.0     0.700
  MOV  316   140.000     6.000       0.0     0.700
  MOV  317   140.000     6.400       0.0     0.700
  MOV  318   140.000     6.800       0.0     0.700
  MOV  319   140.000     7.200       0.0     0.700
  MOV  320   140.000     7.600       0.0     0.700
  MOV  321   140.000     8.000       0.0     0.700
  MOV  322   140.000     8.400       0.0     0.700
  MOV  323   140.000     8.800       0.0     0.700
  MOV  324   140.000     0.000       0.0     0.800
  MOV  325   140.000     0.400       0.0     0.800
  MOV  326   140.000     0.800       0.0     0.800
  MOV  327   140.000     1.200       0.0     0.800
  MOV  328   140.000     1.600       0.0     0.800
  MOV  329   140.000     2.000       0.0     0.800
  MOV  330   140.000     2.400       0.0     0.800
  MOV  331   140.000     2.800       0.0     0.800
  MOV  332   140.000     3.200       0.0     0.800
  MOV  333   140.000     3.600       0.0     0.800
  MOV  334   140.000     4.000       0.0     0.800
  MOV  335   140.000     4.400       0.0     0.800
  MOV  336   140.000     4.800       0.0     0.800
  MOV  337   140.000     5.200       0.0     0.800
  MOV  338   140.000     5.600       0.0     0.800
  MOV  339   140.000     6.000       0.0     0.800
  MOV  340   140.000     6.400       0.0     0.800
  MOV  341   140.000     6.800       0.0     0.800
  MOV  342   140.000     7.200       0.0     0.800
  MOV  343   140.000     7.600       0.0     0.800
  MOV  344   140.000     8.000       0.0     0.800
  MOV  345   140.000     8.400       0.0     0.800
  MOV  346   140.000     8.800       0.0     0.800
  MOV  347   140.000     0.000       0.0     0.900
  MOV  348   140.000     0.400       0.0     0.900
  MOV  349   140.000     0.800       0.0     0.900
  MOV  350   140.000     1.200       0.0     0.900
  MOV  351   140.000     1.600       0.0     0.900
  MOV  352   140.000     2.000       0.0     0.900
  MOV  353   140.000     2.400       0.0     0.900
  MOV  354   140.000     2.800       0.0     0.900
  MOV  355   140.000     3.200       0.0     0.900
  MOV  356   140.000     3.600       0.0     0.900
  MOV  357   140.000     4.000       0.0     0.900
  MOV  358   140.000     4.400       0.0     0.900
  MOV  359   140.000     4.800       0.0     0.900
  MOV  360   140.000     5.200       0.0     0.900
  MOV  361   140.000     5.600       0.0     0.900
  MOV  362   140.000     6.000       0.0     0.900
  MOV  363   140.000     6.400       0.0     0.900
  MOV  364   140.000     6.800       0.0     0.900
  MOV  365   140.000     7.200       0.0     0.900
  MOV  366   140.000     7.600       0.0     0.900
  MOV  367   140.000     8.000       0.0     0.900
  MOV  368   140.000     8.400       0.0     0.900
  MOV  369   140.000     8.800       0.0     0.900
  MOV  370   140.000     0.000       0.0     1.000
  MOV  371   140.000     0.400       0.0     1.000
  MOV  372   140.000     0.800       0.0     1.000
  MOV  373   140.000     1.200       0.0     1.000
  MOV  374   140.000     1.600       0.0     1.000
  MOV  375   140.000     2.000       0.0     1.000
  MOV  376   140.000     2.400       0.0     1.000
  MOV  377   140.000     2.800       0.0     1.000
  MOV  378   140.000     3.200       0.0     1.000
  MOV  379   140.000     3.600       0.0     1.000
  MOV  380   140.000     4.000       0.0     1.000
  MOV  381   140.000     4.400       0.0     1.000
  MOV  382   140.000     4.800       0.0     1.000
  MOV  383   140.000     5.200       0.0     1.000
  MOV  384   140.000     5.600       0.0     1.000
  MOV  385   140.000     6.000       0.0     1.000
  MOV  386   140.000     6.400       0.0     1.000
  MOV  387   140.000     6.800       0.0     1.000
  MOV  388   140.000     7.200       0.0     1.000
  MOV  389   140.000     7.600       0.0     1.000
  MOV  390   140.000     8.000       0.0     1.000
  MOV  391   140.000     8.400       0.0     1.000
  MOV  392   140.000     8.800       0.0     1.000
  MOV  393   140.000     0.000       0.0     1.100
  MOV  394   140.000     0.400       0.0     1.100
  MOV  395   140.000     0.800       0.0     1.100
  MOV  396   140.000     1.200       0.0     1.100
  MOV  397   140.000     1.600       0.0     1.100
  MOV  398   140.000     2.000       0.0     1.100
  MOV  399   140.000     2.400       0.0     1.100
  MOV  400   140.000     2.800       0.0     1.100
  MOV  401   140.000     3.200       0.0     1.100
  MOV  402   140.000     3.600       0.0     1.100
  MOV  403   140.000     4.000       0.0     1.100
  MOV  404   140.000     4.400       0.0     1.100
  MOV  405   140.000     4.800       0.0     1.100
  MOV  406   140.000     5.200       0.0     1.100
  MOV  407   140.000     5.600       0.0     1.100
  MOV  408   140.000     6.000       0.0     1.100
  MOV  409   140.000     6.400       0.0     1.100
  MOV  410   140.000     6.800       0.0     1.100
  MOV  411   140.000     7.200       0.0     1.100
  MOV  412   140.000     7.600       0.0     1.100
  MOV  413   140.000     8.000       0.0     1.100
  MOV  414   140.000     8.400       0.0     1.100
  MOV  415   140.000     8.800       0.0     1.100
  MOV  416   140.000     0.000       0.0     1.200
  MOV  417   140.000     0.400       0.0     1.200
  MOV  418   140.000     0.800       0.0     1.200
  MOV  419   140.000     1.200       0.0     1.200
  MOV  420   140.000     1.600       0.0     1.200
  MOV  421   140.000     2.000       0.0     1.200
  MOV  422   140.000     2.400       0.0     1.200
  MOV  423   140.000     2.800       0.0     1.200
  MOV  424   140.000     3.200       0.0     1.200
  MOV  425   140.000     3.600       0.0     1.200
  MOV  426   140.000     4.000       0.0     1.200
  MOV  427   140.000     4.400       0.0     1.200
  MOV  428   140.000     4.800       0.0     1.200
  MOV  429   140.000     5.200       0.0     1.200
  MOV  430   140.000     5.600       0.0     1.200
  MOV  431   140.000     6.000       0.0     1.200
  MOV  432   140.000     6.400       0.0     1.200
  MOV  433   140.000     6.800       0.0     1.200
  MOV  434   140.000     7.200       0.0     1.200
  MOV  435   140.000     7.600       0.0     1.200
  MOV  436   140.000     8.000       0.0     1.200
  MOV  437   140.000     8.400       0.0     1.200
  MOV  438   140.000     8.800       0.0     1.200
  MOV  439   140.000     0.000       0.0     1.300
  MOV  440   140.000     0.400       0.0     1.300
  MOV  441   140.000     0.800       0.0     1.300
  MOV  442   140.000     1.200       0.0     1.300
  MOV  443   140.000     1.600       0.0     1.300
  MOV  444   140.000     2.000       0.0     1.300
  MOV  445   140.000     2.400       0.0     1.300
  MOV  446   140.000     2.800       0.0     1.300
  MOV  447   140.000     3.200       0.0     1.300
  MOV  448   140.000     3.600       0.0     1.300
  MOV  449   140.000     4.000       0.0     1.300
  MOV  450   140.000     4.400       0.0     1.300
  MOV  451   140.000     4.800       0.0     1.300
  MOV  452   140.000     5.200       0.0     1.300
  MOV  453   140.000     5.600       0.0     1.300
  MOV  454   140.000     6.000       0.0     1.300
  MOV  455   140.000     6.400       0.0     1.300
  MOV  456   140.000     6.800       0.0     1.300
  MOV  457   140.000     7.200       0.0     1.300
  MOV  458   140.000     7.600       0.0     1.300
  MOV  459   140.000     8.000       0.0     1.300
  MOV  460   140.000     8.400       0.0     1.300
  MOV  461   140.000     8.800       0.0     1.300
  MOV  462   140.000     0.000       0.0     1.400
  MOV  463   140.000     0.400       0.0     1.400
  MOV  464   140.000     0.800       0.0     1.400
  MOV  465   140.000     1.200       0.0     1.400
  MOV  466   140.000     1.600       0.0     1.400
  MOV  467   140.000     2.000       0.0     1.400
  MOV  468   140.000     2.400       0.0     1.400
  MOV  469   140.000     2.800       0.0     1.400
  MOV  470   140.000     3.200       0.0     1.400
  MOV  471   140.000     3.600       0.0     1.400
  MOV  472   140.000     4.000       0.0     1.400
  MOV  473   140.000     4.400       0.0     1.400
  MOV  474   140.000     4.800       0.0     1.400
  MOV  475   140.000     5.200       0.0     1.400
  MOV  476   140.000     5.600       0.0     1.400
  MOV  477   140.000     6.000       0.0     1.400
  MOV  478   140.000     6.400       0.0     1.400
  MOV  479   140.000     6.800       0.0     1.400
  MOV  480   140.000     7.200       0.0     1.400
  MOV  481   140.000     7.600       0.0     1.400
  MOV  482   140.000     8.000       0.0     1.400
  MOV  483   140.000     8.400       0.0     1.400
  MOV  484   140.000     8.800       0.0     1.400
  MOV  485   140.000     0.000       0.0     1.500
  MOV  486   140.000     0.400       0.0     1.500
  MOV  487   140.000     0.800       0.0     1.500
  MOV  488   140.000     1.200       0.0     1.500
  MOV  489   140.000     1.600       0.0     1.500
  MOV  490   140.000     2.000       0.0     1.500
  MOV  491   140.000     2.400       0.0     1.500
  MOV  492   140.000     2.800       0.0     1.500
  MOV  493   140.000     3.200       0.0     1.500
  MOV  494   140.000     3.600       0.0     1.500
  MOV  495   140.000     4.000       0.0     1.500
  MOV  496   140.000     4.400       0.0     1.500
  MOV  497   140.000     4.800       0.0     1.500
  MOV  498   140.000     5.200       0.0     1.500
  MOV  499   140.000     5.600       0.0     1.500
  MOV  500   140.000     6.000       0.0     1.500
  MOV  501   140.000     6.400       0.0     1.500
  MOV  502   140.000     6.800       0.0     1.500
  MOV  503   140.000     7.200       0.0     1.500
  MOV  504   140.000     7.600       0.0     1.500
  MOV  505   140.000     8.000       0.0     1.500
  MOV  506   140.000     8.400       0.0     1.500
  MOV  507   140.000     8.800       0.0     1.500
  MOV  508   140.000     0.000       0.0     1.600
  MOV  509   140.000     0.400       0.0     1.600
  MOV  510   140.000     0.800       0.0     1.600
  MOV  511   140.000     1.200       0.0     1.600
  MOV  512   140.000     1.600       0.0     1.600
  MOV  513   140.000     2.000       0.0     1.600
  MOV  514   140.000     2.400       0.0     1.600
  MOV  515   140.000     2.800       0.0     1.600
  MOV  516   140.000     3.200       0.0     1.600
  MOV  517   140.000     3.600       0.0     1.600
  MOV  518   140.000     4.000       0.0     1.600
  MOV  519   140.000     4.400       0.0     1.600
  MOV  520   140.000     4.800       0.0     1.600
  MOV  521   140.000     5.200       0.0     1.600
  MOV  522   140.000     5.600       0.0     1.600
  MOV  523   140.000     6.000       0.0     1.600
  MOV  524   140.000     6.400       0.0     1.600
  MOV  525   140.000     6.800       0.0     1.600
  MOV  526   140.000     7.200       0.0     1.600
  MOV  527   140.000     7.600       0.0     1.600
  MOV  528   140.000     8.000       0.0     1.600
  MOV  529   140.000     8.400       0.0     1.600
  MOV  530   140.000     8.800       0.0     1.600
  MOV  531   140.000     0.000       0.0     1.700
  MOV  532   140.000     0.400       0.0     1.700
  MOV  533   140.000     0.800       0.0     1.700
  MOV  534   140.000     1.200       0.0     1.700
  MOV  535   140.000     1.600       0.0     1.700
  MOV  536   140.000     2.000       0.0     1.700
  MOV  537   140.000     2.400       0.0     1.700
  MOV  538   140.000     2.800       0.0     1.700
  MOV  539   140.000     3.200       0.0     1.700
  MOV  540   140.000     3.600       0.0     1.700
  MOV  541   140.000     4.000       0.0     1.700
  MOV  542   140.000     4.400       0.0     1.700
  MOV  543   140.000     4.800       0.0     1.700
  MOV  544   140.000     5.200       0.0     1.700
  MOV  545   140.000     5.600       0.0     1.700
  MOV  546   140.000     6.000       0.0     1.700
  MOV  547   140.000     6.400       0.0     1.700
  MOV  548   140.000     6.800       0.0     1.700
  MOV  549   140.000     7.200       0.0     1.700
  MOV  550   140.000     7.600       0.0     1.700
  MOV  551   140.000     8.000       0.0     1.700
  MOV  552   140.000     8.400       0.0     1.700
  MOV  553   140.000     8.800       0.0     1.700
  MOV  554   140.000     0.000       0.0     1.800
  MOV  555   140.000     0.400       0.0     1.800
  MOV  556   140.000     0.800       0.0     1.800
  MOV  557   140.000     1.200       0.0     1.800
  MOV  558   140.000     1.600       0.0     1.800
  MOV  559   140.000     2.000       0.0     1.800
  MOV  560   140.000     2.400       0.0     1.800
  MOV  561   140.000     2.800       0.0     1.800
  MOV  562   140.000     3.200       0.0     1.800
  MOV  563   140.000     3.600       0.0     1.800
  MOV  564   140.000     4.000       0.0     1.800
  MOV  565   140.000     4.400       0.0     1.800
  MOV  566   140.000     4.800       0.0     1.800
  MOV  567   140.000     5.200       0.0     1.800
  MOV  568   140.000     5.600       0.0     1.800
  MOV  569   140.000     6.000       0.0     1.800
  MOV  570   140.000     6.400       0.0     1.800
  MOV  571   140.000     6.800       0.0     1.800
  MOV  572   140.000     7.200       0.0     1.800
  MOV  573   140.000     7.600       0.0     1.800
  MOV  574   140.000     8.000       0.0     1.800
  MOV  575   140.000     8.400       0.0     1.800
  MOV  576   140.000     8.800       0.0     1.800
  MOV  577   140.000     0.000       0.0     1.900
  MOV  578   140.000     0.400       0.0     1.900
  MOV  579   140.000     0.800       0.0     1.900
  MOV  580   140.000     1.200       0.0     1.900
  MOV  581   140.000     1.600       0.0     1.900
  MOV  582   140.000     2.000       0.0     1.900
  MOV  583   140.000     2.400       0.0     1.900
  MOV  584   140.000     2.800       0.0     1.900
  MOV  585   140.000     3.200       0.0     1.900
  MOV  586   140.000     3.600       0.0     1.900
  MOV  587   140.000     4.000       0.0     1.900
  MOV  588   140.000     4.400       0.0     1.900
  MOV  589   140.000     4.800       0.0     1.900
  MOV  590   140.000     5.200       0.0     1.900
  MOV  591   140.000     5.600       0.0     1.900
  MOV  592   140.000     6.000       0.0     1.900
  MOV  593   140.000     6.400       0.0     1.900
  MOV  594   140.000     6.800       0.0     1.900
  MOV  595   140.000     7.200       0.0     1.900
  MOV  596   140.000     7.600       0.0     1.900
  MOV  597   140.000     8.000       0.0     1.900
  MOV  598   140.000     8.400       0.0     1.900
  MOV  599   140.000     8.800       0.0     1.900
  MOV  600   140.000     0.000       0.0     2.000
  MOV  601   140.000     0.400       0.0     2.000
  MOV  602   140.000     0.800       0.0     2.000
  MOV  603   140.000     1.200       0.0     2.000
  MOV  604   140.000     1.600       0.0     2.000
  MOV  605   140.000     2.000       0.0     2.000
  MOV  606   140.000     2.400       0.0     2.000
  MOV  607   140.000     2.800       0.0     2.000
  MOV  608   140.000     3.200       0.0     2.000
  MOV  609   140.000     3.600       0.0     2.000
  MOV  610   140.000     4.000       0.0     2.000
  MOV  611   140.000     4.400       0.0     2.000
  MOV  612   140.000     4.800       0.0     2.000
  MOV  613   140.000     5.200       0.0     2.000
  MOV  614   140.000     5.600       0.0     2.000
  MOV  615   140.000     6.000       0.0     2.000
  MOV  616   140.000     6.400       0.0     2.000
  MOV  617   140.000     6.800       0.0     2.000
  MOV  618   140.000     7.200       0.0     2.000
  MOV  619   140.000     7.600       0.0     2.000
  MOV  620   140.000     8.000       0.0     2.000
  MOV  621   140.000     8.400       0.0     2.000
  MOV  622   140.000     8.800       0.0     2.000
  MOV  623   140.000     0.000       0.0     2.100
  MOV  624   140.000     0.400       0.0     2.100
  MOV  625   140.000     0.800       0.0     2.100
  MOV  626   140.000     1.200       0.0     2.100
  MOV  627   140.000     1.600       0.0     2.100
  MOV  628   140.000     2.000       0.0     2.100
  MOV  629   140.000     2.400       0.0     2.100
  MOV  630   140.000     2.800       0.0     2.100
  MOV  631   140.000     3.200       0.0     2.100
  MOV  632   140.000     3.600       0.0     2.100
  MOV  633   140.000     4.000       0.0     2.100
  MOV  634   140.000     4.400       0.0     2.100
  MOV  635   140.000     4.800       0.0     2.100
  MOV  636   140.000     5.200       0.0     2.100
  MOV  637   140.000     5.600       0.0     2.100
  MOV  638   140.000     6.000       0.0     2.100
  MOV  639   140.000     6.400       0.0     2.100
  MOV  640   140.000     6.800       0.0     2.100
  MOV  641   140.000     7.200       0.0     2.100
  MOV  642   140.000     7.600       0.0     2.100
  MOV  643   140.000     8.000       0.0     2.100
  MOV  644   140.000     8.400       0.0     2.100
  MOV  645   140.000     8.800       0.0     2.100
  MOV  646   140.000     0.000       0.0     2.200
  MOV  647   140.000     0.400       0.0     2.200
  MOV  648   140.000     0.800       0.0     2.200
  MOV  649   140.000     1.200       0.0     2.200
  MOV  650   140.000     1.600       0.0     2.200
  MOV  651   140.000     2.000       0.0     2.200
  MOV  652   140.000     2.400       0.0     2.200
  MOV  653   140.000     2.800       0.0     2.200
  MOV  654   140.000     3.200       0.0     2.200
  MOV  655   140.000     3.600       0.0     2.200
  MOV  656   140.000     4.000       0.0     2.200
  MOV  657   140.000     4.400       0.0     2.200
  MOV  658   140.000     4.800       0.0     2.200
  MOV  659   140.000     5.200       0.0     2.200
  MOV  660   140.000     5.600       0.0     2.200
  MOV  661   140.000     6.000       0.0     2.200
  MOV  662   140.000     6.400       0.0     2.200
  MOV  663   140.000     6.800       0.0     2.200
  MOV  664   140.000     7.200       0.0     2.200
  MOV  665   140.000     7.600       0.0     2.200
  MOV  666   140.000     8.000       0.0     2.200
  MOV  667   140.000     8.400       0.0     2.200
  MOV  668   140.000     8.800       0.0     2.200
  MOV  669   140.000     0.000       0.0     2.300
  MOV  670   140.000     0.400       0.0     2.300
  MOV  671   140.000     0.800       0.0     2.300
  MOV  672   140.000     1.200       0.0     2.300
  MOV  673   140.000     1.600       0.0     2.300
  MOV  674   140.000     2.000       0.0     2.300
  MOV  675   140.000     2.400       0.0     2.300
  MOV  676   140.000     2.800       0.0     2.300
  MOV  677   140.000     3.200       0.0     2.300
  MOV  678   140.000     3.600       0.0     2.300
  MOV  679   140.000     4.000       0.0     2.300
  MOV  680   140.000     4.400       0.0     2.300
  MOV  681   140.000     4.800       0.0     2.300
  MOV  682   140.000     5.200       0.0     2.300
  MOV  683   140.000     5.600       0.0     2.300
  MOV  684   140.000     6.000       0.0     2.300
  MOV  685   140.000     6.400       0.0     2.300
  MOV  686   140.000     6.800       0.0     2.300
  MOV  687   140.000     7.200       0.0     2.300
  MOV  688   140.000     7.600       0.0     2.300
  MOV  689   140.000     8.000       0.0     2.300
  MOV  690   140.000     8.400       0.0     2.300
  MOV  691   140.000     8.800       0.0     2.300
  MOV  692   140.000     0.000       0.0     2.400
  MOV  693   140.000     0.400       0.0     2.400
  MOV  694   140.000     0.800       0.0     2.400
  MOV  695   140.000     1.200       0.0     2.400
  MOV  696   140.000     1.600       0.0     2.400
  MOV  697   140.000     2.000       0.0     2.400
  MOV  698   140.000     2.400       0.0     2.400
  MOV  699   140.000     2.800       0.0     2.400
  MOV  700   140.000     3.200       0.0     2.400
  MOV  701   140.000     3.600       0.0     2.400
  MOV  702   140.000     4.000       0.0     2.400
  MOV  703   140.000     4.400       0.0     2.400
  MOV  704   140.000     4.800       0.0     2.400
  MOV  705   140.000     5.200       0.0     2.400
  MOV  706   140.000     5.600       0.0     2.400
  MOV  707   140.000     6.000       0.0     2.400
  MOV  708   140.000     6.400       0.0     2.400
  MOV  709   140.000     6.800       0.0     2.400
  MOV  710   140.000     7.200       0.0     2.400
  MOV  711   140.000     7.600       0.0     2.400
  MOV  712   140.000     8.000       0.0     2.400
  MOV  713   140.000     8.400       0.0     2.400
  MOV  714   140.000     8.800       0.0     2.400
  MOV  715   140.000     0.000       0.0     2.500
  MOV  716   140.000     0.400       0.0     2.500
  MOV  717   140.000     0.800       0.0     2.500
  MOV  718   140.000     1.200       0.0     2.500
  MOV  719   140.000     1.600       0.0     2.500
  MOV  720   140.000     2.000       0.0     2.500
  MOV  721   140.000     2.400       0.0     2.500
  MOV  722   140.000     2.800       0.0     2.500
  MOV  723   140.000     3.200       0.0     2.500
  MOV  724   140.000     3.600       0.0     2.500
  MOV  725   140.000     4.000       0.0     2.500
  MOV  726   140.000     4.400       0.0     2.500
  MOV  727   140.000     4.800       0.0     2.500
  MOV  728   140.000     5.200       0.0     2.500
  MOV  729   140.000     5.600       0.0     2.500
  MOV  730   140.000     6.000       0.0     2.500
  MOV  731   140.000     6.400       0.0     2.500
  MOV  732   140.000     6.800       0.0     2.500
  MOV  733   140.000     7.200       0.0     2.500
  MOV  734   140.000     7.600       0.0     2.500
  MOV  735   140.000     8.000       0.0     2.500
  MOV  736   140.000     8.400       0.0     2.500
  MOV  737   140.000     8.800       0.0     2.500
  MOV  738   140.000     0.000       0.0     2.600
  MOV  739   140.000     0.400       0.0     2.600
  MOV  740   140.000     0.800       0.0     2.600
  MOV  741   140.000     1.200       0.0     2.600
  MOV  742   140.000     1.600       0.0     2.600
  MOV  743   140.000     2.000       0.0     2.600
  MOV  744   140.000     2.400       0.0     2.600
  MOV  745   140.000     2.800       0.0     2.600
  MOV  746   140.000     3.200       0.0     2.600
  MOV  747   140.000     3.600       0.0     2.600
  MOV  748   140.000     4.000       0.0     2.600
  MOV  749   140.000     4.400       0.0     2.600
  MOV  750   140.000     4.800       0.0     2.600
  MOV  751   140.000     5.200       0.0     2.600
  MOV  752   140.000     5.600       0.0     2.600
  MOV  753   140.000     6.000       0.0     2.600
  MOV  754   140.000     6.400       0.0     2.600
  MOV  755   140.000     6.800       0.0     2.600
  MOV  756   140.000     7.200       0.0     2.600
  MOV  757   140.000     7.600       0.0     2.600
  MOV  758   140.000     8.000       0.0     2.600
  MOV  759   140.000     8.400       0.0     2.600
  MOV  760   140.000     8.800       0.0     2.600
  MOV  761   140.000     0.000       0.0     2.700
  MOV  762   140.000     0.400       0.0     2.700
  MOV  763   140.000     0.800       0.0     2.700
  MOV  764   140.000     1.200       0.0     2.700
  MOV  765   140.000     1.600       0.0     2.700
  MOV  766   140.000     2.000       0.0     2.700
  MOV  767   140.000     2.400       0.0     2.700
  MOV  768   140.000     2.800       0.0     2.700
  MOV  769   140.000     3.200       0.0     2.700
  MOV  770   140.000     3.600       0.0     2.700
  MOV  771   140.000     4.000       0.0     2.700
  MOV  772   140.000     4.400       0.0     2.700
  MOV  773   140.000     4.800       0.0     2.700
  MOV  774   140.000     5.200       0.0     2.700
  MOV  775   140.000     5.600       0.0     2.700
  MOV  776   140.000     6.000       0.0     2.700
  MOV  777   140.000     6.400       0.0     2.700
  MOV  778   140.000     6.800       0.0     2.700
  MOV  779   140.000     7.200       0.0     2.700
  MOV  780   140.000     7.600       0.0     2.700
  MOV  781   140.000     8.000       0.0     2.700
  MOV  782   140.000     8.400       0.0     2.700
  MOV  783   140.000     8.800       0.0     2.700
  MOV  784   140.000     0.000       0.0     2.800
  MOV  785   140.000     0.400       0.0     2.800
  MOV  786   140.000     0.800       0.0     2.800
  MOV  787   140.000     1.200       0.0     2.800
  MOV  788   140.000     1.600       0.0     2.800
  MOV  789   140.000     2.000       0.0     2.800
  MOV  790   140.000     2.400       0.0     2.800
  MOV  791   140.000     2.800       0.0     2.800
  MOV  792   140.000     3.200       0.0     2.800
  MOV  793   140.000     3.600       0.0     2.800
  MOV  794   140.000     4.000       0.0     2.800
  MOV  795   140.000     4.400       0.0     2.800
  MOV  796   140.000     4.800       0.0     2.800
  MOV  797   140.000     5.200       0.0     2.800
  MOV  798   140.000     5.600       0.0     2.800
  MOV  799   140.000     6.000       0.0     2.800
  MOV  800   140.000     6.400       0.0     2.800
  MOV  801   140.000     6.800       0.0     2.800
  MOV  802   140.000     7.200       0.0     2.800
  MOV  803   140.000     7.600       0.0     2.800
  MOV  804   140.000     8.000       0.0     2.800
  MOV  805   140.000     8.400       0.0     2.800
  MOV  806   140.000     8.800       0.0     2.800
  MOV  807   140.000     0.000       0.0     2.900
  MOV  808   140.000     0.400       0.0     2.900
  MOV  809   140.000     0.800       0.0     2.900
  MOV  810   140.000     1.200       0.0     2.900
  MOV  811   140.000     1.600       0.0     2.900
  MOV  812   140.000     2.000       0.0     2.900
  MOV  813   140.000     2.400       0.0     2.900
  MOV  814   140.000     2.800       0.0     2.900
  MOV  815   140.000     3.200       0.0     2.900
  MOV  816   140.000     3.600       0.0     2.900
  MOV  817   140.000     4.000       0.0     2.900
  MOV  818   140.000     4.400       0.0     2.900
  MOV  819   140.000     4.800       0.0     2.900
  MOV  820   140.000     5.200       0.0     2.900
  MOV  821   140.000     5.600       0.0     2.900
  MOV  822   140.000     6.000       0.0     2.900
  MOV  823   140.000     6.400       0.0     2.900
  MOV  824   140.000     6.800       0.0     2.900
  MOV  825   140.000     7.200       0.0     2.900
  MOV  826   140.000     7.600       0.0     2.900
  MOV  827   140.000     8.000       0.0     2.900
  MOV  828   140.000     8.400       0.0     2.900
  MOV  829   140.000     8.800       0.0     2.900
  MOV  830   140.000     0.000       0.0     3.000
  MOV  831   140.000     0.400       0.0     3.000
  MOV  832   140.000     0.800       0.0     3.000
  MOV  833   140.000     1.200       0.0     3.000
  MOV  834   140.000     1.600       0.0     3.000
  MOV  835   140.000     2.000       0.0     3.000
  MOV  836   140.000     2.400       0.0     3.000
  MOV  837   140.000     2.800       0.0     3.000
  MOV  838   140.000     3.200       0.0     3.000
  MOV  839   140.000     3.600       0.0     3.000
  MOV  840   140.000     4.000       0.0     3.000
  MOV  841   140.000     4.400       0.0     3.000
  MOV  842   140.000     4.800       0.0     3.000
  MOV  843   140.000     5.200       0.0     3.000
  MOV  844   140.000     5.600       0.0     3.000
  MOV  845   140.000     6.000       0.0     3.000
  MOV  846   140.000     6.400       0.0     3.000
  MOV  847   140.000     6.800       0.0     3.000
  MOV  848   140.000     7.200       0.0     3.000
  MOV  849   140.000     7.600       0.0     3.000
  MOV  850   140.000     8.000       0.0     3.000
  MOV  851   140.000     8.400       0.0     3.000
  MOV  852   140.000     8.800       0.0     3.000
  MOV  853   140.000     0.000       0.0     3.100
  MOV  854   140.000     0.400       0.0     3.100
  MOV  855   140.000     0.800       0.0     3.100
  MOV  856   140.000     1.200       0.0     3.100
  MOV  857   140.000     1.600       0.0     3.100
  MOV  858   140.000     2.000       0.0     3.100
  MOV  859   140.000     2.400       0.0     3.100
  MOV  860   140.000     2.800       0.0     3.100
  MOV  861   140.000     3.200       0.0     3.100
  MOV  862   140.000     3.600       0.0     3.100
  MOV  863   140.000     4.000       0.0     3.100
  MOV  864   140.000     4.400       0.0     3.100
  MOV  865   140.000     4.800       0.0     3.100
  MOV  866   140.000     5.200       0.0     3.100
  MOV  867   140.000     5.600       0.0     3.100
  MOV  868   140.000     6.000       0.0     3.100
  MOV  869   140.000     6.400       0.0     3.100
  MOV  870   140.000     6.800       0.0     3.100
  MOV  871   140.000     7.200       0.0     3.100
  MOV  872   140.000     7.600       0.0     3.100
  MOV  873   140.000     8.000       0.0     3.100
  MOV  874   140.000     8.400       0.0     3.100
  MOV  875   140.000     8.800       0.0     3.100
  MOV  876   140.000     0.000       0.0     3.200
  MOV  877   140.000     0.400       0.0     3.200
  MOV  878   140.000     0.800       0.0     3.200
  MOV  879   140.000     1.200       0.0     3.200
  MOV  880   140.000     1.600       0.0     3.200
  MOV  881   140.000     2.000       0.0     3.200
  MOV  882   140.000     2.400       0.0     3.200
  MOV  883   140.000     2.800       0.0     3.200
  MOV  884   140.000     3.200       0.0     3.200
  MOV  885   140.000     3.600       0.0     3.200
  MOV  886   140.000     4.000       0.0     3.200
  MOV  887   140.000     4.400       0.0     3.200
  MOV  888   140.000     4.800       0.0     3.200
  MOV  889   140.000     5.200       0.0     3.200
  MOV  890   140.000     5.600       0.0     3.200
  MOV  891   140.000     6.000       0.0     3.200
  MOV  892   140.000     6.400       0.0     3.200
  MOV  893   140.000     6.800       0.0     3.200
  MOV  894   140.000     7.200       0.0     3.200
  MOV  895   140.000     7.600       0.0     3.200
  MOV  896   140.000     8.000       0.0     3.200
  MOV  897   140.000     8.400       0.0     3.200
  MOV  898   140.000     8.800       0.0     3.200
  MOV  899   140.000     0.000       0.0     3.300
  MOV  900   140.000     0.400       0.0     3.300
  MOV  901   140.000     0.800       0.0     3.300
  MOV  902   140.000     1.200       0.0     3.300
  MOV  903   140.000     1.600       0.0     3.300
  MOV  904   140.000     2.000       0.0     3.300
  MOV  905   140.000     2.400       0.0     3.300
  MOV  906   140.000     2.800       0.0     3.300
  MOV  907   140.000     3.200       0.0     3.300
  MOV  908   140.000     3.600       0.0     3.300
  MOV  909   140.000     4.000       0.0     3.300
  MOV  910   140.000     4.400       0.0     3.300
  MOV  911   140.000     4.800       0.0     3.300
  MOV  912   140.000     5.200       0.0     3.300
  MOV  913   140.000     5.600       0.0     3.300
  MOV  914   140.000     6.000       0.0     3.300
  MOV  915   140.000     6.400       0.0     3.300
  MOV  916   140.000     6.800       0.0     3.300
  MOV  917   140.000     7.200       0.0     3.300
  MOV  918   140.000     7.600       0.0     3.300
  MOV  919   140.000     8.000       0.0     3.300
  MOV  920   140.000     8.400       0.0     3.300
  MOV  921   140.000     8.800       0.0     3.300
  MOV  922   140.000     0.000       0.0     3.400
  MOV  923   140.000     0.400       0.0     3.400
  MOV  924   140.000     0.800       0.0     3.400
  MOV  925   140.000     1.200       0.0     3.400
  MOV  926   140.000     1.600       0.0     3.400
  MOV  927   140.000     2.000       0.0     3.400
  MOV  928   140.000     2.400       0.0     3.400
  MOV  929   140.000     2.800       0.0     3.400
  MOV  930   140.000     3.200       0.0     3.400
  MOV  931   140.000     3.600       0.0     3.400
  MOV  932   140.000     4.000       0.0     3.400
  MOV  933   140.000     4.400       0.0     3.400
  MOV  934   140.000     4.800       0.0     3.400
  MOV  935   140.000     5.200       0.0     3.400
  MOV  936   140.000     5.600       0.0     3.400
  MOV  937   140.000     6.000       0.0     3.400
  MOV  938   140.000     6.400       0.0     3.400
  MOV  939   140.000     6.800       0.0     3.400
  RPP  940    -5.000     5.000    -5.000     5.000    28.000    30.000
  RPP  941    -5.000     5.000    -5.000     5.000     0.000     0.020
  RPP  942    -3.706    -3.570    -5.000     5.000     0.020     0.499
  MOV  943   942.000     1.000       0.0       0.0
  MOV  944   942.000     2.000       0.0       0.0
  MOV  945   942.000     3.000       0.0       0.0
  MOV  946   942.000     4.000       0.0       0.0
  MOV  947   942.000     5.000       0.0       0.0
  MOV  948   942.000     6.000       0.0       0.0
  MOV  949   942.000     7.000       0.0       0.0
  RPP  950    -3.570    -3.468    -5.000     5.000     0.020     0.979
  MOV  951   950.000     1.000       0.0       0.0
  MOV  952   950.000     2.000       0.0       0.0
  MOV  953   950.000     3.000       0.0       0.0
  MOV  954   950.000     4.000       0.0       0.0
  MOV  955   950.000     5.000       0.0       0.0
  MOV  956   950.000     6.000       0.0       0.0
  MOV  957   950.000     7.000       0.0       0.0
  RPP  958    -3.468    -3.382    -5.000     5.000     0.020     1.459
  MOV  959   958.000     1.000       0.0       0.0
  MOV  960   958.000     2.000       0.0       0.0
  MOV  961   958.000     3.000       0.0       0.0
  MOV  962   958.000     4.000       0.0       0.0
  MOV  963   958.000     5.000       0.0       0.0
  MOV  964   958.000     6.000       0.0       0.0
  MOV  965   958.000     7.000       0.0       0.0
  RPP  966    -3.382    -3.315    -5.000     5.000     0.020     1.939
  MOV  967   966.000     1.000       0.0       0.0
  MOV  968   966.000     2.000       0.0       0.0
  MOV  969   966.000     3.000       0.0       0.0
  MOV  970   966.000     4.000       0.0       0.0
  MOV  971   966.000     5.000       0.0       0.0
  MOV  972   966.000     6.000       0.0       0.0
  MOV  973   966.000     7.000       0.0       0.0
  RPP  974    -3.315    -3.249    -5.000     5.000     0.020     2.418
  MOV  975   974.000     1.000       0.0       0.0
  MOV  976   974.000     2.000       0.0       0.0
  MOV  977   974.000     3.000       0.0       0.0
  MOV  978   974.000     4.000       0.0       0.0
  MOV  979   974.000     5.000       0.0       0.0
  MOV  980   974.000     6.000       0.0       0.0
  MOV  981   974.000     7.000       0.0       0.0
  RPP  982    -3.249    -3.186    -5.000     5.000     0.020     2.898
  MOV  983   982.000     1.000       0.0       0.0
  MOV  984   982.000     2.000       0.0       0.0
  MOV  985   982.000     3.000       0.0       0.0
  MOV  986   982.000     4.000       0.0       0.0
  MOV  987   982.000     5.000       0.0       0.0
  MOV  988   982.000     6.000       0.0       0.0
  MOV  989   982.000     7.000       0.0       0.0
  RPP  990    -3.186    -3.128    -5.000     5.000     0.020     3.378
  MOV  991   990.000     1.000       0.0       0.0
  MOV  992   990.000     2.000       0.0       0.0
  MOV  993   990.000     3.000       0.0       0.0
  MOV  994   990.000     4.000       0.0       0.0
  MOV  995   990.000     5.000       0.0       0.0
  MOV  996   990.000     6.000       0.0       0.0
  MOV  997   990.000     7.000       0.0       0.0
  RPP  998    -3.123    -3.054    -5.000     5.000     0.020     3.858
  MOV  999   998.000     1.000       0.0       0.0
  MOV 1000   998.000     2.000       0.0       0.0
  MOV 1001   998.000     3.000       0.0       0.0
  MOV 1002   998.000     4.000       0.0       0.0
  MOV 1003   998.000     5.000       0.0       0.0
  MOV 1004   998.000     6.000       0.0       0.0
  MOV 1005   998.000     7.000       0.0       0.0
  RPP 1006    -3.059    -3.000    -5.000     5.000     0.020     4.337
  MOV 1007  1006.000     1.000       0.0       0.0
  MOV 1008  1006.000     2.000       0.0       0.0
  MOV 1009  1006.000     3.000       0.0       0.0
  MOV 1010  1006.000     4.000       0.0       0.0
  MOV 1011  1006.000     5.000       0.0       0.0
  MOV 1012  1006.000     6.000       0.0       0.0
  MOV 1013  1006.000     7.000       0.0       0.0
  RPP 1014    -5.000     5.000    -5.000     5.000    10.000    30.000
  RCC 1015       0.0       0.0     -10.0       0.0       0.0    50.000
              40.000
  END
  001          +1
  002          +2
  003          +3
  004          +4
  005          +5
  006          +6
  007          +7
  008          +8
  009          +9
  00A         +10
  00B         +11
  00C         +12
  00D         +13
  00E         +14
  00F         +15
  010         +16
  011         +17
  012         +18
  013         +19
  014         +20
  015         +21
  016         +22
  017         +23
  018         +24
  019         +25
  01A         +26
  01B         +27
  01C         +28
  01D         +29
  01E         +30
  01F         +31
  020         +32
  021         +33
  022         +34
  023         +35
  024         +36
  025         +37
  026         +38
  027         +39
  028         +40
  029         +41
  02A         +42
  02B         +43
  02C         +44
  02D         +45
  02E         +46
  02F         +47
  030         +48
  031         +49
  032         +50
  033         +51
  034         +52
  035         +53
  036         +54
  037         +55
  038         +56
  039         +57
  03A         +58
  03B         +59
  03C         +60
  03D         +61
  03E         +62
  03F         +63
  040         +64
  041         +65
  042         +66
  043         +67
  044         +68
  045         +69
  046         +70
  047         +71
  048         +72
  049         +73
  04A         +74
  04B         +75
  04C         +76
  04D         +77
  04E         +78
  04F         +79
  050         +80
  051         +81
  052         +82
  053         +83
  054         +84
  055         +85
  056         +86
  057         +87
  058         +88
  059         +89
  05A         +90
  05B         +91
  05C         +92
  05D         +93
  05E         +94
  05F         +95
  060         +96
  061         +97
  062         +98
  063         +99
  064        +100
  065        +101
  066        +102
  067        +103
  068        +104
  069        +105
  06A        +106
  06B        +107
  06C        +108
  06D        +109
  06E        +110
  06F        +111
  070        +112
  071        +113
  072        +114
  073        +115
  074        +116
  075        +117
  076        +118
  077        +119
  078        +120
  079        +121
  07A        +122
  07B        +123
  07C        +124
  07D        +125
  07E        +126
  07F        +127
  080        +128
  081        +129
  082        +130
  083        +131
  084        +132
  085        +133
  086        +134
  087        +135
  088        +136
  089        +137
  08A        +138
  08B        +139
  08C        +140
  08D        +141
  08E        +142
  08F        +143
  090        +144
  091        +145
  092        +146
  093        +147
  094        +148
  095        +149
  096        +150
  097        +151
  098        +152
  099        +153
  09A        +154
  09B        +155
  09C        +156
  09D        +157
  09E        +158
  09F        +159
  0A0        +160
  0A1        +161
  0A2        +162
  0A3        +163
  0A4        +164
  0A5        +165
  0A6        +166
  0A7        +167
  0A8        +168
  0A9        +169
  0AA        +170
  0AB        +171
  0AC        +172
  0AD        +173
  0AE        +174
  0AF        +175
  0B0        +176
  0B1        +177
  0B2        +178
  0B3        +179
  0B4        +180
  0B5        +181
  0B6        +182
  0B7        +183
  0B8        +184
  0B9        +185
  0BA        +186
  0BB        +187
  0BC        +188
  0BD        +189
  0BE        +190
  0BF        +191
  0C0        +192
  0C1        +193
  0C2        +194
  0C3        +195
  0C4        +196
  0C5        +197
  0C6        +198
  0C7        +199
  0C8        +200
  0C9        +201
  0CA        +202
  0CB        +203
  0CC        +204
  0CD        +205
  0CE        +206
  0CF        +207
  0D0        +208
  0D1        +209
  0D2        +210
  0D3        +211
  0D4        +212
  0D5        +213
  0D6        +214
  0D7        +215
  0D8        +216
  0D9        +217
  0DA        +218
  0DB        +219
  0DC        +220
  0DD        +221
  0DE        +222
  0DF        +223
  0E0        +224
  0E1        +225
  0E2        +226
  0E3        +227
  0E4        +228
  0E5        +229
  0E6        +230
  0E7        +231
  0E8        +232
  0E9        +233
  0EA        +234
  0EB        +235
  0EC        +236
  0ED        +237
  0EE        +238
  0EF        +239
  0F0        +240
  0F1        +241
  0F2        +242
  0F3        +243
  0F4        +244
  0F5        +245
  0F6        +246
  0F7        +247
  0F8        +248
  0F9        +249
  0FA        +250
  0FB        +251
  0FC        +252
  0FD        +253
  0FE        +254
  0FF        +255
  100        +256
  101        +257
  102        +258
  103        +259
  104        +260
  105        +261
  106        +262
  107        +263
  108        +264
  109        +265
  10A        +266
  10B        +267
  10C        +268
  10D        +269
  10E        +270
  10F        +271
  110        +272
  111        +273
  112        +274
  113        +275
  114        +276
  115        +277
  116        +278
  117        +279
  118        +280
  119        +281
  11A        +282
  11B        +283
  11C        +284
  11D        +285
  11E        +286
  11F        +287
  120        +288
  121        +289
  122        +290
  123        +291
  124        +292
  125        +293
  126        +294
  127        +295
  128        +296
  129        +297
  12A        +298
  12B        +299
  12C        +300
  12D        +301
  12E        +302
  12F        +303
  130        +304
  131        +305
  132        +306
  133        +307
  134        +308
  135        +309
  136        +310
  137        +311
  138        +312
  139        +313
  13A        +314
  13B        +315
  13C        +316
  13D        +317
  13E        +318
  13F        +319
  140        +320
  141        +321
  142        +322
  143        +323
  144        +324
  145        +325
  146        +326
  147        +327
  148        +328
  149        +329
  14A        +330
  14B        +331
  14C        +332
  14D        +333
  14E        +334
  14F        +335
  150        +336
  151        +337
  152        +338
  153        +339
  154        +340
  155        +341
  156        +342
  157        +343
  158        +344
  159        +345
  15A        +346
  15B        +347
  15C        +348
  15D        +349
  15E        +350
  15F        +351
  160        +352
  161        +353
  162        +354
  163        +355
  164        +356
  165        +357
  166        +358
  167        +359
  168        +360
  169        +361
  16A        +362
  16B        +363
  16C        +364
  16D        +365
  16E        +366
  16F        +367
  170        +368
  171        +369
  172        +370
  173        +371
  174        +372
  175        +373
  176        +374
  177        +375
  178        +376
  179        +377
  17A        +378
  17B        +379
  17C        +380
  17D        +381
  17E        +382
  17F        +383
  180        +384
  181        +385
  182        +386
  183        +387
  184        +388
  185        +389
  186        +390
  187        +391
  188        +392
  189        +393
  18A        +394
  18B        +395
  18C        +396
  18D        +397
  18E        +398
  18F        +399
  190        +400
  191        +401
  192        +402
  193        +403
  194        +404
  195        +405
  196        +406
  197        +407
  198        +408
  199        +409
  19A        +410
  19B        +411
  19C        +412
  19D        +413
  19E        +414
  19F        +415
  1A0        +416
  1A1        +417
  1A2        +418
  1A3        +419
  1A4        +420
  1A5        +421
  1A6        +422
  1A7        +423
  1A8        +424
  1A9        +425
  1AA        +426
  1AB        +427
  1AC        +428
  1AD        +429
  1AE        +430
  1AF        +431
  1B0        +432
  1B1        +433
  1B2        +434
  1B3        +435
  1B4        +436
  1B5        +437
  1B6        +438
  1B7        +439
  1B8        +440
  1B9        +441
  1BA        +442
  1BB        +443
  1BC        +444
  1BD        +445
  1BE        +446
  1BF        +447
  1C0        +448
  1C1        +449
  1C2        +450
  1C3        +451
  1C4        +452
  1C5        +453
  1C6        +454
  1C7        +455
  1C8        +456
  1C9        +457
  1CA        +458
  1CB        +459
  1CC        +460
  1CD        +461
  1CE        +462
  1CF        +463
  1D0        +464
  1D1        +465
  1D2        +466
  1D3        +467
  1D4        +468
  1D5        +469
  1D6        +470
  1D7        +471
  1D8        +472
  1D9        +473
  1DA        +474
  1DB        +475
  1DC        +476
  1DD        +477
  1DE        +478
  1DF        +479
  1E0        +480
  1E1        +481
  1E2        +482
  1E3        +483
  1E4        +484
  1E5        +485
  1E6        +486
  1E7        +487
  1E8        +488
  1E9        +489
  1EA        +490
  1EB        +491
  1EC        +492
  1ED        +493
  1EE        +494
  1EF        +495
  1F0        +496
  1F1        +497
  1F2        +498
  1F3        +499
  1F4        +500
  1F5        +501
  1F6        +502
  1F7        +503
  1F8        +504
  1F9        +505
  1FA        +506
  1FB        +507
  1FC        +508
  1FD        +509
  1FE        +510
  1FF        +511
  200        +512
  201        +513
  202        +514
  203        +515
  204        +516
  205        +517
  206        +518
  207        +519
  208        +520
  209        +521
  20A        +522
  20B        +523
  20C        +524
  20D        +525
  20E        +526
  20F        +527
  210        +528
  211        +529
  212        +530
  213        +531
  214        +532
  215        +533
  216        +534
  217        +535
  218        +536
  219        +537
  21A        +538
  21B        +539
  21C        +540
  21D        +541
  21E        +542
  21F        +543
  220        +544
  221        +545
  222        +546
  223        +547
  224        +548
  225        +549
  226        +550
  227        +551
  228        +552
  229        +553
  22A        +554
  22B        +555
  22C        +556
  22D        +557
  22E        +558
  22F        +559
  230        +560
  231        +561
  232        +562
  233        +563
  234        +564
  235        +565
  236        +566
  237        +567
  238        +568
  239        +569
  23A        +570
  23B        +571
  23C        +572
  23D        +573
  23E        +574
  23F        +575
  240        +576
  241        +577
  242        +578
  243        +579
  244        +580
  245        +581
  246        +582
  247        +583
  248        +584
  249        +585
  24A        +586
  24B        +587
  24C        +588
  24D        +589
  24E        +590
  24F        +591
  250        +592
  251        +593
  252        +594
  253        +595
  254        +596
  255        +597
  256        +598
  257        +599
  258        +600
  259        +601
  25A        +602
  25B        +603
  25C        +604
  25D        +605
  25E        +606
  25F        +607
  260        +608
  261        +609
  262        +610
  263        +611
  264        +612
  265        +613
  266        +614
  267        +615
  268        +616
  269        +617
  26A        +618
  26B        +619
  26C        +620
  26D        +621
  26E        +622
  26F        +623
  270        +624
  271        +625
  272        +626
  273        +627
  274        +628
  275        +629
  276        +630
  277        +631
  278        +632
  279        +633
  27A        +634
  27B        +635
  27C        +636
  27D        +637
  27E        +638
  27F        +639
  280        +640
  281        +641
  282        +642
  283        +643
  284        +644
  285        +645
  286        +646
  287        +647
  288        +648
  289        +649
  28A        +650
  28B        +651
  28C        +652
  28D        +653
  28E        +654
  28F        +655
  290        +656
  291        +657
  292        +658
  293        +659
  294        +660
  295        +661
  296        +662
  297        +663
  298        +664
  299        +665
  29A        +666
  29B        +667
  29C        +668
  29D        +669
  29E        +670
  29F        +671
  2A0        +672
  2A1        +673
  2A2        +674
  2A3        +675
  2A4        +676
  2A5        +677
  2A6        +678
  2A7        +679
  2A8        +680
  2A9        +681
  2AA        +682
  2AB        +683
  2AC        +684
  2AD        +685
  2AE        +686
  2AF        +687
  2B0        +688
  2B1        +689
  2B2        +690
  2B3        +691
  2B4        +692
  2B5        +693
  2B6        +694
  2B7        +695
  2B8        +696
  2B9        +697
  2BA        +698
  2BB        +699
  2BC        +700
  2BD        +701
  2BE        +702
  2BF        +703
  2C0        +704
  2C1        +705
  2C2        +706
  2C3        +707
  2C4        +708
  2C5        +709
  2C6        +710
  2C7        +711
  2C8        +712
  2C9        +713
  2CA        +714
  2CB        +715
  2CC        +716
  2CD        +717
  2CE        +718
  2CF        +719
  2D0        +720
  2D1        +721
  2D2        +722
  2D3        +723
  2D4        +724
  2D5        +725
  2D6        +726
  2D7        +727
  2D8        +728
  2D9        +729
  2DA        +730
  2DB        +731
  2DC        +732
  2DD        +733
  2DE        +734
  2DF        +735
  2E0        +736
  2E1        +737
  2E2        +738
  2E3        +739
  2E4        +740
  2E5        +741
  2E6        +742
  2E7        +743
  2E8        +744
  2E9        +745
  2EA        +746
  2EB        +747
  2EC        +748
  2ED        +749
  2EE        +750
  2EF        +751
  2F0        +752
  2F1        +753
  2F2        +754
  2F3        +755
  2F4        +756
  2F5        +757
  2F6        +758
  2F7        +759
  2F8        +760
  2F9        +761
  2FA        +762
  2FB        +763
  2FC        +764
  2FD        +765
  2FE        +766
  2FF        +767
  300        +768
  301        +769
  302        +770
  303        +771
  304        +772
  305        +773
  306        +774
  307        +775
  308        +776
  309        +777
  30A        +778
  30B        +779
  30C        +780
  30D        +781
  30E        +782
  30F        +783
  310        +784
  311        +785
  312        +786
  313        +787
  314        +788
  315        +789
  316        +790
  317        +791
  318        +792
  319        +793
  31A        +794
  31B        +795
  31C        +796
  31D        +797
  31E        +798
  31F        +799
  320        +800
  321        +801
  322        +802
  323        +803
  324        +804
  325        +805
  326        +806
  327        +807
  328        +808
  329        +809
  32A        +810
  32B        +811
  32C        +812
  32D        +813
  32E        +814
  32F        +815
  330        +816
  331        +817
  332        +818
  333        +819
  334        +820
  335        +821
  336        +822
  337        +823
  338        +824
  339        +825
  33A        +826
  33B        +827
  33C        +828
  33D        +829
  33E        +830
  33F        +831
  340        +832
  341        +833
  342        +834
  343        +835
  344        +836
  345        +837
  346        +838
  347        +839
  348        +840
  349        +841
  34A        +842
  34B        +843
  34C        +844
  34D        +845
  34E        +846
  34F        +847
  350        +848
  351        +849
  352        +850
  353        +851
  354        +852
  355        +853
  356        +854
  357        +855
  358        +856
  359        +857
  35A        +858
  35B        +859
  35C        +860
  35D        +861
  35E        +862
  35F        +863
  360        +864
  361        +865
  362        +866
  363        +867
  364        +868
  365        +869
  366        +870
  367        +871
  368        +872
  369        +873
  36A        +874
  36B        +875
  36C        +876
  36D        +877
  36E        +878
  36F        +879
  370        +880
  371        +881
  372        +882
  373        +883
  374        +884
  375        +885
  376        +886
  377        +887
  378        +888
  379        +889
  37A        +890
  37B        +891
  37C        +892
  37D        +893
  37E        +894
  37F        +895
  380        +896
  381        +897
  382        +898
  383        +899
  384        +900
  385        +901
  386        +902
  387        +903
  388        +904
  389        +905
  38A        +906
  38B        +907
  38C        +908
  38D        +909
  38E        +910
  38F        +911
  390        +912
  391        +913
  392        +914
  393        +915
  394        +916
  395        +917
  396        +918
  397        +919
  398        +920
  399        +921
  39A        +922
  39B        +923
  39C        +924
  39D        +925
  39E        +926
  39F        +927
  3A0        +928
  3A1        +929
  3A2        +930
  3A3        +931
  3A4        +932
  3A5        +933
  3A6        +934
  3A7        +935
  3A8        +936
  3A9        +937
  3AA        +938
  3AB        +939
  3AC        +940
  3AD        +941
  3AE        +942
  3AF        +943
  3B0        +944
  3B1        +945
  3B2        +946
  3B3        +947
  3B4        +948
  3B5        +949
  3B6        +950
  3B7        +951
  3B8        +952
  3B9        +953
  3BA        +954
  3BB        +955
  3BC        +956
  3BD        +957
  3BE        +958
  3BF        +959
  3C0        +960
  3C1        +961
  3C2        +962
  3C3        +963
  3C4        +964
  3C5        +965
  3C6        +966
  3C7        +967
  3C8        +968
  3C9        +969
  3CA        +970
  3CB        +971
  3CC        +972
  3CD        +973
  3CE        +974
  3CF        +975
  3D0        +976
  3D1        +977
  3D2        +978
  3D3        +979
  3D4        +980
  3D5        +981
  3D6        +982
  3D7        +983
  3D8        +984
  3D9        +985
  3DA        +986
  3DB        +987
  3DC        +988
  3DD        +989
  3DE        +990
  3DF        +991
  3E0        +992
  3E1        +993
  3E2        +994
  3E3        +995
  3E4        +996
  3E5        +997
  3E6        +998
  3E7        +999
  3E8       +1000
  3E9       +1001
  3EA       +1002
  3EB       +1003
  3EC       +1004
  3ED       +1005
  3EE       +1006
  3EF       +1007
  3F0       +1008
  3F1       +1009
  3F2       +1010
  3F3       +1011
  3F4       +1012
  3F5       +1013
  OUT       +1015   -1014   -941   -942   -943   -944   -945   -946   -947
             -973   -949   -950   -951   -952   -953   -954   -955   -956
             -982   -958   -959   -960   -961   -962   -963   -964   -965
             -991   -967   -968   -969   -970   -971   -972   -973   -974
             -1000   -976   -977   -978   -979   -980   -981   -982   -983
             -1009   -985   -986   -987   -988   -989   -990   -991   -992
             -1018   -994   -995   -996   -997   -998   -999   -1000   -1001
             -1027   -1003   -1004   -1005   -1006   -1007   -1008   -1009   -1010
             -1036   -1012   -1013
  END
    1    2    3    4    5    6    7    8    9   10   11   12   13   14
   15   16   17   18   19   20   21   22   23   24   25   26   27   28
   29   30   31   32   33   34   35   36   37   38   39   40   41   42
   43   44   45   46   47   48   49   50   51   52   53   54   55   56
   57   58   59   60   61   62   63   64   65   66   67   68   69   70
   71   72   73   74   75   76   77   78   79   80   81   82   83   84
   85   86   87   88   89   90   91   92   93   94   95   96   97   98
   99  100  101  102  103  104  105  106  107  108  109  110  111  112
  113  114  115  116  117  118  119  120  121  122  123  124  125  126
  127  128  129  130  131  132  133  134  135  136  137  138  139  140
  141  142  143  144  145  146  147  148  149  150  151  152  153  154
  155  156  157  158  159  160  161  162  163  164  165  166  167  168
  169  170  171  172  173  174  175  176  177  178  179  180  181  182
  183  184  185  186  187  188  189  190  191  192  193  194  195  196
  197  198  199  200  201  202  203  204  205  206  207  208  209  210
  211  212  213  214  215  216  217  218  219  220  221  222  223  224
  225  226  227  228  229  230  231  232  233  234  235  236  237  238
  239  240  241  242  243  244  245  246  247  248  249  250  251  252
  253  254  255  256  257  258  259  260  261  262  263  264  265  266
  267  268  269  270  271  272  273  274  275  276  277  278  279  280
  281  282  283  284  285  286  287  288  289  290  291  292  293  294
  295  296  297  298  299  300  301  302  303  304  305  306  307  308
  309  310  311  312  313  314  315  316  317  318  319  320  321  322
  323  324  325  326  327  328  329  330  331  332  333  334  335  336
  337  338  339  340  341  342  343  344  345  346  347  348  349  350
  351  352  353  354  355  356  357  358  359  360  361  362  363  364
  365  366  367  368  369  370  371  372  373  374  375  376  377  378
  379  380  381  382  383  384  385  386  387  388  389  390  391  392
  393  394  395  396  397  398  399  400  401  402  403  404  405  406
  407  408  409  410  411  412  413  414  415  416  417  418  419  420
  421  422  423  424  425  426  427  428  429  430  431  432  433  434
  435  436  437  438  439  440  441  442  443  444  445  446  447  448
  449  450  451  452  453  454  455  456  457  458  459  460  461  462
  463  464  465  466  467  468  469  470  471  472  473  474  475  476
  477  478  479  480  481  482  483  484  485  486  487  488  489  490
  491  492  493  494  495  496  497  498  499  500  501  502  503  504
  505  506  507  508  509  510  511  512  513  514  515  516  517  518
  519  520  521  522  523  524  525  526  527  528  529  530  531  532
  533  534  535  536  537  538  539  540  541  542  543  544  545  546
  547  548  549  550  551  552  553  554  555  556  557  558  559  560
  561  562  563  564  565  566  567  568  569  570  571  572  573  574
  575  576  577  578  579  580  581  582  583  584  585  586  587  588
  589  590  591  592  593  594  595  596  597  598  599  600  601  602
  603  604  605  606  607  608  609  610  611  612  613  614  615  616
  617  618  619  620  621  622  623  624  625  626  627  628  629  630
  631  632  633  634  635  636  637  638  639  640  641  642  643  644
  645  646  647  648  649  650  651  652  653  654  655  656  657  658
  659  660  661  662  663  664  665  666  667  668  669  670  671  672
  673  674  675  676  677  678  679  680  681  682  683  684  685  686
  687  688  689  690  691  692  693  694  695  696  697  698  699  700
  701  702  703  704  705  706  707  708  709  710  711  712  713  714
  715  716  717  718  719  720  721  722  723  724  725  726  727  728
  729  730  731  732  733  734  735  736  737  738  739  740  741  742
  743  744  745  746  747  748  749  750  751  752  753  754  755  756
  757  758  759  760  761  762  763  764  765  766  767  768  769  770
  771  772  773  774  775  776  777  778  779  780  781  782  783  784
  785  786  787  788  789  790  791  792  793  794  795  796  797  798
  799  800  801  802  803  804  805  806  807  808  809  810  811  812
  813  814  815  816  817  818  819  820  821  822  823  824  825  826
  827  828  829  830  831  832  833  834  835  836  837  838  839  840
  841  842  843  844  845  846  847  848  849  850  851  852  853  854
  855  856  857  858  859  860  861  862  863  864  865  866  867  868
  869  870  871  872  873  874  875  876  877  878  879  880  881  882
  883  884  885  886  887  888  889  890  891  892  893  894  895  896
  897  898  899  900  901  902  903  904  905  906  907  908  909  910
  911  912  913  914  915  916  917  918  919  920  921  922  923  924
  925  926  927  928  929  930  931  932  933  934  935  936  937  938
  939  940  941  942  943  944  945  946  947  948  949  950  951  952
  953  954  955  956  957  958  959  960  961  962  963  964  965  966
  967  968  969  970  971  972  973  974  975  976  977  978  979  980
  981  982  983  984  985  986  987  988  989  990  991  992  993  994
  995  996  997  998  999 1000 1001 1002 1003 1004 1005 1006 1007 1008
 1009 1010 1011 1012 1013 1015
    1    1    1    1    1    1    1    1    1    1    1    1    1    1
    1    1    1    1    1    1    1    1    1    1    1    1    1    1
    1    1    1    1    1    1    1    1    1    1    1    1    1    1
    1    1    1    1    1    1    1    1    1    1    1    1    1    1
    1    1    1    1    1    1    1    1    1    1    1    1    1    1
    1    1    1    1    1    1    1    1    1    1    1    1    1    1
    1    1    1    1    1    1    1    1    1    1    1    1    1    1
    1    1    1    1    1    1    1    1    1    1    1    1    1    1
    1    1    1    1    1    1    1    1    1    1    1    1    1    1
    1    1    1    1    1    1    1    1    1    1    1    1    1    1
    1    1    1    1    1    1    1    1    1    1    1    1    1    1
    1    1    1    1    1    1    1    1    1    1    1    1    1    1
    1    1    1    1    1    1    1    1    1    1    1    1    1    1
    1    1    1    1    1    1    1    1    1    1    1    1    1    1
    1    1    1    1    1    1    1    1    1    1    1    1    1    1
    1    1    1    1    1    1    1    1    1    1    1    1    1    1
    1    1    1    1    1    1    1    1    1    1    1    1    1    1
    1    1    1    1    1    1    1    1    1    1    1    1    1    1
    1    1    1    1    1    1    1    1    1    1    1    1    1    1
    1    1    1    1    1    1    1    1    1    1    1    1    1    1
    1    1    1    1    1    1    1    1    1    1    1    1    1    1
    1    1    1    1    1    1    1    1    1    1    1    1    1    1
    1    1    1    1    1    1    1    1    1    1    1    1    1    1
    1    1    1    1    1    1    1    1    1    1    1    1    1    1
    1    1    1    1    1    1    1    1    1    1    1    1    1    1
    1    1    1    1    1    1    1    1    1    1    1    1    1    1
    1    1    1    1    1    1    1    1    1    1    1    1    1    1
    1    1    1    1    1    1    1    1    1    1    1    1    1    1
    1    1    1    1    1    1    1    1    1    1    1    1    1    1
    1    1    1    1    1    1    1    1    1    1    1    1    1    1
    1    1    1    1    1    1    1    1    1    1    1    1    1    1
    1    1    1    1    1    1    1    1    1    1    1    1    1    1
    1    1    1    1    1    1    1    1    1    1    1    1    1    1
    1    1    1    1    1    1    1    1    1    1    1    1    1    1
    1    1    1    1    1    1    1    1    1    1    1    1    1    1
    1    1    1    1    1    1    1    1    1    1    1    1    1    1
    1    1    1    1    1    1    1    1    1    1    1    1    1    1
    1    1    1    1    1    1    1    1    1    1    1    1    1    1
    1    1    1    1    1    1    1    1    1    1    1    1    1    1
    1    1    1    1    1    1    1    1    1    1    1    1    1    1
    1    1    1    1    1    1    1    1    1    1    1    1    1    1
    1    1    1    1    1    1    1    1    1    1    1    1    1    1
    1    1    1    1    1    1    1    1    1    1    1    1    1    1
    1    1    1    1    1    1    1    1    1    1    1    1    1    1
    1    1    1    1    1    1    1    1    1    1    1    1    1    1
    1    1    1    1    1    1    1    1    1    1    1    1    1    1
    1    1    1    1    1    1    1    1    1    1    1    1    1    1
    1    1    1    1    1    1    1    1    1    1    1    1    1    1
    1    1    1    1    1    1    1    1    1    1    1    1    1    1
    1    1    1    1    1    1    1    1    1    1    1    1    1    1
    1    1    1    1    1    1    1    1    1    1    1    1    1    1
    1    1    1    1    1    1    1    1    1    1    1    1    1    1
    1    1    1    1    1    1    1    1    1    1    1    1    1    1
    1    1    1    1    1    1    1    1    1    1    1    1    1    1
    1    1    1    1    1    1    1    1    1    1    1    1    1    1
    1    1    1    1    1    1    1    1    1    1    1    1    1    1
    1    1    1    1    1    1    1    1    1    1    1    1    1    1
    1    1    1    1    1    1    1    1    1    1    1    1    1    1
    1    1    1    1    1    1    1    1    1    1    1    1    1    1
    1    1    1    1    1    1    1    1    1    1    1    1    1    1
    1    1    1    1    1    1    1    1    1    1    1    1    1    1
    1    1    1    1    1    1    1    1    1    1    1    1    1    1
    1    1    1    1    1    1    1    1    1    1    1    1    1    1
    1    1    1    1    1    1    1    1    1    1    1    1    1    1
    1    1    1    1    1    1    1    1    1    1    1    1    1    1
    1    1    1    1    1    1    1    1    1    1    1    1    1    1
    1    1    1    1    1    1    1    1    1    1    1    1    1    1
    1    1    3    4    4    4    4    4    4    4    4    4    4    4
    4    4    4    4    4    4    4    4    4    4    4    4    4    4
    4    4    4    4    4    4    4    4    4    4    4    4    4    4
    4    4    4    4    4    4    4    4    4    4    4    4    4    4
    4    4    4    4    4    4    4    4    4    4    4    4    4    4
    4    4    4    4    4    2
