    0    0             Cylinder H2O, DxL 20.0x30.0cm, step  0.10cm, 300 zones
  RCC    1       0.0       0.0       0.0       0.0       0.0       0.1
                10.0
  RCC    2       0.0       0.0       0.1       0.0       0.0       0.1
                10.0
  RCC    3       0.0       0.0       0.2       0.0       0.0       0.1
                10.0
  RCC    4       0.0       0.0       0.3       0.0       0.0       0.1
                10.0
  RCC    5       0.0       0.0       0.4       0.0       0.0       0.1
                10.0
  RCC    6       0.0       0.0       0.5       0.0       0.0       0.1
                10.0
  RCC    7       0.0       0.0       0.6       0.0       0.0       0.1
                10.0
  RCC    8       0.0       0.0       0.7       0.0       0.0       0.1
                10.0
  RCC    9       0.0       0.0       0.8       0.0       0.0       0.1
                10.0
  RCC   10       0.0       0.0       0.9       0.0       0.0       0.1
                10.0
  RCC   11       0.0       0.0       1.0       0.0       0.0       0.1
                10.0
  RCC   12       0.0       0.0       1.1       0.0       0.0       0.1
                10.0
  RCC   13       0.0       0.0       1.2       0.0       0.0       0.1
                10.0
  RCC   14       0.0       0.0       1.3       0.0       0.0       0.1
                10.0
  RCC   15       0.0       0.0       1.4       0.0       0.0       0.1
                10.0
  RCC   16       0.0       0.0       1.5       0.0       0.0       0.1
                10.0
  RCC   17       0.0       0.0       1.6       0.0       0.0       0.1
                10.0
  RCC   18       0.0       0.0       1.7       0.0       0.0       0.1
                10.0
  RCC   19       0.0       0.0       1.8       0.0       0.0       0.1
                10.0
  RCC   20       0.0       0.0       1.9       0.0       0.0       0.1
                10.0
  RCC   21       0.0       0.0       2.0       0.0       0.0       0.1
                10.0
  RCC   22       0.0       0.0       2.1       0.0       0.0       0.1
                10.0
  RCC   23       0.0       0.0       2.2       0.0       0.0       0.1
                10.0
  RCC   24       0.0       0.0       2.3       0.0       0.0       0.1
                10.0
  RCC   25       0.0       0.0       2.4       0.0       0.0       0.1
                10.0
  RCC   26       0.0       0.0       2.5       0.0       0.0       0.1
                10.0
  RCC   27       0.0       0.0       2.6       0.0       0.0       0.1
                10.0
  RCC   28       0.0       0.0       2.7       0.0       0.0       0.1
                10.0
  RCC   29       0.0       0.0       2.8       0.0       0.0       0.1
                10.0
  RCC   30       0.0       0.0       2.9       0.0       0.0       0.1
                10.0
  RCC   31       0.0       0.0       3.0       0.0       0.0       0.1
                10.0
  RCC   32       0.0       0.0       3.1       0.0       0.0       0.1
                10.0
  RCC   33       0.0       0.0       3.2       0.0       0.0       0.1
                10.0
  RCC   34       0.0       0.0       3.3       0.0       0.0       0.1
                10.0
  RCC   35       0.0       0.0       3.4       0.0       0.0       0.1
                10.0
  RCC   36       0.0       0.0       3.5       0.0       0.0       0.1
                10.0
  RCC   37       0.0       0.0       3.6       0.0       0.0       0.1
                10.0
  RCC   38       0.0       0.0       3.7       0.0       0.0       0.1
                10.0
  RCC   39       0.0       0.0       3.8       0.0       0.0       0.1
                10.0
  RCC   40       0.0       0.0       3.9       0.0       0.0       0.1
                10.0
  RCC   41       0.0       0.0       4.0       0.0       0.0       0.1
                10.0
  RCC   42       0.0       0.0       4.1       0.0       0.0       0.1
                10.0
  RCC   43       0.0       0.0       4.2       0.0       0.0       0.1
                10.0
  RCC   44       0.0       0.0       4.3       0.0       0.0       0.1
                10.0
  RCC   45       0.0       0.0       4.4       0.0       0.0       0.1
                10.0
  RCC   46       0.0       0.0       4.5       0.0       0.0       0.1
                10.0
  RCC   47       0.0       0.0       4.6       0.0       0.0       0.1
                10.0
  RCC   48       0.0       0.0       4.7       0.0       0.0       0.1
                10.0
  RCC   49       0.0       0.0       4.8       0.0       0.0       0.1
                10.0
  RCC   50       0.0       0.0       4.9       0.0       0.0       0.1
                10.0
  RCC   51       0.0       0.0       5.0       0.0       0.0       0.1
                10.0
  RCC   52       0.0       0.0       5.1       0.0       0.0       0.1
                10.0
  RCC   53       0.0       0.0       5.2       0.0       0.0       0.1
                10.0
  RCC   54       0.0       0.0       5.3       0.0       0.0       0.1
                10.0
  RCC   55       0.0       0.0       5.4       0.0       0.0       0.1
                10.0
  RCC   56       0.0       0.0       5.5       0.0       0.0       0.1
                10.0
  RCC   57       0.0       0.0       5.6       0.0       0.0       0.1
                10.0
  RCC   58       0.0       0.0       5.7       0.0       0.0       0.1
                10.0
  RCC   59       0.0       0.0       5.8       0.0       0.0       0.1
                10.0
  RCC   60       0.0       0.0       5.9       0.0       0.0       0.1
                10.0
  RCC   61       0.0       0.0       6.0       0.0       0.0       0.1
                10.0
  RCC   62       0.0       0.0       6.1       0.0       0.0       0.1
                10.0
  RCC   63       0.0       0.0       6.2       0.0       0.0       0.1
                10.0
  RCC   64       0.0       0.0       6.3       0.0       0.0       0.1
                10.0
  RCC   65       0.0       0.0       6.4       0.0       0.0       0.1
                10.0
  RCC   66       0.0       0.0       6.5       0.0       0.0       0.1
                10.0
  RCC   67       0.0       0.0       6.6       0.0       0.0       0.1
                10.0
  RCC   68       0.0       0.0       6.7       0.0       0.0       0.1
                10.0
  RCC   69       0.0       0.0       6.8       0.0       0.0       0.1
                10.0
  RCC   70       0.0       0.0       6.9       0.0       0.0       0.1
                10.0
  RCC   71       0.0       0.0       7.0       0.0       0.0       0.1
                10.0
  RCC   72       0.0       0.0       7.1       0.0       0.0       0.1
                10.0
  RCC   73       0.0       0.0       7.2       0.0       0.0       0.1
                10.0
  RCC   74       0.0       0.0       7.3       0.0       0.0       0.1
                10.0
  RCC   75       0.0       0.0       7.4       0.0       0.0       0.1
                10.0
  RCC   76       0.0       0.0       7.5       0.0       0.0       0.1
                10.0
  RCC   77       0.0       0.0       7.6       0.0       0.0       0.1
                10.0
  RCC   78       0.0       0.0       7.7       0.0       0.0       0.1
                10.0
  RCC   79       0.0       0.0       7.8       0.0       0.0       0.1
                10.0
  RCC   80       0.0       0.0       7.9       0.0       0.0       0.1
                10.0
  RCC   81       0.0       0.0       8.0       0.0       0.0       0.1
                10.0
  RCC   82       0.0       0.0       8.1       0.0       0.0       0.1
                10.0
  RCC   83       0.0       0.0       8.2       0.0       0.0       0.1
                10.0
  RCC   84       0.0       0.0       8.3       0.0       0.0       0.1
                10.0
  RCC   85       0.0       0.0       8.4       0.0       0.0       0.1
                10.0
  RCC   86       0.0       0.0       8.5       0.0       0.0       0.1
                10.0
  RCC   87       0.0       0.0       8.6       0.0       0.0       0.1
                10.0
  RCC   88       0.0       0.0       8.7       0.0       0.0       0.1
                10.0
  RCC   89       0.0       0.0       8.8       0.0       0.0       0.1
                10.0
  RCC   90       0.0       0.0       8.9       0.0       0.0       0.1
                10.0
  RCC   91       0.0       0.0       9.0       0.0       0.0       0.1
                10.0
  RCC   92       0.0       0.0       9.1       0.0       0.0       0.1
                10.0
  RCC   93       0.0       0.0       9.2       0.0       0.0       0.1
                10.0
  RCC   94       0.0       0.0       9.3       0.0       0.0       0.1
                10.0
  RCC   95       0.0       0.0       9.4       0.0       0.0       0.1
                10.0
  RCC   96       0.0       0.0       9.5       0.0       0.0       0.1
                10.0
  RCC   97       0.0       0.0       9.6       0.0       0.0       0.1
                10.0
  RCC   98       0.0       0.0       9.7       0.0       0.0       0.1
                10.0
  RCC   99       0.0       0.0       9.8       0.0       0.0       0.1
                10.0
  RCC  100       0.0       0.0       9.9       0.0       0.0       0.1
                10.0
  RCC  101       0.0       0.0      10.0       0.0       0.0       0.1
                10.0
  RCC  102       0.0       0.0      10.1       0.0       0.0       0.1
                10.0
  RCC  103       0.0       0.0      10.2       0.0       0.0       0.1
                10.0
  RCC  104       0.0       0.0      10.3       0.0       0.0       0.1
                10.0
  RCC  105       0.0       0.0      10.4       0.0       0.0       0.1
                10.0
  RCC  106       0.0       0.0      10.5       0.0       0.0       0.1
                10.0
  RCC  107       0.0       0.0      10.6       0.0       0.0       0.1
                10.0
  RCC  108       0.0       0.0      10.7       0.0       0.0       0.1
                10.0
  RCC  109       0.0       0.0      10.8       0.0       0.0       0.1
                10.0
  RCC  110       0.0       0.0      10.9       0.0       0.0       0.1
                10.0
  RCC  111       0.0       0.0      11.0       0.0       0.0       0.1
                10.0
  RCC  112       0.0       0.0      11.1       0.0       0.0       0.1
                10.0
  RCC  113       0.0       0.0      11.2       0.0       0.0       0.1
                10.0
  RCC  114       0.0       0.0      11.3       0.0       0.0       0.1
                10.0
  RCC  115       0.0       0.0      11.4       0.0       0.0       0.1
                10.0
  RCC  116       0.0       0.0      11.5       0.0       0.0       0.1
                10.0
  RCC  117       0.0       0.0      11.6       0.0       0.0       0.1
                10.0
  RCC  118       0.0       0.0      11.7       0.0       0.0       0.1
                10.0
  RCC  119       0.0       0.0      11.8       0.0       0.0       0.1
                10.0
  RCC  120       0.0       0.0      11.9       0.0       0.0       0.1
                10.0
  RCC  121       0.0       0.0      12.0       0.0       0.0       0.1
                10.0
  RCC  122       0.0       0.0      12.1       0.0       0.0       0.1
                10.0
  RCC  123       0.0       0.0      12.2       0.0       0.0       0.1
                10.0
  RCC  124       0.0       0.0      12.3       0.0       0.0       0.1
                10.0
  RCC  125       0.0       0.0      12.4       0.0       0.0       0.1
                10.0
  RCC  126       0.0       0.0      12.5       0.0       0.0       0.1
                10.0
  RCC  127       0.0       0.0      12.6       0.0       0.0       0.1
                10.0
  RCC  128       0.0       0.0      12.7       0.0       0.0       0.1
                10.0
  RCC  129       0.0       0.0      12.8       0.0       0.0       0.1
                10.0
  RCC  130       0.0       0.0      12.9       0.0       0.0       0.1
                10.0
  RCC  131       0.0       0.0      13.0       0.0       0.0       0.1
                10.0
  RCC  132       0.0       0.0      13.1       0.0       0.0       0.1
                10.0
  RCC  133       0.0       0.0      13.2       0.0       0.0       0.1
                10.0
  RCC  134       0.0       0.0      13.3       0.0       0.0       0.1
                10.0
  RCC  135       0.0       0.0      13.4       0.0       0.0       0.1
                10.0
  RCC  136       0.0       0.0      13.5       0.0       0.0       0.1
                10.0
  RCC  137       0.0       0.0      13.6       0.0       0.0       0.1
                10.0
  RCC  138       0.0       0.0      13.7       0.0       0.0       0.1
                10.0
  RCC  139       0.0       0.0      13.8       0.0       0.0       0.1
                10.0
  RCC  140       0.0       0.0      13.9       0.0       0.0       0.1
                10.0
  RCC  141       0.0       0.0      14.0       0.0       0.0       0.1
                10.0
  RCC  142       0.0       0.0      14.1       0.0       0.0       0.1
                10.0
  RCC  143       0.0       0.0      14.2       0.0       0.0       0.1
                10.0
  RCC  144       0.0       0.0      14.3       0.0       0.0       0.1
                10.0
  RCC  145       0.0       0.0      14.4       0.0       0.0       0.1
                10.0
  RCC  146       0.0       0.0      14.5       0.0       0.0       0.1
                10.0
  RCC  147       0.0       0.0      14.6       0.0       0.0       0.1
                10.0
  RCC  148       0.0       0.0      14.7       0.0       0.0       0.1
                10.0
  RCC  149       0.0       0.0      14.8       0.0       0.0       0.1
                10.0
  RCC  150       0.0       0.0      14.9       0.0       0.0       0.1
                10.0
  RCC  151       0.0       0.0      15.0       0.0       0.0       0.1
                10.0
  RCC  152       0.0       0.0      15.1       0.0       0.0       0.1
                10.0
  RCC  153       0.0       0.0      15.2       0.0       0.0       0.1
                10.0
  RCC  154       0.0       0.0      15.3       0.0       0.0       0.1
                10.0
  RCC  155       0.0       0.0      15.4       0.0       0.0       0.1
                10.0
  RCC  156       0.0       0.0      15.5       0.0       0.0       0.1
                10.0
  RCC  157       0.0       0.0      15.6       0.0       0.0       0.1
                10.0
  RCC  158       0.0       0.0      15.7       0.0       0.0       0.1
                10.0
  RCC  159       0.0       0.0      15.8       0.0       0.0       0.1
                10.0
  RCC  160       0.0       0.0      15.9       0.0       0.0       0.1
                10.0
  RCC  161       0.0       0.0      16.0       0.0       0.0       0.1
                10.0
  RCC  162       0.0       0.0      16.1       0.0       0.0       0.1
                10.0
  RCC  163       0.0       0.0      16.2       0.0       0.0       0.1
                10.0
  RCC  164       0.0       0.0      16.3       0.0       0.0       0.1
                10.0
  RCC  165       0.0       0.0      16.4       0.0       0.0       0.1
                10.0
  RCC  166       0.0       0.0      16.5       0.0       0.0       0.1
                10.0
  RCC  167       0.0       0.0      16.6       0.0       0.0       0.1
                10.0
  RCC  168       0.0       0.0      16.7       0.0       0.0       0.1
                10.0
  RCC  169       0.0       0.0      16.8       0.0       0.0       0.1
                10.0
  RCC  170       0.0       0.0      16.9       0.0       0.0       0.1
                10.0
  RCC  171       0.0       0.0      17.0       0.0       0.0       0.1
                10.0
  RCC  172       0.0       0.0      17.1       0.0       0.0       0.1
                10.0
  RCC  173       0.0       0.0      17.2       0.0       0.0       0.1
                10.0
  RCC  174       0.0       0.0      17.3       0.0       0.0       0.1
                10.0
  RCC  175       0.0       0.0      17.4       0.0       0.0       0.1
                10.0
  RCC  176       0.0       0.0      17.5       0.0       0.0       0.1
                10.0
  RCC  177       0.0       0.0      17.6       0.0       0.0       0.1
                10.0
  RCC  178       0.0       0.0      17.7       0.0       0.0       0.1
                10.0
  RCC  179       0.0       0.0      17.8       0.0       0.0       0.1
                10.0
  RCC  180       0.0       0.0      17.9       0.0       0.0       0.1
                10.0
  RCC  181       0.0       0.0      18.0       0.0       0.0       0.1
                10.0
  RCC  182       0.0       0.0      18.1       0.0       0.0       0.1
                10.0
  RCC  183       0.0       0.0      18.2       0.0       0.0       0.1
                10.0
  RCC  184       0.0       0.0      18.3       0.0       0.0       0.1
                10.0
  RCC  185       0.0       0.0      18.4       0.0       0.0       0.1
                10.0
  RCC  186       0.0       0.0      18.5       0.0       0.0       0.1
                10.0
  RCC  187       0.0       0.0      18.6       0.0       0.0       0.1
                10.0
  RCC  188       0.0       0.0      18.7       0.0       0.0       0.1
                10.0
  RCC  189       0.0       0.0      18.8       0.0       0.0       0.1
                10.0
  RCC  190       0.0       0.0      18.9       0.0       0.0       0.1
                10.0
  RCC  191       0.0       0.0      19.0       0.0       0.0       0.1
                10.0
  RCC  192       0.0       0.0      19.1       0.0       0.0       0.1
                10.0
  RCC  193       0.0       0.0      19.2       0.0       0.0       0.1
                10.0
  RCC  194       0.0       0.0      19.3       0.0       0.0       0.1
                10.0
  RCC  195       0.0       0.0      19.4       0.0       0.0       0.1
                10.0
  RCC  196       0.0       0.0      19.5       0.0       0.0       0.1
                10.0
  RCC  197       0.0       0.0      19.6       0.0       0.0       0.1
                10.0
  RCC  198       0.0       0.0      19.7       0.0       0.0       0.1
                10.0
  RCC  199       0.0       0.0      19.8       0.0       0.0       0.1
                10.0
  RCC  200       0.0       0.0      19.9       0.0       0.0       0.1
                10.0
  RCC  201       0.0       0.0      20.0       0.0       0.0       0.1
                10.0
  RCC  202       0.0       0.0      20.1       0.0       0.0       0.1
                10.0
  RCC  203       0.0       0.0      20.2       0.0       0.0       0.1
                10.0
  RCC  204       0.0       0.0      20.3       0.0       0.0       0.1
                10.0
  RCC  205       0.0       0.0      20.4       0.0       0.0       0.1
                10.0
  RCC  206       0.0       0.0      20.5       0.0       0.0       0.1
                10.0
  RCC  207       0.0       0.0      20.6       0.0       0.0       0.1
                10.0
  RCC  208       0.0       0.0      20.7       0.0       0.0       0.1
                10.0
  RCC  209       0.0       0.0      20.8       0.0       0.0       0.1
                10.0
  RCC  210       0.0       0.0      20.9       0.0       0.0       0.1
                10.0
  RCC  211       0.0       0.0      21.0       0.0       0.0       0.1
                10.0
  RCC  212       0.0       0.0      21.1       0.0       0.0       0.1
                10.0
  RCC  213       0.0       0.0      21.2       0.0       0.0       0.1
                10.0
  RCC  214       0.0       0.0      21.3       0.0       0.0       0.1
                10.0
  RCC  215       0.0       0.0      21.4       0.0       0.0       0.1
                10.0
  RCC  216       0.0       0.0      21.5       0.0       0.0       0.1
                10.0
  RCC  217       0.0       0.0      21.6       0.0       0.0       0.1
                10.0
  RCC  218       0.0       0.0      21.7       0.0       0.0       0.1
                10.0
  RCC  219       0.0       0.0      21.8       0.0       0.0       0.1
                10.0
  RCC  220       0.0       0.0      21.9       0.0       0.0       0.1
                10.0
  RCC  221       0.0       0.0      22.0       0.0       0.0       0.1
                10.0
  RCC  222       0.0       0.0      22.1       0.0       0.0       0.1
                10.0
  RCC  223       0.0       0.0      22.2       0.0       0.0       0.1
                10.0
  RCC  224       0.0       0.0      22.3       0.0       0.0       0.1
                10.0
  RCC  225       0.0       0.0      22.4       0.0       0.0       0.1
                10.0
  RCC  226       0.0       0.0      22.5       0.0       0.0       0.1
                10.0
  RCC  227       0.0       0.0      22.6       0.0       0.0       0.1
                10.0
  RCC  228       0.0       0.0      22.7       0.0       0.0       0.1
                10.0
  RCC  229       0.0       0.0      22.8       0.0       0.0       0.1
                10.0
  RCC  230       0.0       0.0      22.9       0.0       0.0       0.1
                10.0
  RCC  231       0.0       0.0      23.0       0.0       0.0       0.1
                10.0
  RCC  232       0.0       0.0      23.1       0.0       0.0       0.1
                10.0
  RCC  233       0.0       0.0      23.2       0.0       0.0       0.1
                10.0
  RCC  234       0.0       0.0      23.3       0.0       0.0       0.1
                10.0
  RCC  235       0.0       0.0      23.4       0.0       0.0       0.1
                10.0
  RCC  236       0.0       0.0      23.5       0.0       0.0       0.1
                10.0
  RCC  237       0.0       0.0      23.6       0.0       0.0       0.1
                10.0
  RCC  238       0.0       0.0      23.7       0.0       0.0       0.1
                10.0
  RCC  239       0.0       0.0      23.8       0.0       0.0       0.1
                10.0
  RCC  240       0.0       0.0      23.9       0.0       0.0       0.1
                10.0
  RCC  241       0.0       0.0      24.0       0.0       0.0       0.1
                10.0
  RCC  242       0.0       0.0      24.1       0.0       0.0       0.1
                10.0
  RCC  243       0.0       0.0      24.2       0.0       0.0       0.1
                10.0
  RCC  244       0.0       0.0      24.3       0.0       0.0       0.1
                10.0
  RCC  245       0.0       0.0      24.4       0.0       0.0       0.1
                10.0
  RCC  246       0.0       0.0      24.5       0.0       0.0       0.1
                10.0
  RCC  247       0.0       0.0      24.6       0.0       0.0       0.1
                10.0
  RCC  248       0.0       0.0      24.7       0.0       0.0       0.1
                10.0
  RCC  249       0.0       0.0      24.8       0.0       0.0       0.1
                10.0
  RCC  250       0.0       0.0      24.9       0.0       0.0       0.1
                10.0
  RCC  251       0.0       0.0      25.0       0.0       0.0       0.1
                10.0
  RCC  252       0.0       0.0      25.1       0.0       0.0       0.1
                10.0
  RCC  253       0.0       0.0      25.2       0.0       0.0       0.1
                10.0
  RCC  254       0.0       0.0      25.3       0.0       0.0       0.1
                10.0
  RCC  255       0.0       0.0      25.4       0.0       0.0       0.1
                10.0
  RCC  256       0.0       0.0      25.5       0.0       0.0       0.1
                10.0
  RCC  257       0.0       0.0      25.6       0.0       0.0       0.1
                10.0
  RCC  258       0.0       0.0      25.7       0.0       0.0       0.1
                10.0
  RCC  259       0.0       0.0      25.8       0.0       0.0       0.1
                10.0
  RCC  260       0.0       0.0      25.9       0.0       0.0       0.1
                10.0
  RCC  261       0.0       0.0      26.0       0.0       0.0       0.1
                10.0
  RCC  262       0.0       0.0      26.1       0.0       0.0       0.1
                10.0
  RCC  263       0.0       0.0      26.2       0.0       0.0       0.1
                10.0
  RCC  264       0.0       0.0      26.3       0.0       0.0       0.1
                10.0
  RCC  265       0.0       0.0      26.4       0.0       0.0       0.1
                10.0
  RCC  266       0.0       0.0      26.5       0.0       0.0       0.1
                10.0
  RCC  267       0.0       0.0      26.6       0.0       0.0       0.1
                10.0
  RCC  268       0.0       0.0      26.7       0.0       0.0       0.1
                10.0
  RCC  269       0.0       0.0      26.8       0.0       0.0       0.1
                10.0
  RCC  270       0.0       0.0      26.9       0.0       0.0       0.1
                10.0
  RCC  271       0.0       0.0      27.0       0.0       0.0       0.1
                10.0
  RCC  272       0.0       0.0      27.1       0.0       0.0       0.1
                10.0
  RCC  273       0.0       0.0      27.2       0.0       0.0       0.1
                10.0
  RCC  274       0.0       0.0      27.3       0.0       0.0       0.1
                10.0
  RCC  275       0.0       0.0      27.4       0.0       0.0       0.1
                10.0
  RCC  276       0.0       0.0      27.5       0.0       0.0       0.1
                10.0
  RCC  277       0.0       0.0      27.6       0.0       0.0       0.1
                10.0
  RCC  278       0.0       0.0      27.7       0.0       0.0       0.1
                10.0
  RCC  279       0.0       0.0      27.8       0.0       0.0       0.1
                10.0
  RCC  280       0.0       0.0      27.9       0.0       0.0       0.1
                10.0
  RCC  281       0.0       0.0      28.0       0.0       0.0       0.1
                10.0
  RCC  282       0.0       0.0      28.1       0.0       0.0       0.1
                10.0
  RCC  283       0.0       0.0      28.2       0.0       0.0       0.1
                10.0
  RCC  284       0.0       0.0      28.3       0.0       0.0       0.1
                10.0
  RCC  285       0.0       0.0      28.4       0.0       0.0       0.1
                10.0
  RCC  286       0.0       0.0      28.5       0.0       0.0       0.1
                10.0
  RCC  287       0.0       0.0      28.6       0.0       0.0       0.1
                10.0
  RCC  288       0.0       0.0      28.7       0.0       0.0       0.1
                10.0
  RCC  289       0.0       0.0      28.8       0.0       0.0       0.1
                10.0
  RCC  290       0.0       0.0      28.9       0.0       0.0       0.1
                10.0
  RCC  291       0.0       0.0      29.0       0.0       0.0       0.1
                10.0
  RCC  292       0.0       0.0      29.1       0.0       0.0       0.1
                10.0
  RCC  293       0.0       0.0      29.2       0.0       0.0       0.1
                10.0
  RCC  294       0.0       0.0      29.3       0.0       0.0       0.1
                10.0
  RCC  295       0.0       0.0      29.4       0.0       0.0       0.1
                10.0
  RCC  296       0.0       0.0      29.5       0.0       0.0       0.1
                10.0
  RCC  297       0.0       0.0      29.6       0.0       0.0       0.1
                10.0
  RCC  298       0.0       0.0      29.7       0.0       0.0       0.1
                10.0
  RCC  299       0.0       0.0      29.8       0.0       0.0       0.1
                10.0
  RCC  300       0.0       0.0      29.9       0.0       0.0       0.1
                10.0
  RCC  301       0.0       0.0       0.0       0.0       0.0      30.0
                10.0
  RCC  302       0.0       0.0     -10.0       0.0       0.0      60.0
                20.0
  END
  001          +1
  002          +2
  003          +3
  004          +4
  005          +5
  006          +6
  007          +7
  008          +8
  009          +9
  010         +10
  011         +11
  012         +12
  013         +13
  014         +14
  015         +15
  016         +16
  017         +17
  018         +18
  019         +19
  020         +20
  021         +21
  022         +22
  023         +23
  024         +24
  025         +25
  026         +26
  027         +27
  028         +28
  029         +29
  030         +30
  031         +31
  032         +32
  033         +33
  034         +34
  035         +35
  036         +36
  037         +37
  038         +38
  039         +39
  040         +40
  041         +41
  042         +42
  043         +43
  044         +44
  045         +45
  046         +46
  047         +47
  048         +48
  049         +49
  050         +50
  051         +51
  052         +52
  053         +53
  054         +54
  055         +55
  056         +56
  057         +57
  058         +58
  059         +59
  060         +60
  061         +61
  062         +62
  063         +63
  064         +64
  065         +65
  066         +66
  067         +67
  068         +68
  069         +69
  070         +70
  071         +71
  072         +72
  073         +73
  074         +74
  075         +75
  076         +76
  077         +77
  078         +78
  079         +79
  080         +80
  081         +81
  082         +82
  083         +83
  084         +84
  085         +85
  086         +86
  087         +87
  088         +88
  089         +89
  090         +90
  091         +91
  092         +92
  093         +93
  094         +94
  095         +95
  096         +96
  097         +97
  098         +98
  099         +99
  100        +100
  101        +101
  102        +102
  103        +103
  104        +104
  105        +105
  106        +106
  107        +107
  108        +108
  109        +109
  110        +110
  111        +111
  112        +112
  113        +113
  114        +114
  115        +115
  116        +116
  117        +117
  118        +118
  119        +119
  120        +120
  121        +121
  122        +122
  123        +123
  124        +124
  125        +125
  126        +126
  127        +127
  128        +128
  129        +129
  130        +130
  131        +131
  132        +132
  133        +133
  134        +134
  135        +135
  136        +136
  137        +137
  138        +138
  139        +139
  140        +140
  141        +141
  142        +142
  143        +143
  144        +144
  145        +145
  146        +146
  147        +147
  148        +148
  149        +149
  150        +150
  151        +151
  152        +152
  153        +153
  154        +154
  155        +155
  156        +156
  157        +157
  158        +158
  159        +159
  160        +160
  161        +161
  162        +162
  163        +163
  164        +164
  165        +165
  166        +166
  167        +167
  168        +168
  169        +169
  170        +170
  171        +171
  172        +172
  173        +173
  174        +174
  175        +175
  176        +176
  177        +177
  178        +178
  179        +179
  180        +180
  181        +181
  182        +182
  183        +183
  184        +184
  185        +185
  186        +186
  187        +187
  188        +188
  189        +189
  190        +190
  191        +191
  192        +192
  193        +193
  194        +194
  195        +195
  196        +196
  197        +197
  198        +198
  199        +199
  200        +200
  201        +201
  202        +202
  203        +203
  204        +204
  205        +205
  206        +206
  207        +207
  208        +208
  209        +209
  210        +210
  211        +211
  212        +212
  213        +213
  214        +214
  215        +215
  216        +216
  217        +217
  218        +218
  219        +219
  220        +220
  221        +221
  222        +222
  223        +223
  224        +224
  225        +225
  226        +226
  227        +227
  228        +228
  229        +229
  230        +230
  231        +231
  232        +232
  233        +233
  234        +234
  235        +235
  236        +236
  237        +237
  238        +238
  239        +239
  240        +240
  241        +241
  242        +242
  243        +243
  244        +244
  245        +245
  246        +246
  247        +247
  248        +248
  249        +249
  250        +250
  251        +251
  252        +252
  253        +253
  254        +254
  255        +255
  256        +256
  257        +257
  258        +258
  259        +259
  260        +260
  261        +261
  262        +262
  263        +263
  264        +264
  265        +265
  266        +266
  267        +267
  268        +268
  269        +269
  270        +270
  271        +271
  272        +272
  273        +273
  274        +274
  275        +275
  276        +276
  277        +277
  278        +278
  279        +279
  280        +280
  281        +281
  282        +282
  283        +283
  284        +284
  285        +285
  286        +286
  287        +287
  288        +288
  289        +289
  290        +290
  291        +291
  292        +292
  293        +293
  294        +294
  295        +295
  296        +296
  297        +297
  298        +298
  299        +299
  300        +300
  OUT        +302   -301
  END
    1    2    3    4    5    6    7    8    9   10   11   12   13   14
   15   16   17   18   19   20   21   22   23   24   25   26   27   28
   29   30   31   32   33   34   35   36   37   38   39   40   41   42
   43   44   45   46   47   48   49   50   51   52   53   54   55   56
   57   58   59   60   61   62   63   64   65   66   67   68   69   70
   71   72   73   74   75   76   77   78   79   80   81   82   83   84
   85   86   87   88   89   90   91   92   93   94   95   96   97   98
   99  100  101  102  103  104  105  106  107  108  109  110  111  112
  113  114  115  116  117  118  119  120  121  122  123  124  125  126
  127  128  129  130  131  132  133  134  135  136  137  138  139  140
  141  142  143  144  145  146  147  148  149  150  151  152  153  154
  155  156  157  158  159  160  161  162  163  164  165  166  167  168
  169  170  171  172  173  174  175  176  177  178  179  180  181  182
  183  184  185  186  187  188  189  190  191  192  193  194  195  196
  197  198  199  200  201  202  203  204  205  206  207  208  209  210
  211  212  213  214  215  216  217  218  219  220  221  222  223  224
  225  226  227  228  229  230  231  232  233  234  235  236  237  238
  239  240  241  242  243  244  245  246  247  248  249  250  251  252
  253  254  255  256  257  258  259  260  261  262  263  264  265  266
  267  268  269  270  271  272  273  274  275  276  277  278  279  280
  281  282  283  284  285  286  287  288  289  290  291  292  293  294
  295  296  297  298  299  300  302
    1    1    1    1    1    1    1    1    1    1    1    1    1    1
    1    1    1    1    1    1    1    1    1    1    1    1    1    1
    1    1    1    1    1    1    1    1    1    1    1    1    1    1
    1    1    1    1    1    1    1    1    1    1    1    1    1    1
    1    1    1    1    1    1    1    1    1    1    1    1    1    1
    1    1    1    1    1    1    1    1    1    1    1    1    1    1
    1    1    1    1    1    1    1    1    1    1    1    1    1    1
    1    1    1    1    1    1    1    1    1    1    1    1    1    1
    1    1    1    1    1    1    1    1    1    1    1    1    1    1
    1    1    1    1    1    1    1    1    1    1    1    1    1    1
    1    1    1    1    1    1    1    1    1    1    1    1    1    1
    1    1    1    1    1    1    1    1    1    1    1    1    1    1
    1    1    1    1    1    1    1    1    1    1    1    1    1    1
    1    1    1    1    1    1    1    1    1    1    1    1    1    1
    1    1    1    1    1    1    1    1    1    1    1    1    1    1
    1    1    1    1    1    1    1    1    1    1    1    1    1    1
    1    1    1    1    1    1    1    1    1    1    1    1    1    1
    1    1    1    1    1    1    1    1    1    1    1    1    1    1
    1    1    1    1    1    1    1    1    1    1    1    1    1    1
    1    1    1    1    1    1    1    1    1    1    1    1    1    1
    1    1    1    1    1    1    1    1    1    1    1    1    1    1
    1    1    1    1    1    1    0
